# R script for Peak Model
#  -- generated by MACS
p <- c(0.0282671575072,0.0300201595232,0.0304584100272,0.0322114120431,0.0346217898151,0.036155666579,0.038127793847,0.0407572968709,0.0431676746428,0.0444824261548,0.0457971776668,0.0479884301867,0.0493031816987,0.0506179332106,0.0521518099746,0.0536856867385,0.0550004382505,0.0567534402665,0.0578490665264,0.0596020685424,0.0593829432904,0.0589446927864,0.0576299412744,0.0582873170304,0.0580681917784,0.0574108160224,0.0578490665264,0.0580681917784,0.0563151897625,0.0569725655185,0.0565343150145,0.0569725655185,0.0571916907704,0.0582873170304,0.0593829432904,0.0582873170304,0.0591638180384,0.0598211937944,0.0600403190464,0.0591638180384,0.0578490665264,0.0589446927864,0.0578490665264,0.0571916907704,0.0565343150145,0.0558769392585,0.0560960645105,0.0545621877465,0.0541239372425,0.0552195635025,0.0558769392585,0.0556578140065,0.0558769392585,0.0554386887545,0.0539048119905,0.0519326847226,0.0512753089666,0.0525900604786,0.0536856867385,0.0543430624945,0.0541239372425,0.0556578140065,0.0558769392585,0.0563151897625,0.0576299412744,0.0574108160224,0.0580681917784,0.0574108160224,0.0571916907704,0.0569725655185,0.0567534402665,0.0571916907704,0.0567534402665,0.0565343150145,0.0569725655185,0.0580681917784,0.0589446927864,0.0565343150145,0.0576299412744,0.0578490665264,0.0576299412744,0.0578490665264,0.0569725655185,0.0574108160224,0.0580681917784,0.0571916907704,0.0558769392585,0.0565343150145,0.0571916907704,0.0567534402665,0.0574108160224,0.0582873170304,0.0582873170304,0.0576299412744,0.0591638180384,0.0576299412744,0.0580681917784,0.0569725655185,0.0569725655185,0.0578490665264,0.0569725655185,0.0569725655185,0.0558769392585,0.0552195635025,0.0550004382505,0.0552195635025,0.0556578140065,0.0558769392585,0.0563151897625,0.0563151897625,0.0578490665264,0.0571916907704,0.0565343150145,0.0578490665264,0.0576299412744,0.0567534402665,0.0567534402665,0.0580681917784,0.0591638180384,0.0591638180384,0.0591638180384,0.0589446927864,0.0589446927864,0.0589446927864,0.0582873170304,0.0585064422824,0.0576299412744,0.0578490665264,0.0571916907704,0.0582873170304,0.0574108160224,0.0582873170304,0.0580681917784,0.0576299412744,0.0582873170304,0.0571916907704,0.0569725655185,0.0558769392585,0.0558769392585,0.0558769392585,0.0560960645105,0.0567534402665,0.0563151897625,0.0563151897625,0.0556578140065,0.0554386887545,0.0541239372425,0.0547813129985,0.0552195635025,0.0547813129985,0.0541239372425,0.0547813129985,0.0536856867385,0.0523709352266,0.0536856867385,0.0543430624945,0.0550004382505,0.0547813129985,0.0556578140065,0.0556578140065,0.0556578140065,0.0560960645105,0.0567534402665,0.0560960645105,0.0565343150145,0.0558769392585,0.0552195635025,0.0550004382505,0.0552195635025,0.0554386887545,0.0545621877465,0.0552195635025,0.0563151897625,0.0574108160224,0.0591638180384,0.0604785695504,0.0611359453063,0.0613550705583,0.0613550705583,0.0620124463143,0.0620124463143,0.0617933210623,0.0617933210623,0.0615741958103,0.0609168200543,0.0606976948023,0.0615741958103,0.0613550705583,0.0622315715663,0.0628889473223,0.0615741958103,0.0613550705583,0.0606976948023,0.0615741958103,0.0613550705583,0.0617933210623,0.0617933210623,0.0615741958103,0.0624506968183,0.0628889473223,0.0633271978263,0.0626698220703,0.0626698220703,0.0624506968183,0.0620124463143,0.0624506968183,0.0615741958103,0.0611359453063,0.0609168200543,0.0600403190464,0.0593829432904,0.0598211937944,0.0593829432904,0.0585064422824,0.0596020685424,0.0593829432904,0.0600403190464,0.0598211937944,0.0613550705583,0.0611359453063,0.0620124463143,0.0635463230783,0.0624506968183,0.0626698220703,0.0635463230783,0.0639845735823,0.0642036988343,0.0655184503462,0.0659567008502,0.0659567008502,0.0661758261022,0.0661758261022,0.0666140766062,0.0666140766062,0.0666140766062,0.0661758261022,0.0663949513542,0.0659567008502,0.0659567008502,0.0670523271102,0.0679288281182,0.0668332018582,0.0674905776142,0.0674905776142,0.0670523271102,0.0668332018582,0.0663949513542,0.0652993250942,0.0644228240862,0.0639845735823,0.0631080725743,0.0622315715663,0.0622315715663,0.0611359453063,0.0611359453063,0.0617933210623,0.0611359453063,0.0609168200543,0.0622315715663,0.0613550705583,0.0611359453063,0.0604785695504,0.0600403190464,0.0582873170304,0.0580681917784,0.0578490665264,0.0580681917784,0.0574108160224,0.0571916907704,0.0587255675344,0.0578490665264,0.0574108160224,0.0567534402665,0.0576299412744,0.0576299412744,0.0571916907704,0.0565343150145,0.0567534402665,0.0571916907704,0.0569725655185,0.0578490665264,0.0591638180384,0.0604785695504,0.0604785695504,0.0609168200543,0.0624506968183,0.0622315715663,0.0646419493382,0.0646419493382,0.0650801998422,0.0637654483303,0.0635463230783,0.0644228240862,0.0648610745902,0.0657375755982,0.0670523271102,0.0672714523622,0.0685862038741,0.0692435796301,0.0707774563941,0.0699009553861,0.0701200806381,0.0703392058901,0.0705583311421,0.0712157068981,0.0712157068981,0.072092207906,0.073845209922,0.0764747129459,0.0784468402139,0.0788850907179,0.0808572179858,0.0808572179858,0.0826102200018,0.0826102200018,0.0839249715137,0.0832675957577,0.0832675957577,0.0823910947498,0.0830484705057,0.0834867210097,0.0843632220177,0.0854588482777,0.0848014725217,0.0850205977737,0.0872118502936,0.0894031028136,0.0896222280656,0.0898413533176,0.0889648523096,0.0876501007976,0.0867735997896,0.0874309755456,0.0867735997896,0.0861162240337,0.0858970987817,0.0874309755456,0.0889648523096,0.0894031028136,0.0909369795775,0.0911561048295,0.0902796038215,0.0902796038215,0.0896222280656,0.0878692260496,0.0867735997896,0.0876501007976,0.0865544745376,0.0883074765536,0.0878692260496,0.0889648523096,0.0898413533176,0.0918134805855,0.0922517310895,0.0933473573495,0.0951003593654,0.0946621088614,0.0944429836094,0.0944429836094,0.0940047331054,0.0942238583574,0.0933473573495,0.0944429836094,0.0968533613814,0.0981681128933,0.0988254886493,0.101454991673,0.104522745201,0.103427118941,0.104303619949,0.106933122973,0.108466999737,0.108247874485,0.107809623981,0.107371373477,0.107371373477,0.108686124989,0.108905250241,0.108466999737,0.110658252257,0.112411254273,0.113287755281,0.114164256289,0.114383381541,0.114383381541,0.114821632045,0.114164256289,0.113726005785,0.113506880533,0.116136383557,0.117012884565,0.116355508809,0.119423262337,0.118765886581,0.120299763345,0.120738013849,0.123586642125,0.125777894645,0.124901393637,0.124244017881,0.123805767377,0.125558769393,0.125339644141,0.124901393637,0.127969147165,0.129283898676,0.127969147165,0.127750021913,0.129283898676,0.13081777544,0.134981155228,0.134542904724,0.134762029976,0.136734157244,0.138268034008,0.136734157244,0.136953282496,0.137829783504,0.136515031992,0.137391533,0.138048908756,0.138048908756,0.139363660268,0.140459286528,0.140240161276,0.138925409764,0.139363660268,0.14177403804,0.142431413796,0.143746165308,0.143746165308,0.144841791568,0.144622666316,0.145280042072,0.146375668332,0.145718292576,0.147471294592,0.147033044088,0.147033044088,0.146594793584,0.147471294592,0.148786046104,0.150319922868,0.150758173372,0.152292050136,0.151196423876,0.15163467438,0.1538259269,0.15273030064,0.152949425892,0.154483302656,0.157770181436,0.158646682444,0.160180559208,0.161933561224,0.163467437988,0.16259093698,0.164563064248,0.166973442019,0.169602945043,0.172013322815,0.172451573319,0.174423700587,0.174861951091,0.174423700587,0.175081076343,0.175081076343,0.175519326847,0.175081076343,0.176395827855,0.176614953107,0.177710579367,0.178148829871,0.179682706635,0.181873959155,0.183846086423,0.182312209659,0.182969585415,0.184503462179,0.184503462179,0.183188710667,0.184941712683,0.183407835919,0.182969585415,0.184722587431,0.185160837935,0.186694714699,0.186256464195,0.187132965203,0.186256464195,0.187352090455,0.188885967219,0.193049347007,0.191953720747,0.191296344991,0.190200718731,0.191515470243,0.191296344991,0.191515470243,0.190419843983,0.192611096503,0.192830221755,0.193925848015,0.195459724779,0.197650977299,0.198089227803,