# R script for Peak Model
#  -- generated by MACS
p <- c(0.0364857798781,0.0373479470993,0.0382480117808,0.0392049226527,0.0401334104294,0.0412040136821,0.0420851296335,0.0430136174102,0.0438568359012,0.0448800673286,0.0458275038355,0.0469075814532,0.0477318512142,0.0487550826416,0.0499867501005,0.0509626097025,0.051862674384,0.052838533986,0.0537480730326,0.0549418430312,0.0560124462839,0.0568935622353,0.0579357423928,0.0588926532647,0.0598779872318,0.0608538468338,0.0618107577057,0.0628055660379,0.0637814256399,0.0646909646865,0.0656289268282,0.0665384658748,0.0674953767467,0.0684333388885,0.0693239292049,0.0692102368241,0.0692291855542,0.0691628649987,0.0691912880939,0.0692291855542,0.0692291855542,0.0692860317446,0.0693997241254,0.069342877935,0.0692670830145,0.0693807753953,0.0692860317446,0.0693997241254,0.0693807753953,0.0693523523001,0.0694281472206,0.0692955061097,0.0693239292049,0.0692386599193,0.0692102368241,0.0691533906337,0.0692576086494,0.0691060188083,0.0691154931734,0.0691723393638,0.0690965444433,0.069058646983,0.0691628649987,0.0691723393638,0.0691533906337,0.0693902497604,0.0694660446809,0.0692955061097,0.0692955061097,0.0691249675385,0.0692197111891,0.0693807753953,0.0694376215857,0.0694470959508,0.0696271088871,0.069617634522,0.0697881730932,0.0700534553152,0.0701481989658,0.0701103015056,0.070176622061,0.0703282119021,0.0705745453939,0.0708019301555,0.0706977121398,0.0708208788857,0.0711145842028,0.071275648409,0.0713230202343,0.0712377509487,0.071143007298,0.0713609176946,0.0713230202343,0.0716261999165,0.0717967384877,0.0718251615829,0.0719009565035,0.0719388539637,0.0718914821384,0.0719199052336,0.0720146488843,0.0719957001542,0.0722041361857,0.0722799311062,0.0724599440425,0.0724788927726,0.0724788927726,0.072668380074,0.0727915468199,0.0727347006295,0.0725167902329,0.0723367772966,0.0723083542014,0.0724883671377,0.0724409953124,0.0724883671377,0.0726210082487,0.0725357389631,0.0725167902329,0.072526264598,0.0725167902329,0.0727820724548,0.072943136661,0.0729052392007,0.0730284059466,0.0729905084863,0.0731610470576,0.0731894701528,0.0730568290418,0.0730473546767,0.0730378803117,0.0730663034069,0.0730473546767,0.0731326239624,0.0734452780096,0.0732747394384,0.0731799957877,0.0734642267397,0.0736631884062,0.0737389833267,0.0738053038822,0.0737674064219,0.0738905731678,0.0740326886438,0.0740895348343,0.074051637374,0.0740042655486,0.0738905731678,0.0741084835644,0.0742127015801,0.0743453426911,0.0742979708658,0.0742695477706,0.0740705861041,0.0739474193582,0.0740421630089,0.0738621500726,0.0737295089617,0.0737674064219,0.0735968678507,0.0737295089617,0.0738053038822,0.0738526757075,0.0738147782473,0.0737863551521,0.0739568937233,0.073909521898,0.0739284706281,0.0740611117391,0.0742790221356,0.0742032272151,0.0744306119767,0.0743832401514,0.0744969325322,0.0742884965007,0.0744116632466,0.0744495607069,0.0746674711034,0.074610624913,0.0747053685637,0.0748095865794,0.0749611764205,0.0752075099123,0.0750938175315,0.0753212022931,0.0752264586425,0.0753306766582,0.0755012152294,0.0757001768959,0.0757570230863,0.0757854461815,0.0755675357849,0.0753496253883,0.075434894674,0.0753306766582,0.0754633177692,0.0753780484835,0.0754064715788,0.0756338563404,0.0755106895945,0.0756528050705,0.0758233436418,0.0761928438794,0.0761644207842,0.0759749334829,0.0760886258637,0.076278113165,0.0761644207842,0.0760981002287,0.0762686388,0.0762686388,0.0765244466568,0.0765907672123,0.0768560494342,0.0770076392753,0.076969741815,0.0771781778465,0.0772634471321,0.0773202933226,0.0773581907828,0.0773581907828,0.0772539727671,0.0772255496719,0.0773013445924,0.0774529344335,0.0773487164178,0.0774908318938,0.0776992679253,0.077794011576,0.077936127052,0.0780024476075,0.0779171783219,0.077936127052,0.0779456014171,0.0780308707027,0.0779645501472,0.0780213963376,0.0779929732424,0.0780592937979,0.078078242528,0.0781919349088,0.0783056272897,0.0783624734801,0.0784666914958,0.0788930379239,0.078911986654,0.0789404097492,0.0788077686383,0.0790351533999,0.0791109483205,0.0790825252253,0.0794046536376,0.0794993972883,0.0797931026054,0.0797267820499,0.07974573078,0.079878371891,0.0799920642718,0.0799541668115,0.080011013002,0.0801436541129,0.0803710388746,0.0806647441917,0.0806836929218,0.0808163340328,0.0808352827629,0.0808637058581,0.0810152956992,0.0811195137149,0.0813468984766,0.0813753215718,0.0814321677622,0.0811574111752,0.081271103556,0.0814226933971,0.0815174370478,0.0815269114129,0.0816311294286,0.0818679885553,0.0818111423649,0.081953257841,0.0819911553012,0.0822848606184,0.0823606555389,0.0824080273642,0.0826448864909,0.0826922583163,0.082787001967,0.0828154250622,0.0830238610937,0.0831754509348,0.0833744126012,0.0837912846642,0.0839334001402,0.0840470925211,0.0843313234731,0.0846629262505,0.0848903110121,0.0851555932341,0.0853356061704,0.0856103627573,0.0859514398998,0.0864725299785,0.086538850534,0.0869178251368,0.0871167868032,0.0874768126758,0.0878557872785,0.0880926464052,0.0882347618813,0.0884242491826,0.0886421595792,0.0888790187059,0.0891348265627,0.0892769420388,0.0896369679114,0.0898264552127,0.090006468149,0.0901106861648,0.0903759683867,0.0908023148148,0.0908212635449,0.0908970584655,0.0909160071956,0.0910865457668,0.0914276229093,0.091806597512,0.0919676617182,0.092365585051,0.0926213929079,0.0929340469551,0.0929435213202,0.0931045855264,0.0934551370339,0.0939004321921,0.0942130862394,0.0945446890168,0.0947247019531,0.0948289199688,0.0951131509209,0.0952647407619,0.0955205486188,0.0958900488565,0.0961932285386,0.0964111389352,0.0966953698873,0.0970174982996,0.0973680498071,0.0972922548866,0.0975859602037,0.0976617551242,0.0978133449653,0.0980217809968,0.0981733708379,0.0981165246475,0.0982681144886,0.0984481274249,0.0987513071071,0.0990734355194,0.0990260636941,0.0991302817098,0.0993576664715,0.0995566281379,0.0999071796454,0.0998598078201,0.099992448931,0.100068243852,0.100077718217,0.100361949169,0.10053248774,0.100646180121,0.100646180121,0.100504064645,0.100655654486,0.100807244327,0.101148321469,0.10122411639,0.10126201385,0.101394654961,0.101593616628,0.101792578294,0.101839950119,0.102067334881,0.102152604167,0.102057860516,0.102114706706,0.102294719643,0.102342091468,0.102597899325,0.102578950595,0.102758963531,0.103024245753,0.103071617578,0.10337479726,0.103687451308,0.10406642591,0.104104323371,0.104094849006,0.104322233767,0.104530669799,0.104360131228,0.104729631465,0.104909644401,0.105108606068,0.105032811147,0.105080182973,0.105203349719,0.105402311385,0.105705491067,0.105639170512,0.105876029638,0.1061034144,0.106378170987,0.106510812098,0.106605555749,0.106652927574,0.106956107256,0.107221389478,0.107325607494,0.107477197335,0.107818274477,0.107941441223,0.107894069398,0.108036184874,0.10819724908,0.108415159477,0.108405685112,0.108595172413,0.108746762254,0.109078365032,0.109334172888,0.109353121619,0.109229954873,0.109296275428,0.109703673126,0.109864737332,0.109864737332,0.110006852808,0.109893160427,0.110130019554,0.11023423757,0.110632160903,0.11090691749,0.111172199712,0.111049032966,0.111049032966,0.111247994632,0.111532225584,0.111835405266,0.111901725822,0.112053315663,0.112337546615,0.112337546615,0.112583880107,0.112830213599,0.113095495821,0.113247085662,0.113635534629,0.11373027828,0.113976611772,0.113891342486,0.113919765581,0.114109252883,0.114289265819,0.114308214549,0.114213470899,0.114355586375,0.114772458438,0.114687189152,0.114914573914,0.115265125421,0.115369343437,0.115577779468,0.115691471849,0.116042023357,0.116288356849,0.116506267245,0.116582062166,0.116610485261,0.117036831689,0.117302113911,0.117254742086,0.117178947165,0.117197895895,0.117586344863,0.117766357799,0.117671614149,0.117889524545,0.118069537481,0.118041114386,0.118079011846,0.118476935179,0.118524307005,0.118732743036,0.119064345814,0.11926330748,0.119841243749,0.120002307955,0.120248641447,0.120277064542,0.120513923669,0.120741308431,0.121044488113,0.121243449779,0.121470834541,0.121565578192,0.12199192462,0.122134040096,