# R script for Peak Model
#  -- generated by MACS
p <- c(0.0398692629303,0.0419849087214,0.044330159482,0.0463802038531,0.0487910560336,0.0506934972101,0.0527763422912,0.054449178498,0.056597624999,0.0585164665304,0.0605501105466,0.0625837545628,0.0646665996439,0.0668314464998,0.0687174873213,0.0708495334673,0.0731783838729,0.0754580332137,0.0756548374733,0.0759664442177,0.0760648463475,0.0762944513171,0.0764420545118,0.076376453092,0.0762780509621,0.0760976470575,0.0758680420879,0.0759336435078,0.0760156452826,0.0757532396031,0.0760156452826,0.0761796488323,0.0762452502522,0.0765568569966,0.0761960491873,0.076327252027,0.0764912555767,0.0763928534469,0.0761960491873,0.0765404566416,0.076360052737,0.0765568569966,0.0764748552218,0.0769996665808,0.0769504655159,0.0772784726153,0.0770816683556,0.0771636701305,0.0769832662258,0.076868463741,0.0768520633861,0.076884864096,0.0768520633861,0.0767208605463,0.0765568569966,0.0765404566416,0.0765568569966,0.0765896577066,0.0762616506072,0.0762944513171,0.0764748552218,0.0766552591264,0.0769340651609,0.0770488676457,0.0764420545118,0.0764420545118,0.0761632484774,0.0760976470575,0.0763108516721,0.0761468481224,0.0764748552218,0.0764420545118,0.076376453092,0.0765568569966,0.076343652382,0.0759500438627,0.0759172431528,0.0759008427978,0.0758516417329,0.0759828445727,0.0758844424429,0.0756384371183,0.0759008427978,0.0758844424429,0.0762124495423,0.0767536612562,0.0770488676457,0.0770160669358,0.0770488676457,0.0767700616112,0.0769340651609,0.0766716594814,0.0766060580615,0.0765896577066,0.0769504655159,0.0769176648059,0.0765404566416,0.0761796488323,0.0761304477674,0.0759172431528,0.0765076559317,0.0767372609013,0.0766060580615,0.0766552591264,0.0766552591264,0.0764092538019,0.0765568569966,0.0769504655159,0.0770488676457,0.0769996665808,0.0773440740351,0.0775572786497,0.07742607581,0.0773112733252,0.0771636701305,0.0770488676457,0.0771800704854,0.0772784726153,0.077442476165,0.0777376825544,0.0775900793597,0.0769996665808,0.076884864096,0.0769668658708,0.0766716594814,0.0768520633861,0.0772784726153,0.0775736790047,0.0773604743901,0.0773932751,0.0773932751,0.0775408782948,0.0781312910737,0.078492098883,0.0785412999479,0.0786561024327,0.0786069013678,0.078508499238,0.0789349084672,0.0787381042075,0.0785577003029,0.0787217038526,0.0788529066923,0.0786725027877,0.0786069013678,0.0783444956883,0.0784100971081,0.0783280953333,0.0783936967532,0.0786889031426,0.0792137145016,0.079016910242,0.0791317127268,0.0793613176964,0.0794597198262,0.0792465152116,0.0794105187613,0.0798861290554,0.0800173318951,0.080082933315,0.0801813354448,0.0805257428992,0.0801321343799,0.0800337322501,0.0802305365097,0.0804929421892,0.0802961379296,0.0802305365097,0.0799189297653,0.0796401237308,0.079541721601,0.0794105187613,0.079541721601,0.0797713265706,0.0797385258607,0.0798205276355,0.0798369279905,0.0801977357998,0.0802961379296,0.0803125382846,0.0801977357998,0.0806733460939,0.080607744674,0.0805913443191,0.080624145029,0.0806569457389,0.0804765418343,0.080607744674,0.0805093425442,0.080624145029,0.0804601414793,0.0804273407694,0.0805093425442,0.0802797375746,0.0803617393495,0.0802469368647,0.0803125382846,0.0803781397045,0.0803453389945,0.0803453389945,0.0803781397045,0.08009933367,0.080082933315,0.0804437411243,0.0803945400594,0.0805585436091,0.0805585436091,0.0805585436091,0.0805093425442,0.0804109404144,0.0804437411243,0.080640545384,0.0806897464489,0.0805749439641,0.0804109404144,0.0804765418343,0.0804765418343,0.0803945400594,0.0801157340249,0.0801649350899,0.0801485347349,0.0800501326051,0.0800501326051,0.0801649350899,0.08009933367,0.0797877269256,0.0800501326051,0.0799025294103,0.0796565240858,0.0798861290554,0.0801157340249,0.0801321343799,0.0800009315402,0.0800173318951,0.08009933367,0.0803125382846,0.0802961379296,0.0803617393495,0.0804765418343,0.0803781397045,0.080640545384,0.0808209492886,0.081132556033,0.0812965595827,0.081181757098,0.0814605631324,0.0813129599377,0.0808045489337,0.0808537499986,0.0808373496436,0.080624145029,0.0804929421892,0.080607744674,0.0807389475138,0.0812145578079,0.0813949617126,0.0814769634874,0.0813293602927,0.0815917659722,0.0815917659722,0.0814933638424,0.0815261645523,0.0811981574529,0.0815917659722,0.0817885702318,0.0814769634874,0.0812309581629,0.0813949617126,0.0818869723616,0.0815917659722,0.0816573673921,0.0816245666821,0.0818377712967,0.0813621610026,0.0814769634874,0.0815261645523,0.0813785613576,0.0811981574529,0.081132556033,0.0812145578079,0.081690168102,0.0817557695219,0.0819853744914,0.0825265862054,0.0827069901101,0.0830349972095,0.0836582106983,0.0837238121182,0.0836254099884,0.0836418103433,0.0835106075036,0.0837894135381,0.0841338209924,0.0842978245421,0.0843306252521,0.0842978245421,0.0847734348362,0.0848554366111,0.0852654454853,0.0855114508098,0.0857246554244,0.085987061104,0.0862330664285,0.0861510646536,0.0863806696232,0.0867086767226,0.0869382816922,0.0868890806273,0.0868562799173,0.087561495181,0.0877254987307,0.0877418990857,0.0876762976658,0.0882339097347,0.0881683083149,0.0884635147043,0.0882011090248,0.0879223029903,0.0877582994406,0.0877911001506,0.0879551037003,0.0878731019254,0.0874958937611,0.088102706895,0.0882339097347,0.0879387033453,0.0882831107997,0.0880371054751,0.0879223029903,0.0883815129295,0.0886767193189,0.089168729968,0.0892999328077,0.0897919434568,0.089677140972,0.0895295377773,0.0895787388422,0.089693541327,0.0897755431019,0.0900051480714,0.0899231462966,0.0898411445217,0.0898739452317,0.0904315573006,0.0906119612053,0.0905955608503,0.0910547707895,0.0910875714994,0.0916451835684,0.0915959825034,0.0916943846333,0.091858388183,0.0922519967022,0.0925636034466,0.092924411256,0.0929572119659,0.0928424094811,0.0931048151606,0.0931376158706,0.0927276069963,0.0930392137407,0.0935968258097,0.0934656229699,0.0936788275845,0.0938100304243,0.0936624272296,0.0936788275845,0.0935640250998,0.093990434329,0.0940724361038,0.0942036389436,0.0944004432032,0.0942200392985,0.0941052368137,0.0938100304243,0.0935476247448,0.0935804254547,0.0938428311342,0.093990434329,0.0938100304243,0.0938592314892,0.0941708382336,0.0940232350389,0.0942364396535,0.0940888364588,0.0935968258097,0.0939248329091,0.0936788275845,0.0933672208401,0.0932196176454,0.0933508204852,0.0938428311342,0.0940888364588,0.0937280286495,0.0937116282945,0.0940560357488,0.093957633619,0.0939412332641,0.0939084325541,0.0935804254547,0.0935968258097,0.0936132261647,0.0931868169355,0.0932032172904,0.0928424094811,0.0927440073513,0.0925800038016,0.0923995998969,0.0925636034466,0.0926620055764,0.0927932084162,0.092891610546,0.0930064130308,0.0926292048665,0.0928588098361,0.0930720144507,0.0933180197752,0.0930556140957,0.092924411256,0.0929736123209,0.0932032172904,0.0937280286495,0.0937280286495,0.0936952279395,0.0939084325541,0.0939084325541,0.0934820233249,0.0929572119659,0.0925636034466,0.0920879931525,0.0925472030917,0.0921207938625,0.0922519967022,0.0922355963472,0.0922519967022,0.0926784059314,0.0928096087712,0.0928096087712,0.0928096087712,0.0927112066414,0.0926948062864,0.0921207938625,0.0922191959923,0.0924488009618,0.0927932084162,0.0929408116109,0.0931540162255,0.0932196176454,0.0927604077063,0.0931704165805,0.0926292048665,0.0925308027367,0.0921535945724,0.0920059913777,0.0924324006069,0.0922847974122,0.0921207938625,0.0919075892479,0.091841987828,0.0918911888929,0.0915631817935,0.0917435856982,0.0920715927976,0.0925472030917,0.0928588098361,0.0931540162255,0.0927112066414,0.0930228133858,0.0930884148057,0.0927768080612,0.0926620055764,0.0927604077063,0.0928424094811,0.0931540162255,0.0932524183553,0.0932852190653,0.0932852190653,0.0936296265196,0.0934656229699,0.0934984236799,0.0931540162255,0.0930884148057,0.093449222615,0.0938920321991,0.0944004432032,0.094515245688,0.0948268524324,0.0948432527874,0.0950072563371,0.0953024627265,0.095023656692,0.095056457402,0.0951548595318,0.0953680641464,0.095564868406,0.0957288719557,0.0960404787001,0.0958764751504,0.0957944733756,0.0954008648563,