# R script for Peak Model
#  -- generated by MACS
p <- c(0.02276379218,0.0232101410462,0.0232101410462,0.0236564899125,0.0241028387788,0.0241028387788,0.0245491876451,0.0254418853776,0.0263345831102,0.0267809319764,0.0272272808427,0.0285663274415,0.0299053740403,0.0307980717729,0.0312444206392,0.0321371183717,0.0334761649705,0.0334761649705,0.0334761649705,0.0343688627031,0.0357079093019,0.0361542581682,0.0370469559007,0.0370469559007,0.0379396536333,0.0388323513658,0.0388323513658,0.0397250490984,0.0397250490984,0.0401713979646,0.0415104445635,0.0392787002321,0.0388323513658,0.0388323513658,0.0388323513658,0.0379396536333,0.037493304767,0.0370469559007,0.0370469559007,0.0352615604356,0.0348152115694,0.0357079093019,0.037493304767,0.0370469559007,0.037493304767,0.0370469559007,0.037493304767,0.0370469559007,0.037493304767,0.0383860024996,0.037493304767,0.0379396536333,0.0388323513658,0.0397250490984,0.0397250490984,0.0410640956972,0.0410640956972,0.0406177468309,0.0401713979646,0.0410640956972,0.0406177468309,0.0410640956972,0.0406177468309,0.0401713979646,0.0401713979646,0.0401713979646,0.0388323513658,0.0392787002321,0.0392787002321,0.0392787002321,0.0379396536333,0.0392787002321,0.0392787002321,0.0397250490984,0.0392787002321,0.0397250490984,0.0401713979646,0.0392787002321,0.0397250490984,0.0406177468309,0.0406177468309,0.0401713979646,0.0410640956972,0.0419567934297,0.0406177468309,0.0406177468309,0.0415104445635,0.042403142296,0.042403142296,0.0432958400286,0.042403142296,0.0415104445635,0.0397250490984,0.0392787002321,0.0392787002321,0.0397250490984,0.0397250490984,0.0392787002321,0.0388323513658,0.0401713979646,0.0415104445635,0.0410640956972,0.0406177468309,0.0397250490984,0.0406177468309,0.0406177468309,0.0406177468309,0.0419567934297,0.0415104445635,0.0410640956972,0.042403142296,0.0410640956972,0.0401713979646,0.0406177468309,0.0406177468309,0.0401713979646,0.0419567934297,0.042403142296,0.0428494911623,0.0419567934297,0.0432958400286,0.0415104445635,0.0406177468309,0.0406177468309,0.0410640956972,0.0392787002321,0.0392787002321,0.0379396536333,0.037493304767,0.0361542581682,0.0366006070345,0.037493304767,0.0366006070345,0.0370469559007,0.0388323513658,0.0401713979646,0.0397250490984,0.0401713979646,0.0392787002321,0.0392787002321,0.0397250490984,0.0397250490984,0.0401713979646,0.0401713979646,0.0401713979646,0.0401713979646,0.0410640956972,0.042403142296,0.0428494911623,0.0406177468309,0.0406177468309,0.0401713979646,0.0406177468309,0.0410640956972,0.0397250490984,0.0410640956972,0.0419567934297,0.0419567934297,0.0441885377611,0.0446348866274,0.0437421888948,0.0450812354937,0.0464202820925,0.0464202820925,0.047312979825,0.047312979825,0.0464202820925,0.0459739332262,0.0464202820925,0.0482056775576,0.0486520264239,0.0490983752901,0.0499910730227,0.0508837707552,0.0499910730227,0.0504374218889,0.0508837707552,0.0517764684878,0.0517764684878,0.0526691662203,0.052222817354,0.052222817354,0.0531155150866,0.0526691662203,0.0535618639529,0.0535618639529,0.0531155150866,0.0526691662203,0.0535618639529,0.0531155150866,0.0531155150866,0.0531155150866,0.0526691662203,0.0544545616854,0.0544545616854,0.0540082128191,0.052222817354,0.0517764684878,0.0508837707552,0.0508837707552,0.0499910730227,0.0499910730227,0.0490983752901,0.0495447241564,0.0508837707552,0.0499910730227,0.0504374218889,0.0495447241564,0.0477593286913,0.0477593286913,0.0486520264239,0.0490983752901,0.0486520264239,0.0482056775576,0.0486520264239,0.0490983752901,0.0495447241564,0.0499910730227,0.0495447241564,0.0486520264239,0.0477593286913,0.0477593286913,0.047312979825,0.0482056775576,0.0495447241564,0.0499910730227,0.0499910730227,0.0499910730227,0.0517764684878,0.0526691662203,0.052222817354,0.052222817354,0.0517764684878,0.0517764684878,0.0508837707552,0.0508837707552,0.0508837707552,0.0499910730227,0.0495447241564,0.0513301196215,0.0526691662203,0.052222817354,0.0531155150866,0.0526691662203,0.0535618639529,0.0535618639529,0.0549009105517,0.0540082128191,0.055347259418,0.0557936082842,0.0571326548831,0.0589180503482,0.0611497946795,0.0624888412783,0.0624888412783,0.0638278878772,0.0633815390109,0.0633815390109,0.0647205856097,0.0656132833423,0.0656132833423,0.0638278878772,0.0638278878772,0.0642742367434,0.0629351901446,0.0624888412783,0.0620424924121,0.0620424924121,0.0629351901446,0.0629351901446,0.0633815390109,0.065166934476,0.0665059810748,0.0656132833423,0.0656132833423,0.0665059810748,0.0665059810748,0.0665059810748,0.0665059810748,0.0660596322085,0.0682913765399,0.0705231208713,0.0718621674701,0.0740939118015,0.0740939118015,0.074986609534,0.0776647027317,0.0803427959293,0.0821281913944,0.0839135868595,0.0839135868595,0.0874843777897,0.0923942153187,0.092840564185,0.0937332619175,0.0941796107838,0.0950723085163,0.0964113551152,0.0959650062489,0.0968577039814,0.097750401714,0.0981967505803,0.0981967505803,0.0964113551152,0.0973040528477,0.0964113551152,0.0981967505803,0.100428494912,0.100874843778,0.101321192644,0.103552936976,0.103106588109,0.104445634708,0.104891983574,0.105784681307,0.108462774505,0.108462774505,0.109355472237,0.110694518836,0.1138189609,0.1138189609,0.113372612034,0.117836100696,0.118728798429,0.121853240493,0.123192287092,0.125424031423,0.125870380289,0.125870380289,0.128102124621,0.127655775754,0.128102124621,0.130333868952,0.129441171219,0.129441171219,0.129441171219,0.128994822353,0.129441171219,0.128994822353,0.125870380289,0.127655775754,0.127655775754,0.124977682557,0.125424031423,0.125870380289,0.128102124621,0.127655775754,0.126763078022,0.128994822353,0.131672915551,0.132119264417,0.132565613283,0.133458311016,0.134797357615,0.135690055347,0.134351008748,0.136136404214,0.135690055347,0.135243706481,0.136136404214,0.134351008748,0.13658275308,0.137029101946,0.137475450812,0.138368148545,0.138368148545,0.138814497411,0.139707195144,0.140599892876,0.139260846277,0.141492590609,0.145509730405,0.141492590609,0.141492590609,0.14015354401,0.138814497411,0.137475450812,0.137921799679,0.13658275308,0.137029101946,0.137475450812,0.135690055347,0.133904659882,0.13301196215,0.137029101946,0.13658275308,0.136136404214,0.135690055347,0.136136404214,0.137029101946,0.134797357615,0.134351008748,0.133904659882,0.134797357615,0.133904659882,0.134797357615,0.137475450812,0.137029101946,0.137921799679,0.135690055347,0.137475450812,0.13658275308,0.136136404214,0.14015354401,0.139260846277,0.141046241743,0.139707195144,0.14372433494,0.145956079272,0.145509730405,0.14729512587,0.149080521335,0.148634172469,0.151312265667,0.153990358864,0.153544009998,0.156668452062,0.156222103196,0.156222103196,0.156222103196,0.15577575433,0.152204963399,0.153097661132,0.154436707731,0.156222103196,0.157561149795,0.158007498661,0.160239242992,0.163810033923,0.164256382789,0.164256382789,0.16648812712,0.166041778254,0.166934475986,0.164702731655,0.16648812712,0.166934475986,0.16648812712,0.166934475986,0.17005891805,0.170951615783,0.171844313515,0.173629708981,0.172737011248,0.173629708981,0.173183360114,0.171397964649,0.170951615783,0.171844313515,0.173183360114,0.170951615783,0.170951615783,0.171844313515,0.168719871452,0.169612569184,0.169166220318,0.169166220318,0.164702731655,0.165149080521,0.163363685056,0.163363685056,0.162024638457,0.161131940725,0.161131940725,0.161578289591,0.163810033923,0.162470987324,0.164702731655,0.165149080521,0.165149080521,0.16648812712,0.168273522585,0.168273522585,0.17005891805,0.167380824853,0.166934475986,0.168719871452,0.166041778254,0.166041778254,0.163810033923,0.164256382789,0.164256382789,0.165149080521,0.164702731655,0.162470987324,0.163363685056,0.163810033923,0.16648812712,0.17005891805,0.167380824853,0.168719871452,0.167827173719,0.168719871452,0.169166220318,0.169166220318,0.170951615783,0.173183360114,0.180324941975,0.180324941975,0.180771290841,0.181217639707,0.184342081771,0.18568112837,0.185234779504,0.184788430637,0.186573826102,0.188805570434,0.190590965899,0.191037314765,0.193269059097,0.191037314765,0.191037314765,