# R script for Peak Model
#  -- generated by MACS
p <- c(0.0307517241697,0.0325945241199,0.034667674064,0.036740824008,0.0391594989427,0.0420964613634,0.0445727237965,0.0465306987437,0.0492373111706,0.0515983986068,0.0536715485509,0.0559750484887,0.0562629859809,0.0560326359871,0.0560902234856,0.0555719359996,0.0552839985073,0.0553991735042,0.055111236012,0.0552839985073,0.0560326359871,0.0560902234856,0.0572419734545,0.0570116234607,0.0574147359498,0.0575299109467,0.0583361359249,0.0586816609156,0.0593151233985,0.0585088984203,0.0586816609156,0.0585664859187,0.0579906109343,0.0575874984451,0.0581633734296,0.0579906109343,0.0582785484265,0.0585088984203,0.0581633734296,0.0583937234234,0.0579330234358,0.0576450859436,0.0574147359498,0.0570116234607,0.0559750484887,0.0546505360244,0.0536715485509,0.0537867235478,0.0539594860431,0.0541322485384,0.0533836110586,0.0529229110711,0.0526349735789,0.0532684360618,0.0528077360742,0.0527501485757,0.0534411985571,0.0532108485633,0.0523470360866,0.0528077360742,0.0539594860431,0.054592948526,0.0544777735291,0.0552839985073,0.0558598734918,0.0555719359996,0.0552839985073,0.0556871109964,0.0564357484762,0.0582785484265,0.0589120109094,0.0593151233985,0.0591423609032,0.0589695984078,0.0593727108969,0.0594878858938,0.0589695984078,0.0586240734172,0.0586240734172,0.0591999484016,0.0586240734172,0.0599485858814,0.0608699858565,0.0608123983581,0.0594302983954,0.0591999484016,0.0600637608783,0.0596030608907,0.0589695984078,0.0594878858938,0.0601789358752,0.0604668733674,0.0611003358503,0.0604668733674,0.0589695984078,0.0589120109094,0.058739248414,0.0590271859063,0.0587968359125,0.0601789358752,0.0600637608783,0.0598334108845,0.0597758233861,0.0601213483767,0.0601789358752,0.058739248414,0.0585664859187,0.0581633734296,0.0586240734172,0.0588544234109,0.0587968359125,0.0597182358876,0.0602941108721,0.0601213483767,0.0602941108721,0.0598334108845,0.0593727108969,0.0594302983954,0.0598334108845,0.0594878858938,0.0592575359,0.0598334108845,0.0601789358752,0.0598334108845,0.0605244608658,0.0606972233612,0.0608123983581,0.0606396358627,0.0608123983581,0.0620793233239,0.062482435813,0.0623672608161,0.0621369108223,0.061445860841,0.0612730983456,0.0604668733674,0.0609851608534,0.061445860841,0.0612730983456,0.0616186233363,0.060927573355,0.0612730983456,0.0617913858316,0.061964148327,0.0629431358005,0.0629431358005,0.0633462482897,0.0627127858068,0.0619065608285,0.0623096733176,0.0632310732928,0.0629431358005,0.0628279608036,0.0631158982959,0.0627703733052,0.0634038357881,0.0629431358005,0.0636341857819,0.0631158982959,0.0638069482772,0.0636341857819,0.0634038357881,0.0632886607912,0.0632886607912,0.0635765982834,0.0632310732928,0.0634038357881,0.064037298271,0.0636341857819,0.0637493607788,0.0632886607912,0.0637493607788,0.0643828232617,0.0646131732554,0.065073873243,0.0651890482399,0.0656497482275,0.0648435232492,0.0644404107601,0.0647283482523,0.0651890482399,0.0656497482275,0.0660528607166,0.0653042232368,0.0654193982337,0.0661680357135,0.0663983857072,0.0662832107104,0.0665711482026,0.0667439106979,0.0672621981839,0.0670894356886,0.0673197856824,0.0674349606793,0.0678380731684,0.0681260106606,0.0685867106482,0.0687594731435,0.0680108356637,0.0692201731311,0.0697384606171,0.0707750355891,0.0716964355642,0.0712357355766,0.0719843730564,0.0716964355642,0.0723874855455,0.0726178355393,0.0730209480284,0.0726754230378,0.0730785355269,0.0735968230129,0.0741726979973,0.073999935502,0.0735392355144,0.073999935502,0.0736544105113,0.0737695855082,0.0742878729942,0.0738271730067,0.0735968230129,0.0732512980222,0.0731361230253,0.07296336053,0.0731361230253,0.0730785355269,0.0731361230253,0.0746333979849,0.0754396229631,0.0754396229631,0.0749789229756,0.0749213354771,0.0752092729693,0.0762458479414,0.0763034354398,0.0767641354274,0.0767065479289,0.0769368979227,0.0772824229134,0.0775703604056,0.0782038228885,0.0785493478792,0.0780886478916,0.0780310603932,0.0782038228885,0.0784341728823,0.0791252228636,0.0799314478419,0.079816272845,0.0798738603434,0.0792403978605,0.0780310603932,0.0767641354274,0.0767641354274,0.0769368979227,0.0778582978978,0.0782038228885,0.077627947904,0.0779158853963,0.0772248354149,0.0772824229134,0.0781462353901,0.0776855354025,0.077627947904,0.0775703604056,0.0779734728947,0.0782614103869,0.0783189978854,0.0784917603807,0.0787221103745,0.0786069353776,0.0773975979103,0.0769368979227,0.076591372932,0.0772248354149,0.0772248354149,0.0778007103994,0.0779158853963,0.0788948728698,0.0784341728823,0.0776855354025,0.0778582978978,0.0775703604056,0.0780310603932,0.0784917603807,0.077627947904,0.0782038228885,0.0780886478916,0.0786645228761,0.0792403978605,0.0794707478543,0.0807376728201,0.0812559603061,0.0814287228014,0.0827532352657,0.0833866977486,0.0835594602439,0.0841929227268,0.0851143227019,0.0862084851724,0.0863236601693,0.0871874726459,0.0864388351662,0.0867267726584,0.0867843601568,0.0873602351413,0.0875905851351,0.0879936976242,0.0884543976117,0.0894333850853,0.0904699600573,0.0914489475309,0.0915641225278,0.0902396100635,0.0905851350542,0.0915641225278,0.0904699600573,0.0907578975495,0.0900092600697,0.0900092600697,0.090815485048,0.0914489475309,0.0907578975495,0.0901820225651,0.0912761850355,0.091333772534,0.0927734599951,0.0930613974873,0.0942707349547,0.0945586724469,0.0955952474189,0.0961135349049,0.0964014723972,0.0963438848987,0.0967469973878,0.0965166473941,0.0978411598583,0.0993384348179,0.0991656723225,0.0983594473443,0.0998567223039,0.100259834793,0.100490184787,0.100835709777,0.100950884774,0.100490184787,0.101757109753,0.102102634743,0.101929872248,0.102045047245,0.101526759759,0.101238822267,0.10037500979,0.100087072298,0.100835709777,0.101008472273,0.100317422291,0.100087072298,0.0993384348179,0.100029484799,0.0988777348303,0.0980715098521,0.0982442723474,0.0985322098396,0.0987625598334,0.0988201473319,0.0991080848241,0.0991656723225,0.0995687848116,0.0996839598085,0.0989929098272,0.0997991348054,0.0990504973256,0.0989353223287,0.0996839598085,0.101066059771,0.101757109753,0.102563334731,0.102275397239,0.102390572235,0.1037150847,0.104521309678,0.10480924717,0.104924422167,0.105730647145,0.106479284625,0.107515859597,0.106882397114,0.107688622092,0.108034147083,0.107285509603,0.109013134557,0.109185897052,0.110395234519,0.111143871999,0.110567997015,0.112007684476,0.112065271974,0.11183492198,0.111143871999,0.11258355946,0.112929084451,0.111892509479,0.112180446971,0.112698734457,0.112641146959,0.113562546934,0.113504959435,0.11442635941,0.115290171887,0.115059821893,0.116096396865,0.115462934383,0.115578109379,0.116614684351,0.115866046872,0.116096396865,0.115232584389,0.115002234395,0.115693284376,0.115462934383,0.116038809367,0.116557096853,0.116153984364,0.115578109379,0.114887059398,0.116096396865,0.117305734333,0.116902621844,0.117017796841,0.117132971837,0.117132971837,0.116326746859,0.116614684351,0.116902621844,0.117075384339,0.118399896803,0.11926370928,0.12035787175,0.121164096729,0.12110650923,0.122085496704,0.123870709155,0.124561759137,0.125252809118,0.126059034096,0.126174209093,0.128362534034,0.129341521508,0.130320508981,0.131587433947,0.130781208969,0.13147225895,0.132508833922,0.132796771414,0.133833346386,0.135215446349,0.135388208845,0.136424783817,0.137346183792,0.137173421296,0.137749296281,0.139361746237,0.139476921234,0.139937621222,0.141262133686,0.141434896181,0.143047346138,0.14333528363,0.14408392111,0.145120496082,0.145466021072,0.145408433574,0.146041896057,0.146272246051,0.146329833549,0.146790533537,0.146905708534,0.147999871004,0.148863683481,0.147827108509,0.147539171016,0.147654346013,0.14776952101,0.147884696007,0.147711933512,0.14667535854,0.147654346013,0.148690920985,0.149094033474,0.148748508484,0.148057458502,0.148806095982,0.14961232096,0.149900258453,0.150188195945,0.150418545939,0.150706483431,0.149439558465,0.150764070929,0.151627883406,0.152837220873,0.153067570867,0.153355508359,0.155486245802,0.156753170768,0.156925933263,0.157444220749,