# R script for Peak Model
#  -- generated by MACS
p <- c(0.0209293216063,0.0219496571424,0.0230944238414,0.0243636217034,0.025533274635,0.0264540652408,0.0275739457072,0.0286689399411,0.0300874551986,0.0311575631998,0.0323272161315,0.0337706176215,0.0349153843206,0.0360103785544,0.0370804865557,0.0382750257199,0.0397433134426,0.0410125113046,0.0410622837697,0.0410373975372,0.0409129663742,0.0411369424675,0.0413111460956,0.0417590982822,0.0416595533519,0.0412116011653,0.0410125113046,0.0413111460956,0.0414355772586,0.0416097808867,0.0416844395844,0.0417342120496,0.0412364873979,0.0413111460956,0.0412364873979,0.0408880801416,0.0410373975372,0.0412116011653,0.041410691026,0.0414853497237,0.0413609185608,0.0416595533519,0.0418835294451,0.0421075055384,0.0416844395844,0.0417590982822,0.0421075055384,0.0417839845148,0.0419830743755,0.0420328468407,0.0421075055384,0.0420577330733,0.0418088707474,0.041286259863,0.0411867149327,0.041286259863,0.0410125113046,0.0409627388394,0.0412116011653,0.0411120562349,0.0409627388394,0.041410691026,0.0417342120496,0.0415600084215,0.0416097808867,0.0414853497237,0.0413111460956,0.0412613736304,0.0419830743755,0.0416844395844,0.0421075055384,0.0422070504688,0.0422070504688,0.0423812540969,0.0422070504688,0.0422070504688,0.0423812540969,0.0424061403295,0.042256822934,0.04183375698,0.0421572780036,0.042555457725,0.0421821642362,0.042132391771,0.042132391771,0.0420328468407,0.0420577330733,0.0422817091665,0.0425305714924,0.0428043200509,0.0431527273071,0.0435260207959,0.0437251106566,0.0440735179129,0.0440735179129,0.0439739729825,0.044123290378,0.0442228353084,0.0440486316803,0.0438495418196,0.0440237454477,0.0442974940062,0.0446459012624,0.044969422286,0.0447952186579,0.045093853449,0.0450191947512,0.0453676020074,0.0450689672164,0.044969422286,0.045093853449,0.0454173744726,0.0457657817288,0.0458404404266,0.0456911230311,0.0460644165199,0.0460893027525,0.0457906679614,0.0460893027525,0.0461390752176,0.0462137339154,0.0465621411716,0.0468607759627,0.0468358897301,0.0468856621953,0.0471594107537,0.0476571354055,0.0477317941033,0.0484286086157,0.0482792912202,0.048229518755,0.0485779260112,0.0487770158719,0.0485281535461,0.0489014470349,0.0491005368956,0.0493991716866,0.0496480340125,0.0494240579192,0.0496729202451,0.0498222376406,0.0500959861991,0.0502950760598,0.0503199622924,0.0502453035946,0.0502950760598,0.0504692796879,0.0503946209901,0.0501955311294,0.0501457586643,0.0505439383857,0.0503697347576,0.0505937108508,0.0508176869441,0.050643483316,0.0509172318745,0.0509172318745,0.0506185970834,0.0504195072227,0.0506185970834,0.0508176869441,0.0512158666655,0.0508674594093,0.0505439383857,0.0500959861991,0.0502701898272,0.0502453035946,0.0501208724317,0.0503697347576,0.0504195072227,0.0503697347576,0.0506185970834,0.0503946209901,0.0501955311294,0.0505937108508,0.0501457586643,0.0503199622924,0.0504941659205,0.0508674594093,0.0509918905722,0.0515642739218,0.051912681178,0.0518131362476,0.0517135913173,0.0515642739218,0.0518131362476,0.0518629087128,0.0519624536432,0.0522859746668,0.0524352920623,0.0526094956905,0.0525846094579,0.052758813086,0.0531072203422,0.053480513831,0.0536298312265,0.0534058551333,0.0534058551333,0.0538538073198,0.0542022145761,0.0543764182042,0.0542519870412,0.0543017595064,0.0542271008087,0.0540777834131,0.0544261906694,0.0546750529952,0.0547248254604,0.0550981189492,0.0550981189492,0.0547248254604,0.0550981189492,0.0551478914144,0.0549736877863,0.0547745979256,0.055048346484,0.0553718675077,0.0557451609965,0.0561931131831,0.0564917479741,0.0569397001607,0.0568899276955,0.0567406103,0.0570641313237,0.0568152689978,0.056865041463,0.0569894726259,0.0573627661147,0.0576116284406,0.0577858320687,0.0579102632316,0.0576365146732,0.0579102632316,0.0578356045339,0.0579600356968,0.0579102632316,0.0582337842553,0.0588808263026,0.0593785509543,0.0596522995128,0.0598016169083,0.0596274132802,0.0592292335588,0.0595029821173,0.0594283234195,0.0600753654668,0.0604984314208,0.0608219524444,0.0609961560725,0.0611703597006,0.0614689944917,0.0613694495613,0.0616183118872,0.0611703597006,0.0610957010029,0.061145473468,0.0610957010029,0.0613694495613,0.0618920604457,0.0618920604457,0.0619418329108,0.062116036539,0.0624395575626,0.06241467133,0.0624644437952,0.0630119409121,0.063683869192,0.0640820489134,0.0642811387741,0.0644304561696,0.0644304561696,0.0645548873326,0.0649779532866,0.064828635891,0.0650526119843,0.0652765880776,0.0657494264968,0.0661476062182,0.0673919178476,0.0674914627779,0.0676407801734,0.0681633910578,0.0685366845466,0.0688353193376,0.0692583852916,0.0698556548737,0.0701045171996,0.0703533795255,0.0706022418514,0.0711995114335,0.0716972360852,0.0719958708763,0.0724438230629,0.0726677991562,0.0729415477146,0.0735885897619,0.0742356318092,0.0743849492047,0.0748080151587,0.0752310811127,0.075330626043,0.0755297159037,0.0754301709734,0.075753691997,0.0762016441836,0.0767989137657,0.077022889859,0.0777943630692,0.0777943630692,0.0783418601862,0.0787400399076,0.0792875370245,0.07943685442,0.0803078725606,0.0805069624213,0.0812286631663,0.0820001363766,0.0815272979574,0.0817761602833,0.0818757052136,0.0819503639114,0.082273884935,0.0825725197261,0.0830453581452,0.0831946755408,0.0831946755408,0.0833439929363,0.0833688791689,0.0839910349836,0.084812280659,0.0854842089388,0.0857330712647,0.0861810234513,0.0867036343356,0.0865543169401,0.0869773828941,0.0882465807561,0.0886447604775,0.0890678264315,0.0893664612225,0.0900135032698,0.0900881619676,0.0904614554564,0.0909591801081,0.091332473597,0.0919297431791,0.0922532642027,0.0925021265286,0.0929749649477,0.0930993961107,0.0929251924826,0.0930745098781,0.093622006995,0.0946672287637,0.0949907497873,0.0956875642998,0.0961355164864,0.0965088099752,0.0971060795573,0.0980766426282,0.0984250498845,0.0993209542576,0.0993956129554,0.0999679963049,0.100142199933,0.100341289794,0.100615038352,0.101635373888,0.102406847098,0.103228092774,0.103974679752,0.104472404403,0.104447518171,0.104895470357,0.104970129055,0.10559228487,0.105890919661,0.106488189243,0.10703568636,0.106911255197,0.107483638546,0.107682728407,0.108180453059,0.108951926269,0.109325219758,0.109623854549,0.110519758922,0.111191687202,0.1112663459,0.111788956784,0.112336453901,0.112684861157,0.113058154646,0.113157699576,0.113555879298,0.113182585809,0.113680310461,0.113879400321,0.114650873532,0.115347688044,0.116044502557,0.116616885906,0.117089724325,0.117537676512,0.117388359116,0.118010514931,0.118209604792,0.11915528163,0.119901868608,0.120076072236,0.120772886748,0.121569246191,0.121892767215,0.122589581727,0.123460599868,0.124630252799,0.125451498475,0.125899450661,0.126023881824,0.126247857918,0.12694467243,0.127442397082,0.12761660071,0.128014780431,0.128213870292,0.129184433363,0.130528289923,0.130876697179,0.132320098669,0.133066685647,0.13396259002,0.135157129184,0.135754398766,0.13627700965,0.137446662582,0.138541656816,0.138939836537,0.1390642677,0.139910399608,0.139910399608,0.140880962679,0.141403573563,0.142697657658,0.14386731059,0.14453923887,0.146107071523,0.147475814315,0.148396604921,0.14896898827,0.1502132999,0.150935000645,0.151731360087,0.152403288367,0.153846689857,0.155439408743,0.156061564558,0.157156558791,0.158375984188,0.159620295818,0.160391769028,0.161586308192,0.161611194425,0.162133805309,0.163278572008,0.163701637962,0.164597542335,0.165742309034,0.166638213407,0.167957183735,0.168902860573,0.169475243922,0.1702218309,0.171466142529,0.173208178811,0.174726238998,0.176294071651,0.177115317327,0.17791167677,0.178633377515,0.178708036212,0.179703485516,0.180076779005,0.180201210168,0.180723821052,0.181993018914,0.183162671846,0.184083462451,0.184979366825,0.185925043663,0.186621858175,0.187094696595,0.188189690828,0.188637643015,0.18935934376,0.189881954644,0.1913751286,0.192569667764,0.193838865626,0.195282267116,0.196850099769,0.197571800514,0.199015202004,0.199313836795,0.200558148424,0.202026436147,0.203818244893,0.204888352895,0.205435850012,0.207128113828,