# R script for Peak Model
#  -- generated by MACS
p <- c(0.0263283060609,0.027704949515,0.0291504251419,0.030320572078,0.0316972155321,0.03266086595,0.0339686772315,0.0352764885129,0.0367907963125,0.0378576949895,0.0391999223573,0.0409551427614,0.0420220414383,0.0433642688062,0.0446720800876,0.04587664311,0.0473221187369,0.0486643461047,0.0488020104501,0.0490773391409,0.0488020104501,0.0486299300183,0.0482857691548,0.0482857691548,0.048113688723,0.0483890174139,0.0482857691548,0.0482513530684,0.0482169369821,0.0482169369821,0.0486299300183,0.0486643461047,0.0483890174139,0.0484578495866,0.0485266817593,0.0484922656729,0.0485610978456,0.0485610978456,0.0483546013275,0.0484922656729,0.0485266817593,0.0488708426228,0.0494559160908,0.0495591643499,0.0491461713136,0.0493526678318,0.0494559160908,0.0490773391409,0.0494215000045,0.0494215000045,0.0494215000045,0.0495935804362,0.0493870839181,0.0494559160908,0.0495935804362,0.0500065734725,0.0503163182497,0.0502819021633,0.0503163182497,0.0503851504224,0.0504539825951,0.0502130699906,0.0501786539043,0.0501442378179,0.0505916469405,0.0506948951996,0.0504883986815,0.050350734336,0.0510046399768,0.0509358078041,0.0507981434586,0.0506604791132,0.0506604791132,0.0507637273723,0.0507981434586,0.0510046399768,0.0512111364949,0.0515552973584,0.0512455525812,0.0515208812721,0.0520371225674,0.0525877799491,0.0525533638627,0.0523124512582,0.0521403708264,0.0528975247262,0.0533793499352,0.0532761016761,0.0533793499352,0.0532072695034,0.0533793499352,0.0531040212444,0.0530007729853,0.0533105177625,0.053069605158,0.0531384373307,0.0532416855898,0.0534481821079,0.053654678626,0.0536890947124,0.0537579268851,0.0538955912305,0.0539644234032,0.0538955912305,0.0534481821079,0.0535858464533,0.053551430367,0.0536202625397,0.0536202625397,0.0536890947124,0.0533793499352,0.0529319408126,0.0526566121218,0.0525189477763,0.0523124512582,0.0526221960354,0.0525189477763,0.0521747869128,0.0522092029992,0.0522092029992,0.053069605158,0.0525533638627,0.0523124512582,0.0522436190855,0.0523812834309,0.0525877799491,0.0521059547401,0.0519338743083,0.0518306260493,0.0516585456175,0.052002706481,0.0524501156036,0.0525533638627,0.0524501156036,0.0520715386537,0.052002706481,0.0517962099629,0.0517273777902,0.0521403708264,0.0527254442945,0.0528975247262,0.0526910282081,0.0526221960354,0.0530351890717,0.0534481821079,0.0533449338488,0.0539300073169,0.0543774164395,0.0539644234032,0.0537235107987,0.0538611751442,0.053551430367,0.0538611751442,0.0537579268851,0.0533449338488,0.0535858464533,0.0528975247262,0.0531384373307,0.0533105177625,0.0533449338488,0.0534481821079,0.0534481821079,0.0543085842668,0.0548592416484,0.0546871612166,0.0546183290439,0.0544118325258,0.0544462486122,0.054721577303,0.0550313220802,0.0551689864256,0.0553754829437,0.0555819794619,0.0556852277209,0.0554787312028,0.0554443151164,0.055891724239,0.056373549448,0.0563391333616,0.0565112137934,0.0559949724981,0.0563047172753,0.0564767977071,0.0566488781388,0.0576125285567,0.0580599376794,0.0583008502838,0.0583696824565,0.0582320181111,0.0587826754928,0.0595742454789,0.0596430776516,0.0595398293926,0.0594021650472,0.059195668529,0.0597463259107,0.0594021650472,0.0595742454789,0.059195668529,0.0589547559246,0.0590580041836,0.0592989167881,0.05909242027,0.0590580041836,0.058610595061,0.0584729307156,0.0588515076655,0.0586450111474,0.058507346802,0.0584729307156,0.0585417628883,0.0588170915791,0.0585761789747,0.0582320181111,0.0585761789747,0.0583696824565,0.0584729307156,0.0585417628883,0.0586794272337,0.0591268363563,0.0589203398382,0.0587482594064,0.0591268363563,0.0588170915791,0.0591268363563,0.0588515076655,0.058610595061,0.0588170915791,0.0592989167881,0.0594709972199,0.0600216546015,0.060262567206,0.0612606337103,0.0617768750056,0.0618801232647,0.0620866197828,0.0624307806463,0.0626372771644,0.0634288471506,0.0633600149779,0.0629470219416,0.0628437736826,0.0631879345461,0.0639106723595,0.0635320954097,0.0638418401868,0.0642204171367,0.0640827527913,0.0644613297412,0.0647022423457,0.0647022423457,0.0650808192956,0.0655626445045,0.0660788857999,0.0659412214544,0.0657347249363,0.0659068053681,0.0663542144907,0.0656658927636,0.0658723892817,0.0649087388638,0.0656658927636,0.066285382318,0.0668016236133,0.0672834488222,0.0673178649086,0.067352280995,0.0671457844768,0.0670769523041,0.0673178649086,0.0673866970813,0.067352280995,0.0673866970813,0.0676620257721,0.0676964418585,0.0678685222903,0.0688665887945,0.0693828300898,0.0695204944353,0.0698646552988,0.0702432322487,0.0707250574577,0.0706218091986,0.0704841448532,0.0708283057167,0.071241298753,0.07192962048,0.0719640365664,0.0722049491709,0.07192962048,0.0726867743798,0.0733406800206,0.0739945856613,0.0741322500067,0.0755088934609,0.0767134564833,0.077849187333,0.0775738586421,0.0781245160238,0.0779180195057,0.0781933481965,0.0785030929737,0.0788128377509,0.0792258307871,0.0796388238234,0.0798453203415,0.0803615616368,0.0807057225003,0.0813596281411,0.0813940442274,0.08184145335,0.0820479498682,0.0823576946453,0.0828739359407,0.0835278415814,0.0837343380995,0.0843194115675,0.0846291563447,0.0850077332946,0.0857648871944,0.0867629536987,0.0870382823895,0.0874168593394,0.0878986845483,0.089034415398,0.089516240607,0.0899980658159,0.0901357301614,0.0907552197157,0.0910305484066,0.0904798910249,0.0907208036294,0.0917188701337,0.0923727757744,0.0928546009833,0.0932331779332,0.0933708422786,0.0939559157467,0.0936461709695,0.093405258365,0.0931643457605,0.0933020101059,0.0938182514013,0.0944033248693,0.0945409892147,0.0954702235462,0.0959176326689,0.0964682900505,0.0972254439503,0.0980170139365,0.097879349591,0.0978105174183,0.0983267587136,0.0982923426273,0.0987397517499,0.0990839126134,0.0988774160953,0.0993248252179,0.0998754825996,0.100254059549,0.0998754825996,0.100288475636,0.100254059549,0.100632636499,0.100116395204,0.100770300845,0.101768367349,0.102215776472,0.102078112126,0.102697601681,0.10204369604,0.103110594717,0.103661252099,0.103661252099,0.104762566862,0.105829465539,0.106208042489,0.106242458575,0.106999612475,0.107034028561,0.107928846806,0.108617168534,0.108410672015,0.108892497224,0.108582752447,0.10827300767,0.108754832879,0.10940873852,0.110200308506,0.111060710665,0.111473703701,0.11233410586,0.11233410586,0.112678266723,0.112575018464,0.113194508019,0.114054910177,0.114433487127,0.114433487127,0.114399071041,0.114846480164,0.115362721459,0.115741298409,0.1152594732,0.11563805015,0.115913378841,0.116085459272,0.115672466236,0.11563805015,0.116051043186,0.116188707531,0.116429620136,0.116739364913,0.117565350986,0.117875095763,0.118804330094,0.119010826612,0.119079658785,0.11997447703,0.120146557462,0.120869295276,0.121626449175,0.122590099593,0.122796596111,0.123209589148,0.123760246529,0.124655064775,0.124827145206,0.125894043883,0.12658236561,0.126995358647,0.127477183856,0.127821344719,0.128406418187,0.129645397296,0.130333719023,0.131572698132,0.131848026823,0.132501932463,0.133844159831,0.134360401126,0.135048722853,0.136356534135,0.137389016726,0.137698761503,0.138868908439,0.139832558857,0.140486464497,0.141794275779,0.142207268815,0.142310517074,0.142826758369,0.143342999665,0.143755992701,0.144754059205,0.145580045278,0.146165118746,0.146612527868,0.1467846083,0.148230083927,0.148883989568,0.149985304331,0.150398297367,0.150776874317,0.151430779958,0.151637276476,0.15263534298,0.153461329053,0.153839906003,0.154493811644,0.15593928727,0.157419178984,0.158141916797,0.159552976338,0.160723123274,0.161204948483,0.161549109346,0.162099766728,0.162891336714,0.1636829067,0.165713455795,0.16660827404,0.167503092285,0.168673239221,0.168810903567,0.169568057467,0.17066937223,0.170841452662,0.17180510308,0.172596673066,0.172940833929,0.173353826966,0.17473047042,0.175556456492,0.176761019515,0.177621421673,0.178309743401,0.178653904264,0.178860400782,0.180237044236,0.18171693595,0.182715002454,0.183713068958,0.184435806772,0.185950114571,0.186604020212,0.186087778917,0.185365041103,0.18567478588,