# R script for Peak Model
#  -- generated by MACS
p <- c(0.0296658814278,0.0310701835072,0.0317723345469,0.0326500233465,0.033878787666,0.0361607785451,0.0380916939043,0.0400226092635,0.0414269113429,0.0430067511822,0.0445865910216,0.0466930441407,0.0486239594999,0.0498527238194,0.0516081014187,0.0526613279783,0.0530124034981,0.0540656300577,0.0535390167779,0.0544167055775,0.053363479018,0.053187941258,0.0535390167779,0.053187941258,0.0521347146985,0.0523102524584,0.0521347146985,0.0507304126191,0.0519591769386,0.0524857902183,0.0537145545378,0.0540656300577,0.0547677810974,0.0540656300577,0.0523102524584,0.0524857902183,0.0526613279783,0.0524857902183,0.053187941258,0.0542411678176,0.0540656300577,0.0540656300577,0.0540656300577,0.0538900922978,0.0542411678176,0.0549433188573,0.0549433188573,0.0538900922978,0.0542411678176,0.0545922433375,0.0544167055775,0.055645469897,0.0575763852562,0.0582785362959,0.0582785362959,0.0566986964566,0.0588051495757,0.0588051495757,0.0584540740559,0.058102998536,0.058102998536,0.0593317628555,0.0596828383754,0.0596828383754,0.0584540740559,0.0579274607761,0.058102998536,0.0579274607761,0.058102998536,0.0584540740559,0.0596828383754,0.0598583761353,0.060560527175,0.0609116026949,0.0609116026949,0.0600339138952,0.0607360649349,0.0607360649349,0.0602094516551,0.0602094516551,0.0600339138952,0.0600339138952,0.0591562250956,0.0593317628555,0.0589806873357,0.0591562250956,0.0598583761353,0.0588051495757,0.0574008474963,0.0559965454169,0.0572253097364,0.0591562250956,0.058102998536,0.0584540740559,0.0582785362959,0.0586296118158,0.0591562250956,0.058102998536,0.0577519230162,0.058102998536,0.058102998536,0.058102998536,0.0579274607761,0.0570497719764,0.0566986964566,0.0575763852562,0.0577519230162,0.0575763852562,0.0570497719764,0.0570497719764,0.0579274607761,0.0593317628555,0.0584540740559,0.0584540740559,0.058102998536,0.0574008474963,0.058102998536,0.0575763852562,0.0588051495757,0.0600339138952,0.0602094516551,0.0603849894151,0.0602094516551,0.0612626782147,0.0624914425342,0.0649489711732,0.0637202068537,0.0624914425342,0.0628425180541,0.0624914425342,0.0621403670143,0.0621403670143,0.0617892914945,0.0621403670143,0.0617892914945,0.0619648292544,0.0628425180541,0.0635446690938,0.0631935935739,0.0633691313338,0.0640712823736,0.0635446690938,0.0626669802941,0.0628425180541,0.0635446690938,0.0633691313338,0.0623159047743,0.0607360649349,0.0616137537346,0.0609116026949,0.0616137537346,0.0624914425342,0.0619648292544,0.0612626782147,0.0602094516551,0.0586296118158,0.0577519230162,0.0575763852562,0.0574008474963,0.0559965454169,0.0554699321371,0.0538900922978,0.053187941258,0.0535390167779,0.0540656300577,0.0544167055775,0.0544167055775,0.0545922433375,0.0549433188573,0.0545922433375,0.0547677810974,0.0547677810974,0.0540656300577,0.0542411678176,0.0542411678176,0.0552943943772,0.0544167055775,0.0545922433375,0.0551188566172,0.0559965454169,0.055645469897,0.0552943943772,0.0568742342165,0.0572253097364,0.0582785362959,0.0582785362959,0.0579274607761,0.058102998536,0.0584540740559,0.058102998536,0.0588051495757,0.0588051495757,0.0593317628555,0.0591562250956,0.0595073006154,0.0598583761353,0.0595073006154,0.0602094516551,0.0612626782147,0.0607360649349,0.0609116026949,0.0612626782147,0.0616137537346,0.0610871404548,0.060560527175,0.0614382159746,0.063018055814,0.0624914425342,0.0624914425342,0.0616137537346,0.0619648292544,0.0614382159746,0.0614382159746,0.0602094516551,0.0596828383754,0.0591562250956,0.0591562250956,0.0593317628555,0.0588051495757,0.0593317628555,0.0584540740559,0.0579274607761,0.0586296118158,0.0577519230162,0.0579274607761,0.0586296118158,0.0588051495757,0.0586296118158,0.0584540740559,0.0574008474963,0.0570497719764,0.0572253097364,0.0570497719764,0.0554699321371,0.0552943943772,0.0559965454169,0.0538900922978,0.0530124034981,0.0521347146985,0.0526613279783,0.053363479018,0.0526613279783,0.0505548748591,0.0512570258988,0.0521347146985,0.0514325636588,0.050905950379,0.0512570258988,0.0514325636588,0.0516081014187,0.0519591769386,0.053187941258,0.0530124034981,0.0537145545378,0.0528368657382,0.0524857902183,0.0528368657382,0.0538900922978,0.0540656300577,0.0544167055775,0.053363479018,0.0535390167779,0.0528368657382,0.0537145545378,0.0540656300577,0.0544167055775,0.0540656300577,0.0549433188573,0.055645469897,0.0574008474963,0.0584540740559,0.0588051495757,0.0609116026949,0.0616137537346,0.0631935935739,0.0638957446136,0.0635446690938,0.063018055814,0.0645978956533,0.0638957446136,0.0649489711732,0.0665288110125,0.0682841886118,0.0684597263717,0.0696884906912,0.0700395662111,0.0696884906912,0.067933113092,0.0688108018916,0.0684597263717,0.0691618774114,0.0691618774114,0.0684597263717,0.0689863396515,0.0696884906912,0.0712683305306,0.0731992458898,0.0740769346894,0.0756567745288,0.0763589255685,0.0768855388483,0.0782898409277,0.0793430674872,0.080045218527,0.080045218527,0.079869680767,0.079869680767,0.0796941430071,0.0802207562869,0.0809229073266,0.0816250583663,0.0819761338862,0.0828538226858,0.0844336625251,0.0851358135649,0.0863645778843,0.0853113513248,0.0853113513248,0.0853113513248,0.0854868890847,0.0853113513248,0.0870667289241,0.0877688799638,0.0882954932436,0.0884710310035,0.0889976442833,0.0893487198031,0.0904019463627,0.0925083994818,0.0925083994818,0.0904019463627,0.089524257563,0.0888221065233,0.0898753330829,0.089699795323,0.0905774841226,0.0904019463627,0.0904019463627,0.0914551729222,0.0912796351623,0.092157323962,0.0932105505215,0.0933860882815,0.0937371638013,0.0935616260414,0.0937371638013,0.0926839372417,0.0940882393212,0.0946148526009,0.0942637770811,0.0946148526009,0.0939127015612,0.094439314841,0.0939127015612,0.0949659281208,0.0958436169204,0.0960191546804,0.0953170036407,0.0956680791605,0.0965457679601,0.0977745322796,0.0979500700396,0.0977745322796,0.0986522210793,0.0990032965991,0.100934211958,0.103391740597,0.103742816117,0.104796042677,0.103918353877,0.104971580437,0.105498193716,0.107253571316,0.108482335635,0.107955722355,0.108306797875,0.107604646836,0.108482335635,0.108833411155,0.111115402034,0.111993090834,0.112168628594,0.114275081713,0.114099543953,0.113924006193,0.114977232753,0.115328308272,0.116732610352,0.116557072592,0.117259223632,0.115328308272,0.115679383792,0.116205997072,0.116908148112,0.116732610352,0.117610299151,0.116732610352,0.116732610352,0.116908148112,0.115679383792,0.115854921552,0.114450619473,0.116205997072,0.116557072592,0.115679383792,0.116557072592,0.116908148112,0.116030459312,0.115679383792,0.115854921552,0.115328308272,0.115328308272,0.117785836911,0.116908148112,0.119014601231,0.118312450191,0.119014601231,0.118487987951,0.117785836911,0.117259223632,0.117259223632,0.118839063471,0.118136912431,0.118663525711,0.119014601231,0.119892290031,0.12147212987,0.12129659211,0.12199874315,0.12199874315,0.124105196269,0.124105196269,0.124631809549,0.126738262668,0.128493640267,0.131653319946,0.132706546505,0.133584235305,0.132355470985,0.134110848585,0.135515150664,0.137797141543,0.136919452743,0.137797141543,0.137270528263,0.136919452743,0.137446066023,0.138850368103,0.139552519142,0.138850368103,0.138148217063,0.139903594662,0.140781283462,0.143589887621,0.1449941897,0.14534526522,0.149207095938,0.147978331619,0.149909246978,0.151489086817,0.154473228736,0.156930757375,0.157632908415,0.158335059455,0.158510597215,0.160265974814,0.160792588094,0.162372427933,0.163425654493,0.163952267772,0.165532107612,0.164478881052,0.164829956572,0.165707645372,0.166058720891,0.166234258651,0.166936409691,0.166760871931,0.168165174011,0.17044716489,0.172904693529,0.175362222168,0.178170826326,0.178346364086,0.180277279446,0.184490185684,0.186245563283,0.187649865363,0.187123252083,0.186421101043,0.186947714323,0.190634007281,0.189580780722,0.191336158321,0.19309153592,0.195373526799,0.195197989039,0.19432030024,0.195549064559,0.196953366639,0.198357668718,0.199761970798,0.200288584077,0.201692886157,0.202746112716,0.204325952556,0.202570574956,0.204150414796,