# R script for Peak Model
#  -- generated by MACS
p <- c(0.0316670526089,0.0383963012883,0.04472971181,0.0496776887802,0.0568027756172,0.0540319085139,0.0538339894351,0.0530423131199,0.0530423131199,0.0540319085139,0.0564069374596,0.0556152611443,0.0546256657503,0.0552194229867,0.0528443940411,0.0554173420655,0.0601673999569,0.0627403479813,0.0607611571933,0.0601673999569,0.0587819664052,0.0587819664052,0.0571986137748,0.0564069374596,0.0577923710112,0.0556152611443,0.0546256657503,0.0542298275927,0.0538339894351,0.0524485558834,0.0522506368046,0.0500735269378,0.0514589604894,0.0526464749622,0.0532402321987,0.0548235848291,0.0536360703563,0.0524485558834,0.0540319085139,0.0546256657503,0.0554173420655,0.0583861282476,0.0587819664052,0.0575944519324,0.0548235848291,0.0548235848291,0.0536360703563,0.0558131802231,0.0568027756172,0.0558131802231,0.0546256657503,0.0534381512775,0.0530423131199,0.0520527177258,0.0556152611443,0.0556152611443,0.0558131802231,0.0552194229867,0.0552194229867,0.0573965328536,0.0564069374596,0.0573965328536,0.0558131802231,0.0575944519324,0.0564069374596,0.0552194229867,0.0552194229867,0.0530423131199,0.0526464749622,0.0504693650954,0.0524485558834,0.0530423131199,0.0548235848291,0.0558131802231,0.0546256657503,0.0542298275927,0.0556152611443,0.0568027756172,0.0558131802231,0.0573965328536,0.0571986137748,0.0554173420655,0.0550215039079,0.0538339894351,0.0528443940411,0.0534381512775,0.0526464749622,0.0530423131199,0.0560110993019,0.0560110993019,0.0536360703563,0.0532402321987,0.0550215039079,0.0550215039079,0.0564069374596,0.0581882091688,0.0575944519324,0.0562090183807,0.0550215039079,0.0568027756172,0.0587819664052,0.0583861282476,0.0585840473264,0.0583861282476,0.058979885484,0.05799029009,0.0611569953509,0.0619486716661,0.0629382670601,0.0607611571933,0.0609590762721,0.0621465907449,0.0611569953509,0.0621465907449,0.0615528335085,0.0619486716661,0.0601673999569,0.0603653190357,0.0571986137748,0.058979885484,0.0585840473264,0.0581882091688,0.05799029009,0.0597715617992,0.0583861282476,0.0583861282476,0.0583861282476,0.0573965328536,0.0571986137748,0.0542298275927,0.0568027756172,0.0581882091688,0.0577923710112,0.057000694696,0.0587819664052,0.0619486716661,0.0629382670601,0.0635320242965,0.066104972321,0.0700633538971,0.0657091341634,0.066104972321,0.067094567715,0.0680841631091,0.0674904058727,0.0643237006118,0.0617507525873,0.0625424289025,0.0611569953509,0.0591778045628,0.0619486716661,0.0603653190357,0.0591778045628,0.0542298275927,0.0546256657503,0.0544277466715,0.0532402321987,0.0530423131199,0.0536360703563,0.0558131802231,0.0564069374596,0.0575944519324,0.0577923710112,0.0613549144297,0.0615528335085,0.0621465907449,0.065115376927,0.0678862440303,0.0694695966607,0.067094567715,0.0657091341634,0.0655112150846,0.0665008104786,0.0643237006118,0.0637299433754,0.0647195387694,0.0647195387694,0.0625424289025,0.0611569953509,0.0611569953509,0.0631361861389,0.0623445098237,0.0619486716661,0.0659070532422,0.067094567715,0.0665008104786,0.0653132960058,0.0653132960058,0.0653132960058,0.0680841631091,0.0698654348183,0.0706571111335,0.0700633538971,0.0682820821879,0.0688758394243,0.0696675157395,0.0710529492912,0.0686779203455,0.0704591920547,0.0682820821879,0.0666987295574,0.0676883249515,0.0696675157395,0.0676883249515,0.0666987295574,0.0643237006118,0.0649174578482,0.0647195387694,0.0643237006118,0.0639278624542,0.0615528335085,0.0617507525873,0.0617507525873,0.0627403479813,0.064125781533,0.0657091341634,0.0657091341634,0.0663028913998,0.0653132960058,0.0643237006118,0.0657091341634,0.0647195387694,0.0647195387694,0.0659070532422,0.0649174578482,0.0657091341634,0.0643237006118,0.0663028913998,0.0663028913998,0.0684800012667,0.0686779203455,0.0674904058727,0.0686779203455,0.0704591920547,0.0710529492912,0.0708550302123,0.0704591920547,0.0710529492912,0.0708550302123,0.0716467065276,0.0700633538971,0.0708550302123,0.0694695966607,0.0680841631091,0.0686779203455,0.0678862440303,0.0696675157395,0.0682820821879,0.0682820821879,0.0668966486362,0.0682820821879,0.0688758394243,0.0665008104786,0.067094567715,0.0659070532422,0.0674904058727,0.0686779203455,0.0680841631091,0.0682820821879,0.0696675157395,0.07125086837,0.0698654348183,0.0726363019216,0.0724383828428,0.0734279782368,0.0718446256064,0.0702612729759,0.0740217354732,0.0775842788917,0.0758030071825,0.0738238163944,0.074219654552,0.0748134117885,0.0746154927097,0.0763967644189,0.0765946834977,0.078375955207,0.0758030071825,0.0740217354732,0.0760009262613,0.0767926025765,0.0771884407341,0.0760009262613,0.0760009262613,0.0730321400792,0.074219654552,0.0752092499461,0.0777821979705,0.0775842788917,0.0781780361281,0.0799593078374,0.0807509841526,0.0805530650738,0.0807509841526,0.0811468223102,0.078375955207,0.0771884407341,0.078375955207,0.0811468223102,0.0795634696798,0.079365550601,0.0795634696798,0.0817405795466,0.0839176894135,0.0878760709896,0.0896573426989,0.0900531808565,0.0900531808565,0.0882719091472,0.0894594236201,0.0904490190141,0.0906469380929,0.0908448571717,0.0890635854624,0.0892615045413,0.0912406953293,0.0910427762505,0.0912406953293,0.0914386144081,0.0926261288809,0.0930219670386,0.0951990769054,0.0922302907233,0.0932198861174,0.0910427762505,0.0910427762505,0.0914386144081,0.0914386144081,0.0918344525657,0.0908448571717,0.0902510999353,0.0890635854624,0.0918344525657,0.0928240479598,0.0938136433538,0.0924282098021,0.0920323716445,0.0916365334869,0.0920323716445,0.0922302907233,0.0914386144081,0.0904490190141,0.0904490190141,0.0904490190141,0.0890635854624,0.0898552617777,0.0906469380929,0.0916365334869,0.0918344525657,0.0928240479598,0.0926261288809,0.0948032387478,0.0944074005902,0.0930219670386,0.0938136433538,0.0950011578266,0.0953969959842,0.093615724275,0.0932198861174,0.0926261288809,0.0940115624326,0.0934178051962,0.0938136433538,0.0944074005902,0.0963865913782,0.0969803486147,0.0987616203239,0.100344972954,0.0995532966391,0.100147053876,0.0997512157179,0.101928325585,0.1027200019,0.100740811112,0.0999491347967,0.101730406506,0.101532487427,0.104699192688,0.106876302555,0.106876302555,0.107272140713,0.104897111767,0.10608462624,0.109449250579,0.110438845973,0.109647169658,0.110636765052,0.107272140713,0.105095030846,0.108063817028,0.111428441367,0.113407632156,0.115584742022,0.118157690047,0.116772256495,0.116178499259,0.114793065707,0.116574337416,0.118157690047,0.117761851889,0.113209713077,0.113011793998,0.109449250579,0.107074221634,0.109251331501,0.110636765052,0.112022198604,0.112220117683,0.113407632156,0.114990984786,0.119147285441,0.120334799914,0.122709828859,0.125084857805,0.125678615041,0.127855724908,0.126866129514,0.124689019647,0.121522314387,0.122116071623,0.120532718993,0.119543123598,0.118751447283,0.114990984786,0.115386822944,0.112220117683,0.112220117683,0.112813874919,0.11756393281,0.113407632156,0.115386822944,0.117168094653,0.116574337416,0.120334799914,0.118751447283,0.120334799914,0.122313990702,0.123699424253,0.122511909781,0.124886938726,0.124095262411,0.126866129514,0.131022430169,0.131022430169,0.135376649903,0.13418913543,0.1326057828,0.133595378194,0.132407863721,0.132407863721,0.132407863721,0.130428672933,0.12765780583,0.126668210435,0.120136880835,0.122511909781,0.121720233465,0.122313990702,0.124095262411,0.123699424253,0.125282776884,0.12429318149,0.123105667017,0.124491100569,0.127459886751,0.128647401224,0.131814106484,0.130428672933,0.131220349248,0.133397459115,0.131616187406,0.131418268327,0.136564164376,0.138345436085,0.140522545952,0.139335031479,0.1391371124,0.142303817661,0.145668442001,0.14408508937,0.145470522922,0.146658037395,0.14250173674,0.138939193321,0.139335031479,0.140126707794,0.141710060425,0.142897574898,0.138345436085,0.141314222267,0.140126707794,0.140324626873,0.143887170292,0.149428904498,0.150022661735,0.148043470946,0.149230985419,0.146855956474,0.146658037395,0.142699655819,0.144283008449,0.148637228183,0.145668442001,0.142105898582,0.143293413055,0.14586636108,0.144283008449,