# R script for Peak Model
#  -- generated by MACS
p <- c(0.0389788338326,0.0452771086778,0.0516194274031,0.0576974828482,0.0636434066532,0.0636434066532,0.0639957576935,0.063379143373,0.0632910556129,0.0628946606926,0.0616173881715,0.061000773851,0.0607805544508,0.0605603350506,0.0606924666907,0.0603841595305,0.0602960717704,0.0608686422109,0.0601639401303,0.0604722472905,0.0613971687713,0.0625863535323,0.0628506168125,0.0636434066532,0.0636434066532,0.0632470117328,0.0635993627731,0.0636874505332,0.0648766352942,0.0642159770937,0.064568328134,0.0638636260534,0.0638195821733,0.0636434066532,0.0633350994929,0.0626303974123,0.0626744412924,0.0625423096523,0.0625423096523,0.062278046372,0.0608245983308,0.0602079840103,0.0596794574499,0.0595473258098,0.0614412126513,0.0617054759316,0.0611329054911,0.0614852565314,0.061088861611,0.0613531248913,0.0623220902521,0.0626744412924,0.0632470117328,0.0635553188931,0.0623661341321,0.0638195821733,0.0642600209737,0.0648766352942,0.0647004597741,0.0655813373748,0.0656253812548,0.0661979516953,0.0669026537759,0.0665943466156,0.0665503027356,0.065801556775,0.0663300833354,0.0656253812548,0.0663741272155,0.0657575128949,0.0661098639352,0.0662419955754,0.0661098639352,0.0658896445351,0.0666824343757,0.0671228731761,0.0662419955754,0.0661979516953,0.0655372934948,0.0658896445351,0.0657575128949,0.0669026537759,0.0666383904957,0.0669026537759,0.0663741272155,0.0665062588556,0.0667264782558,0.0666824343757,0.066990741536,0.0669026537759,0.067034785416,0.0657134690149,0.0665943466156,0.0666383904957,0.0665943466156,0.0662860394554,0.067034785416,0.0677394874966,0.0683120579371,0.0685763212173,0.0689727161376,0.0691929355378,0.068179926297,0.0689727161376,0.069457198818,0.0695012426981,0.0695452865781,0.0695012426981,0.0698976376184,0.0699416814984,0.069413154938,0.0698976376184,0.0699857253785,0.0692369794179,0.0692810232979,0.0692369794179,0.0691929355378,0.0688405844975,0.0685763212173,0.0691048477777,0.0692810232979,0.069413154938,0.070558295819,0.0709987346193,0.0709106468593,0.07179152446,0.0716153489398,0.0712629978995,0.07183556834,0.070646383579,0.0716153489398,0.0716153489398,0.0708225590992,0.0712189540195,0.0708225590992,0.0707344713391,0.0700738131386,0.0709546907393,0.0698095498583,0.0703821202988,0.0695452865781,0.0691488916578,0.069413154938,0.0687524967374,0.0695012426981,0.0690608038977,0.0700297692585,0.070558295819,0.0713510856596,0.0709546907393,0.070602339699,0.0708225590992,0.0699857253785,0.0704702080589,0.0699857253785,0.0695452865781,0.0703821202988,0.0697214620983,0.0700738131386,0.0709106468593,0.0712189540195,0.0715272611798,0.0728045337008,0.072980709221,0.0735973235415,0.0750067277027,0.0744782011422,0.0750507715827,0.0746543766624,0.0745222450223,0.0743901133822,0.0745662889023,0.0739937184618,0.0736854113016,0.0731568847411,0.0724962265406,0.0726283581807,0.072980709221,0.0721438755003,0.0729366653409,0.0735973235415,0.0735092357814,0.074169893982,0.074213937862,0.0747865083025,0.0748745960626,0.0747424644225,0.0750948154627,0.075447166503,0.0746103327823,0.0746984205424,0.074257981742,0.0728485775809,0.0735973235415,0.0732009286212,0.07183556834,0.07174748058,0.0708666029792,0.07179152446,0.0714832172997,0.0720998316202,0.0722319632604,0.0735973235415,0.073024753101,0.0731568847411,0.074213937862,0.0737294551816,0.073024753101,0.0729366653409,0.0735092357814,0.0727604898208,0.0732449725012,0.0728045337008,0.0737734990616,0.0743020256221,0.0746984205424,0.0744341572622,0.0745222450223,0.0745222450223,0.074213937862,0.0743460695021,0.0743460695021,0.0749186399426,0.0735092357814,0.0734651919014,0.0732449725012,0.0734211480214,0.0736854113016,0.0730687969811,0.0723640949005,0.0726283581807,0.0712189540195,0.0713510856596,0.0730687969811,0.0733771041413,0.0735973235415,0.0746984205424,0.0749186399426,0.0755352542631,0.0767684829041,0.0774291411047,0.0795872912265,0.0793230279463,0.0781778870653,0.0776053166248,0.0774731849847,0.0774731849847,0.0774291411047,0.0784861942256,0.0783981064655,0.0781778870653,0.0781338431853,0.0785742819857,0.0787064136258,0.0792349401862,0.080203905547,0.0795872912265,0.0809086076276,0.0796753789866,0.0798515545067,0.0794551595864,0.078970676906,0.0778695799051,0.0790587646661,0.0792789840662,0.0785302381056,0.0786623697457,0.0774291411047,0.077825536025,0.0773850972247,0.0780017115452,0.0781778870653,0.0791468524261,0.077825536025,0.0785302381056,0.0794551595864,0.0794551595864,0.0812169147879,0.0812169147879,0.0824501434289,0.0823620556688,0.0824501434289,0.0827584505892,0.0840357231102,0.0831108016294,0.0833310210296,0.0847404251908,0.0836833720699,0.0839476353501,0.08377145983,0.085004688471,0.0857974783117,0.0861057854719,0.0865021803923,0.0871187947128,0.0869866630727,0.0866783559124,0.0866343120324,0.0876032773932,0.0879115845535,0.087383057993,0.0879556284335,0.0890567254344,0.0880437161936,0.0874711457531,0.0882198917137,0.0887924621542,0.0891007693145,0.0899376030352,0.0910827439161,0.0910827439161,0.0900697346753,0.0891888570745,0.0895852519949,0.0903339979555,0.0893209887146,0.089761427515,0.0899376030352,0.0889686376743,0.0879556284335,0.0888365060342,0.0900256907952,0.0900256907952,0.0906863489958,0.0910387000361,0.0920517092769,0.0917874459967,0.0922278847971,0.0928004552375,0.0939896399985,0.0928004552375,0.0929325868777,0.0931968501579,0.0932849379179,0.0931528062778,0.093373025678,0.0937253767183,0.0934611134381,0.093373025678,0.0935492011982,0.0934611134381,0.0931087623978,0.092139797037,0.0927564113575,0.0922719286771,0.0916112704766,0.0905542173557,0.0908625245159,0.090906568396,0.0906423051157,0.0907744367559,0.0908625245159,0.0924040603172,0.0917874459967,0.0928444991176,0.0932849379179,0.0938134644784,0.0943419910388,0.0940777277586,0.0934611134381,0.0940777277586,0.0943860349189,0.0946062543191,0.0956633074399,0.0962358778804,0.0971607993612,0.0977774136817,0.0988785106826,0.0989225545627,0.0992308617229,0.0996713005233,0.0996713005233,0.100420046484,0.0999355638035,0.0999796076835,0.0999355638035,0.101344967965,0.100816441404,0.101344967965,0.101917538405,0.102534152726,0.103811425247,0.105044653888,0.106277882529,0.10751111117,0.109140734731,0.109140734731,0.108876471451,0.109801392932,0.111342928733,0.111827411413,0.111166753213,0.109757349052,0.109096690851,0.108964559211,0.106938540729,0.106145750889,0.106894496849,0.107070672369,0.106938540729,0.106806409089,0.106938540729,0.10803963773,0.108744339811,0.10768728669,0.108612208171,0.108964559211,0.109360954131,0.109052646971,0.10825985713,0.108964559211,0.109316910251,0.10777537445,0.10711471625,0.10781941833,0.108347944891,0.108832427571,0.108744339811,0.109140734731,0.109449041891,0.109008603091,0.109889480692,0.111166753213,0.111959543054,0.111783367533,0.111210797093,0.111166753213,0.111563148133,0.111386972613,0.110946533813,0.110285875612,0.109889480692,0.109713305172,0.109272866371,0.109977568452,0.110285875612,0.110682270532,0.109757349052,0.110241831732,0.110858446053,0.111915499174,0.111695279773,0.112179762454,0.112664245134,0.112091674694,0.112267850214,0.111563148133,0.111827411413,0.111431016493,0.111078665453,0.110814402173,0.111342928733,0.112752332894,0.113765342135,0.114029605415,0.114690263616,0.115439009576,0.117465028058,0.117949510739,0.118433993419,0.118169730139,0.117509071938,0.115571141217,0.115218790176,0.115218790176,0.114514088096,0.114910483016,0.114073649295,0.114029605415,0.113809386015,0.114337912576,0.115218790176,0.115747316737,0.114514088096,0.114910483016,0.115527097337,0.115879448377,0.115483053456,0.115439009576,0.116540106577,0.117200764778,0.117465028058,0.117905466859,0.11975530982,0.11988744146,0.12019574862,0.120371924141,0.120592143541,0.120900450701,0.121384933381,0.121208757861,0.121428977261,0.122221767102,0.121869416062,0.122309854862,0.122265810982,0.122441986502,0.122970513063,0.124379917224,0.123807346783,0.124644180504,0.124820356024,0.124864399904,0.126317847946,0.126934462266,0.126890418386,0.127330857186,0.127462988827,