# R script for Peak Model
#  -- generated by MACS
p <- c(0.0371062412837,0.0428736907716,0.0486411402595,0.0552424378662,0.0608709126676,0.0610098873541,0.0601065518921,0.0599675772056,0.0585778303411,0.0582998809682,0.0583693683114,0.0578829569088,0.0584388556546,0.0585778303411,0.0580914189385,0.0568406467604,0.0587168050275,0.0587862923708,0.0595506531463,0.0592727037734,0.0605929632947,0.0608709126676,0.0603150139218,0.0599675772056,0.0598980898624,0.0612183493838,0.0606624506379,0.0603150139218,0.0598286025192,0.0602455265786,0.0595506531463,0.0600370645489,0.0601760392353,0.0592727037734,0.0594811658031,0.0593421911166,0.0593421911166,0.0589947544005,0.0587168050275,0.0590642417437,0.057952444252,0.057952444252,0.0571880834765,0.0576050075359,0.0584388556546,0.0581609062817,0.0584388556546,0.0601065518921,0.059759115176,0.0595506531463,0.0601065518921,0.0599675772056,0.0612183493838,0.0618437354728,0.0614962987567,0.0626775835915,0.0618437354728,0.0609404000108,0.0612183493838,0.0617047607863,0.0623996342186,0.0629555329644,0.0617742481296,0.0611488620405,0.0616352734431,0.0612183493838,0.061287836727,0.0614962987567,0.0628860456212,0.0625386089051,0.0608014253244,0.060384501265,0.0611488620405,0.059759115176,0.0601065518921,0.0606624506379,0.0599675772056,0.0603150139218,0.0601760392353,0.0603150139218,0.061913222816,0.0617047607863,0.0614962987567,0.0630250203077,0.0626080962483,0.0620521975025,0.0622606595322,0.061913222816,0.0622606595322,0.0618437354728,0.0614268114134,0.0616352734431,0.0628860456212,0.0631639949941,0.0626080962483,0.0632334823374,0.064345279829,0.0640673304561,0.0633029696806,0.0639283557696,0.0648316912316,0.0656655393503,0.0662214380962,0.0663604127826,0.0668468241852,0.0665688748123,0.0663604127826,0.0664299001258,0.0665688748123,0.0662909254394,0.0654570773207,0.0657350266936,0.0645537418587,0.0645537418587,0.0662214380962,0.0661519507529,0.06587400138,0.0664993874691,0.0667078494988,0.0669163115284,0.0663604127826,0.065248615291,0.0650401532613,0.0660129760665,0.064345279829,0.0649706659181,0.0655265646639,0.0658045140368,0.0662909254394,0.0651791279477,0.066777336842,0.0683755457362,0.0690009318253,0.0682365710498,0.0679586216769,0.0678891343336,0.067402722931,0.0664993874691,0.0664299001258,0.0684450330794,0.0688619571388,0.0680281090201,0.0684450330794,0.0696958052576,0.0709465774357,0.0712245268086,0.0715719635247,0.0717109382112,0.0716414508679,0.0711550394653,0.0703211913466,0.0703906786898,0.0701127293169,0.068931444482,0.0691399065117,0.0693483685414,0.0693483685414,0.0695568305711,0.0709465774357,0.0696958052576,0.0696263179143,0.0701822166601,0.0693483685414,0.0701822166601,0.0702517040034,0.0699737546305,0.068931444482,0.0706686280627,0.0699042672872,0.0714329888382,0.071363501495,0.0725447863299,0.0737260711648,0.0734481217919,0.0738650458512,0.0742819699106,0.075324280059,0.0735870964783,0.0738650458512,0.0738650458512,0.0739345331945,0.0716414508679,0.0719888875841,0.071363501495,0.0710855521221,0.0703211913466,0.0708076027492,0.0711550394653,0.0701127293169,0.0694178558846,0.0697652926008,0.0708770900924,0.0696263179143,0.0702517040034,0.0688619571388,0.068931444482,0.0681670837065,0.0684450330794,0.0699737546305,0.0701127293169,0.0708076027492,0.0705991407195,0.0706686280627,0.0706686280627,0.0712940141518,0.0710855521221,0.0724058116434,0.0724058116434,0.0712245268086,0.0711550394653,0.0710855521221,0.0711550394653,0.0712245268086,0.0706686280627,0.0709465774357,0.0717804255544,0.0717804255544,0.0724058116434,0.072892223046,0.0736565838215,0.0735176091351,0.0750463306861,0.0764360775507,0.0772004383262,0.0775478750423,0.0770614636397,0.0773394130126,0.0780342864449,0.078381723161,0.0787291598772,0.0792155712798,0.0779647991017,0.0769919762965,0.0772699256694,0.0781037737881,0.0781037737881,0.0776173623855,0.0763665902074,0.0772004383262,0.0769919762965,0.0764360775507,0.077756337072,0.0793545459662,0.0794935206527,0.0797714700256,0.0814391662631,0.0826204510979,0.0836627612464,0.0833153245302,0.0844966093651,0.0844271220219,0.0840101979625,0.0834542992167,0.0839407106193,0.0835932739031,0.0833153245302,0.0821340396953,0.0826899384412,0.0817866029792,0.081717115636,0.0828289131276,0.0820645523521,0.0817866029792,0.0828984004708,0.0837322485896,0.0843576346786,0.0857473815432,0.0868591790348,0.08783200184,0.0875540524671,0.0873455904374,0.0889437993317,0.0904030335395,0.0901945715098,0.0897081601072,0.0891522613614,0.0883879005858,0.0869286663781,0.0865812296619,0.0876235398103,0.0873455904374,0.0864422549755,0.0850525081109,0.0849830207677,0.0854694321703,0.0863727676322,0.0860253309161,0.0869981537213,0.0864422549755,0.0858863562296,0.0858168688864,0.0860253309161,0.0869286663781,0.0868591790348,0.0862337929458,0.0851219954541,0.0858168688864,0.0856778942,0.0873455904374,0.087206615751,0.0892912360478,0.0899166221369,0.0910979069717,0.0905420082259,0.0913063690014,0.0910979069717,0.0924876538363,0.0931130399253,0.0935994513279,0.094850223506,0.0947112488196,0.0951976602222,0.0951976602222,0.0956145842815,0.0956840716248,0.0978381792648,0.0976297172352,0.0989499767565,0.0986025400403,0.0984635653539,0.0987415147268,0.0992974134726,0.0989499767565,0.0988804894133,0.0986025400403,0.0974212552055,0.0955450969383,0.092696115866,0.0932520146118,0.0938774007008,0.0929740652389,0.0923486791498,0.0938079133576,0.0947807361628,0.095128172879,0.0958925336545,0.0970738184893,0.0980466412945,0.0974907425487,0.0968653564596,0.0971433058326,0.0971433058326,0.0964484324003,0.0950586855357,0.0963789450571,0.0955450969383,0.0970738184893,0.0984635653539,0.0984635653539,0.0991584387862,0.0982551033242,0.0974212552055,0.09665689443,0.0992974134726,0.0967263817732,0.0971433058326,0.0965179197435,0.0958230463112,0.09665689443,0.0963789450571,0.0976297172352,0.0989499767565,0.0992279261294,0.0970738184893,0.0994363881591,0.0996448501888,0.0992279261294,0.0982551033242,0.0991584387862,0.0972127931758,0.0974212552055,0.0965179197435,0.0967263817732,0.098185615981,0.0990889514429,0.0990194640997,0.100270236278,0.0998533122184,0.100478698307,0.103188704693,0.102354856575,0.10332767938,0.104300502185,0.103814090782,0.103675116096,0.104161527499,0.10311921735,0.105203837647,0.10332767938,0.102493831261,0.102702293291,0.103188704693,0.102771780634,0.103049730007,0.10291075532,0.102215881888,0.101868445172,0.101729470486,0.102771780634,0.102702293291,0.105829223736,0.106246147795,0.10569024905,0.106385122482,0.107010508571,0.108400255435,0.108817179495,0.109859489643,0.111596673224,0.112708470716,0.111805135254,0.111666160567,0.112569496029,0.112847445402,0.111040774478,0.111040774478,0.111249236508,0.1097900023,0.108956154181,0.107566407317,0.107218970601,0.106593584512,0.106871533884,0.106732559198,0.107357945287,0.10784435669,0.109859489643,0.110901799792,0.111110261821,0.112638983372,0.112013597283,0.113403344148,0.114584628983,0.114932065699,0.114862578356,0.116877711309,0.115835401161,0.11646078725,0.117086173339,0.11646078725,0.117572584742,0.116877711309,0.117225148025,0.115626939131,0.117364122712,0.115487964445,0.116877711309,0.11388975555,0.112569496029,0.113820268207,0.113125394775,0.113820268207,0.112986420089,0.113403344148,0.112569496029,0.114167704923,0.113125394775,0.11451514164,0.115626939131,0.116530274593,0.117503097398,0.118962331606,0.117711559428,0.119240280979,0.119448743009,0.117781046771,0.117989508801,0.118267458174,0.116391299907,0.114932065699,0.115279502415,0.114237192267,0.116599761936,0.117294635369,0.118336945517,0.119101306293,0.120074129098,0.123340034229,0.125146705153,0.124451831721,0.123895932975,0.124382344378,0.124034907662,0.124382344378,0.124173882348,0.124173882348,0.123687470946,0.121880800022,0.121533363306,0.123062084857,0.123617983602,0.124173882348,0.12292311017,0.122784135484,0.123756958289,0.124173882348,0.124243369691,0.12271464814,0.123548496259,0.124451831721,0.12486875578,0.125216192497,0.128204148255,0.128273635599,0.127995686226,0.128134660912,0.128273635599,0.132164926819,