# R script for Peak Model
#  -- generated by MACS
p <- c(0.0294892949357,0.0355672412202,0.0418702966263,0.0474980246675,0.0531257527086,0.0553768439251,0.056727498655,0.0583032625065,0.0571777168983,0.0571777168983,0.060554353723,0.0580781533849,0.0571777168983,0.0578530442632,0.0569526077766,0.0565023895333,0.0565023895333,0.0571777168983,0.056727498655,0.0569526077766,0.0549266256818,0.0562772804117,0.0587534807498,0.0585283716281,0.0596539172364,0.0583032625065,0.0571777168983,0.0565023895333,0.0562772804117,0.0558270621684,0.0571777168983,0.0574028260199,0.0540261891952,0.0524504253437,0.0513248797355,0.0533508618303,0.0517750979787,0.0515499888571,0.0535759709519,0.0535759709519,0.0524504253437,0.0524504253437,0.052900643587,0.0556019530467,0.0569526077766,0.0556019530467,0.0585283716281,0.0576279351416,0.0583032625065,0.0578530442632,0.060554353723,0.0610045719663,0.0614547902096,0.0607794628446,0.0596539172364,0.059879026358,0.0576279351416,0.0589785898714,0.0578530442632,0.0610045719663,0.0601041354797,0.059879026358,0.060554353723,0.0616798993312,0.0612296810879,0.0632556631827,0.0661820817641,0.0650565361559,0.0646063179126,0.0646063179126,0.060554353723,0.0607794628446,0.0603292446013,0.0580781533849,0.059879026358,0.0569526077766,0.0531257527086,0.0544764074385,0.0535759709519,0.0520002071004,0.0533508618303,0.052900643587,0.0524504253437,0.0513248797355,0.0499742250056,0.052900643587,0.0535759709519,0.0524504253437,0.0524504253437,0.0513248797355,0.0538010800736,0.0556019530467,0.0594288081147,0.0619050084528,0.0639309905477,0.063705881426,0.0639309905477,0.0648314270343,0.064381208791,0.063705881426,0.0646063179126,0.063705881426,0.060554353723,0.0601041354797,0.0592036989931,0.0585283716281,0.0601041354797,0.0592036989931,0.0601041354797,0.0610045719663,0.0612296810879,0.059879026358,0.0592036989931,0.0587534807498,0.0594288081147,0.0601041354797,0.0594288081147,0.0603292446013,0.0596539172364,0.0612296810879,0.0596539172364,0.0610045719663,0.0621301175745,0.0641560996693,0.0630305540611,0.0630305540611,0.064381208791,0.0641560996693,0.0684331729806,0.0670825182507,0.0673076273724,0.0697838277105,0.0697838277105,0.0684331729806,0.0706842641971,0.0711344824404,0.0691085003455,0.0704591550754,0.0666323000074,0.068208063859,0.0697838277105,0.067532736494,0.0684331729806,0.0668574091291,0.0688833912239,0.0700089368321,0.0704591550754,0.0697838277105,0.0697838277105,0.0688833912239,0.0688833912239,0.0684331729806,0.0677578456157,0.071359591562,0.0659569726425,0.0648314270343,0.067532736494,0.0648314270343,0.0646063179126,0.0657318635208,0.0664071908858,0.0668574091291,0.0655067543992,0.0652816452775,0.068208063859,0.0679829547373,0.0650565361559,0.0648314270343,0.0657318635208,0.0648314270343,0.0628054449394,0.0614547902096,0.0621301175745,0.0628054449394,0.0616798993312,0.0594288081147,0.0601041354797,0.0625803358178,0.0634807723044,0.0648314270343,0.0646063179126,0.0666323000074,0.068208063859,0.0659569726425,0.0655067543992,0.0668574091291,0.0679829547373,0.0673076273724,0.0668574091291,0.0661820817641,0.067532736494,0.067532736494,0.0666323000074,0.0641560996693,0.0661820817641,0.0679829547373,0.0679829547373,0.067532736494,0.067532736494,0.0655067543992,0.0639309905477,0.0650565361559,0.0661820817641,0.0695587185888,0.0702340459538,0.0691085003455,0.0691085003455,0.0706842641971,0.0706842641971,0.0729353554135,0.0709093733187,0.0688833912239,0.0679829547373,0.0666323000074,0.0661820817641,0.0661820817641,0.0670825182507,0.0684331729806,0.0688833912239,0.068208063859,0.0691085003455,0.0697838277105,0.0688833912239,0.0704591550754,0.071359591562,0.0704591550754,0.0691085003455,0.0670825182507,0.0661820817641,0.0668574091291,0.0691085003455,0.0688833912239,0.0715847006837,0.0700089368321,0.0670825182507,0.0688833912239,0.0702340459538,0.0709093733187,0.0733855736568,0.0727102462919,0.0729353554135,0.0736106827785,0.0700089368321,0.0706842641971,0.0722600280486,0.0720349189269,0.0709093733187,0.0697838277105,0.067532736494,0.0679829547373,0.0661820817641,0.0657318635208,0.0646063179126,0.063705881426,0.0646063179126,0.0648314270343,0.0648314270343,0.0673076273724,0.0670825182507,0.0666323000074,0.0686582821022,0.0706842641971,0.0742860101434,0.0747362283867,0.0738357919001,0.0736106827785,0.0738357919001,0.0720349189269,0.0742860101434,0.0758617739949,0.0747362283867,0.0720349189269,0.071359591562,0.0718098098053,0.0727102462919,0.0711344824404,0.0709093733187,0.0706842641971,0.0686582821022,0.0679829547373,0.0697838277105,0.0715847006837,0.0736106827785,0.0742860101434,0.0724851371702,0.0722600280486,0.0731604645352,0.0747362283867,0.0760868831166,0.0754115557517,0.0733855736568,0.0718098098053,0.0718098098053,0.071359591562,0.0718098098053,0.0738357919001,0.0738357919001,0.0769873196032,0.079013301698,0.0805890655495,0.0826150476443,0.0835154841309,0.0848661388608,0.0871172300773,0.0877925574422,0.0871172300773,0.0880176665639,0.0855414662258,0.085991684469,0.0853163571041,0.0868921209556,0.0877925574422,0.0886929939288,0.0880176665639,0.090493866902,0.0929700672401,0.090493866902,0.0900436486587,0.0893683212937,0.090493866902,0.0913943033886,0.0938705037267,0.0907189760236,0.0900436486587,0.0875674483206,0.0862167935907,0.0918445216319,0.0945458310916,0.0927449581184,0.0938705037267,0.0929700672401,0.0922947398752,0.0940956128483,0.093645394605,0.0961215949431,0.0970220314297,0.0927449581184,0.089818539537,0.0922947398752,0.0920696307535,0.089818539537,0.0913943033886,0.0925198489968,0.0949960493349,0.0913943033886,0.0886929939288,0.0934202854834,0.0961215949431,0.0940956128483,0.0956713766999,0.0979224679163,0.0990480135246,0.0983726861596,0.0992731226462,0.102649759471,0.105351068931,0.101749322984,0.100398668254,0.101524213863,0.0990480135246,0.097472249673,0.0961215949431,0.0940956128483,0.0934202854834,0.09432072197,0.0956713766999,0.0965718131864,0.0985977952813,0.100623777376,0.100173559133,0.0994982317678,0.0979224679163,0.103550195957,0.103325086836,0.102424650349,0.103099977714,0.101749322984,0.0994982317678,0.0997233408895,0.102424650349,0.105125959809,0.107827269269,0.105576178052,0.106476614539,0.107827269269,0.11075368785,0.11210434258,0.111654124337,0.111429015215,0.110978796972,0.114580542918,0.111654124337,0.115255870283,0.114130324675,0.114355433797,0.112554560823,0.113680106432,0.115480979405,0.114355433797,0.117957179743,0.116381415891,0.117056743256,0.115931197648,0.116831634135,0.11615630677,0.11480565204,0.115706088526,0.116831634135,0.121558925689,0.118407397986,0.118182288865,0.121108707446,0.116831634135,0.114355433797,0.11615630677,0.118182288865,0.118182288865,0.115480979405,0.113229888188,0.114355433797,0.113229888188,0.116831634135,0.121558925689,0.126061108122,0.124485344271,0.124710453392,0.124035126027,0.126736435487,0.125385780757,0.124485344271,0.126286217244,0.122009143933,0.121108707446,0.117957179743,0.118857616229,0.119082725351,0.119307834473,0.120883598324,0.118182288865,0.118632507108,0.117957179743,0.118182288865,0.117281852378,0.119532943594,0.121108707446,0.118632507108,0.121108707446,0.118857616229,0.123134689541,0.120433380081,0.119758052716,0.118857616229,0.118857616229,0.119307834473,0.118632507108,0.118857616229,0.1175069615,0.121108707446,0.121108707446,0.124935562514,0.129437744947,0.131913945285,0.132364163528,0.135515691231,0.135065472988,0.13664123684,0.136416127718,0.138217000691,0.139117437178,0.139567655421,0.139117437178,0.140693201029,0.142944292246,0.139342546299,0.141368528394,0.142494074002,0.141818746637,0.138892328056,0.13664123684,0.136866345961,0.134615254745,0.135065472988,0.132364163528,0.13258927265,0.130788399677,0.13123861792,0.134165036501,0.137316564204,0.138442109813,0.137991891569,0.136416127718,0.136191018596,0.139567655421,0.138217000691,0.141143419272,0.140017873664,0.140242982786,0.138442109813,0.140242982786,0.140468091908,0.142268964881,0.138667218934,0.138217000691,0.142043855759,0.142944292246,0.145870710827,0.146546038192,0.148121802044,