# R script for Peak Model
#  -- generated by MACS
p <- c(0.0301002498982,0.0353217218193,0.040484127316,0.0455165866789,0.0509743242978,0.0511042704316,0.0509861375827,0.0511869634258,0.0512696564201,0.0516594948214,0.0523092254903,0.0523564786299,0.052344665345,0.0526281841823,0.0524391716241,0.0523801051997,0.0522974122054,0.0527226904615,0.0524746114788,0.0521202129321,0.051600428397,0.0520020800832,0.0522147192112,0.0521438395019,0.0522855989205,0.0524746114788,0.0531243421477,0.0527463170312,0.0534905539793,0.053514180549,0.0538685790957,0.0532424749966,0.0524864247637,0.0525927443277,0.0523210387752,0.0522974122054,0.0522974122054,0.0521674660717,0.0517540011005,0.0518248808099,0.0523092254903,0.0524982380486,0.0531597820024,0.0534787406944,0.0538095126713,0.0544001769158,0.0541993510726,0.05448286991,0.0544001769158,0.0548490817416,0.0543647370611,0.0544592433402,0.0544710566251,0.0541284713633,0.0543411104913,0.0538803923806,0.0537858861015,0.0537031931073,0.0540221517993,0.0543883636309,0.0547663887473,0.0546364426135,0.0549554013056,0.05501446773,0.0547191356078,0.0543647370611,0.0543647370611,0.0549317747358,0.0550380942998,0.0549199614509,0.0544238034855,0.0544474300553,0.0543883636309,0.0545537496193,0.0547545754624,0.0560067836607,0.0561603563643,0.0558413976723,0.0562666759283,0.0561249165096,0.0568691534576,0.0572826184288,0.057471630987,0.0572353652892,0.057577950551,0.0571054191554,0.0573416848532,0.0575661372661,0.0574598177021,0.0579087225279,0.0574598177021,0.0569518464519,0.0573771247079,0.0576370169755,0.0576252036906,0.0572708051439,0.0569990995914,0.0571054191554,0.0566565143296,0.0564675017714,0.0571999254345,0.058003228807,0.0579559756675,0.0579677889524,0.0577315232546,0.0582867476444,0.0590664244471,0.059397196424,0.0603186326454,0.0603658857849,0.0596925285462,0.0596925285462,0.0597988481102,0.0600823669476,0.060141433372,0.060460392064,0.0603895123547,0.0601650599418,0.0597988481102,0.0597397816858,0.0604249522094,0.060991989884,0.0605194584885,0.0606021514827,0.060991989884,0.0605076452036,0.0601532466569,0.0606139647676,0.0608147906107,0.060247752936,0.0598697278196,0.0594917027031,0.0595743956973,0.0592672502902,0.0589482915982,0.0591727440111,0.0595153292729,0.0597752215404,0.0601532466569,0.0607084710467,0.0607084710467,0.0605430850583,0.0609565500294,0.0615117744192,0.0618897995356,0.0623387043614,0.061854359681,0.0613345751458,0.0608029773258,0.0607911640409,0.0614527079947,0.0625159036348,0.0627876091872,0.0628584888966,0.0631538210188,0.0629884350304,0.0639689376762,0.0641697635193,0.0641933900891,0.0641225103797,0.0638626181122,0.0630711280246,0.0627639826175,0.0625867833441,0.0625040903499,0.0623268910766,0.0619134261054,0.0619488659601,0.0623268910766,0.0631420077339,0.063236514013,0.0636263524144,0.0640870705251,0.0643824026473,0.0643942159322,0.0651975193047,0.0654101584327,0.0656227975607,0.0658236234038,0.0657527436945,0.0655282912816,0.0652093325896,0.06516207945,0.0657054905549,0.0657645569794,0.0652920255838,0.0655637311363,0.0655637311363,0.0658118101189,0.0659890093923,0.0661071422412,0.066556047067,0.067193964451,0.0668868190439,0.0671112714568,0.0671585245963,0.0667923127648,0.0674538567186,0.0670285784625,0.066875005759,0.0671585245963,0.0669340721834,0.0662725282296,0.0667332463403,0.0665087939274,0.0667214330554,0.0674656700034,0.0668395659043,0.0670167651776,0.0671230847417,0.0677019357012,0.0676901224163,0.0684107327946,0.0680681475328,0.0682807866608,0.0686233719226,0.0687178782017,0.0692022228822,0.0698519535511,0.0700409661093,0.0699818996849,0.0706788834934,0.0704071779409,0.0704780576502,0.0708678960516,0.0705843772143,0.070076405964,0.0699582731151,0.0700173395396,0.0700645926791,0.0703599248014,0.0698401402662,0.0697810738418,0.0703362982316,0.0702181653827,0.0701118458187,0.0702536052373,0.0711159750343,0.0710096554703,0.0712695477378,0.0713404274472,0.0725690090757,0.0728643411979,0.0725217559361,0.072533569221,0.0734195655877,0.0741283626811,0.0737148977099,0.074352815094,0.074565454222,0.0752506247456,0.0748253464896,0.075203371606,0.0753805708794,0.0758176624203,0.0759948616936,0.0760303015483,0.0761484343972,0.0758885421296,0.0755932100074,0.0746481472162,0.0750852387571,0.0751088653269,0.0760539281181,0.0759003554145,0.0759594218389,0.0758767288447,0.0763020071007,0.0769871776243,0.0771525636128,0.0779676802701,0.0776487215781,0.077447895735,0.077341576171,0.0781448795435,0.078298452247,0.0782393858226,0.0781685061133,0.0780976264039,0.0791726353289,0.0793852744569,0.0794443408813,0.0801649512596,0.0803894036725,0.0807201756494,0.080968254632,0.0813462797485,0.0822913425397,0.0822795292548,0.0822204628303,0.082149583121,0.0829174466388,0.0827756872201,0.0826221145166,0.0821141432663,0.0825984879468,0.0832836584704,0.083319098325,0.0840633352731,0.0846421862327,0.0854454896051,0.0863314859718,0.0877963332981,0.0888122757986,0.09026530984,0.0911985593463,0.0922263151317,0.0929587387948,0.0938801750162,0.0956994208891,0.0968807493781,0.097211521355,0.0973887206283,0.0983455967044,0.0986763686813,0.0982629037102,0.098381036559,0.0987590616755,0.0987590616755,0.0972587744946,0.0973650940586,0.0977667457448,0.0977903723146,0.0974005339132,0.0975422933319,0.0986881819662,0.099030767228,0.0993142860653,0.0992552196409,0.100353855136,0.0999758300191,0.0997277510364,0.100223909002,0.100885452956,0.101795075892,0.101960461881,0.102527499555,0.102421179991,0.103259923218,0.103330802928,0.1041341063,0.104913783103,0.10526818165,0.105965165458,0.106236871011,0.106768468831,0.106567642987,0.107051987668,0.107654465197,0.108516834994,0.108623154558,0.109048432814,0.109568217349,0.109060246099,0.10949733764,0.10894211325,0.109461897785,0.109639097059,0.109875362756,0.11051328014,0.110784985693,0.111422903077,0.112214393165,0.112675111275,0.111883621188,0.112675111275,0.113124016101,0.113490227933,0.113372095084,0.113230335665,0.114128145317,0.113950946043,0.113667427206,0.11377374677,0.114777875986,0.114966888544,0.115262220666,0.116053710754,0.116089150608,0.116514428864,0.11643173587,0.116868827411,0.117282292382,0.118321861452,0.119184231249,0.119396870377,0.120022974476,0.119987534622,0.120424626163,0.120353746453,0.12075539814,0.121369688954,0.12126336939,0.121204302965,0.12126336939,0.121464195233,0.122019419623,0.121983979768,0.123023548838,0.12396861163,0.124263943752,0.123885918635,0.124854607996,0.125090873694,0.12600049663,0.126307642038,0.125953243491,0.126331268607,0.126142256049,0.125705164508,0.125303512822,0.126402148317,0.126520281166,0.126945559422,0.1260241232,0.127004625846,0.127406277532,0.12870573887,0.128693925585,0.129178270266,0.130182399481,0.130335972185,0.130666744162,0.13141098111,0.132226097767,0.132273350907,0.13249780332,0.131930765645,0.132745882302,0.133088467564,0.133891770937,0.134529688321,0.134954966577,0.135250298699,0.135947282507,0.135805523089,0.136053602071,0.136762399165,0.136986851578,0.137376689979,0.137731088526,0.137719275241,0.137045918002,0.138120926927,0.138026420648,0.138770657596,0.139373135125,0.1399401728,0.140589903469,0.140767102742,0.141393206841,0.142019310941,0.144003942802,0.143850370098,0.144098449081,0.145504229983,0.145350657279,0.146744624896,0.147441608705,0.148670190333,0.14851661763,0.149119095159,0.148811949752,0.149461680421,0.149792452398,0.14960343984,0.150229543939,0.148965522456,0.148055899519,0.148374858211,0.149178161584,0.148941895886,0.148882829461,0.148422111351,0.148575684054,0.148481177775,0.149721572688,0.150513062776,0.151292739579,0.150938341032,0.150926527747,0.151280926294,0.15223780237,0.151954283533,0.152934786178,0.15378534269,0.153289184725,0.153147425306,0.153690836411,0.153667209842,0.153537263708,0.153442757429,0.153749902836,0.154163367807,0.154435073359,0.155132057168,0.155722721412,0.156207066093,0.155994426965,0.156112559814,0.15593536054,0.156313385657,0.156821356907,0.158368897227,0.158345270658,0.158357083943,0.158451590222,0.158841428623,0.160034570397,0.160129076676,0.160885126909,