# R script for Peak Model
#  -- generated by MACS
p <- c(0.0361052078335,0.042351256446,0.0470738785677,0.052862899233,0.0588042625473,0.06002300374,0.0603276890382,0.0589566051964,0.056519122811,0.0583472346001,0.058194891951,0.0588042625473,0.06002300374,0.0606323743364,0.061851115529,0.0626128287745,0.061851115529,0.0639839126163,0.0652026538089,0.0658120244053,0.0659643670544,0.0662690523526,0.0668784229489,0.0664213950016,0.0662690523526,0.0638315699672,0.0630698567217,0.0612417449327,0.0623081434763,0.0624604861254,0.06169877288,0.0612417449327,0.0615464302309,0.061851115529,0.0601753463891,0.0610894022836,0.0612417449327,0.0621558008272,0.0610894022836,0.0592612904946,0.0597183184418,0.0584995772491,0.0580425493019,0.058194891951,0.0603276890382,0.0609370596345,0.0607847169854,0.06002300374,0.0601753463891,0.061851115529,0.0615464302309,0.0623081434763,0.0630698567217,0.0621558008272,0.0626128287745,0.0615464302309,0.0621558008272,0.061851115529,0.0624604861254,0.0613940875818,0.0612417449327,0.0592612904946,0.0563667801619,0.0575855213546,0.0568238081092,0.0580425493019,0.0584995772491,0.0603276890382,0.0594136331437,0.0594136331437,0.0594136331437,0.0610894022836,0.0633745420199,0.0626128287745,0.0610894022836,0.0606323743364,0.0592612904946,0.0594136331437,0.0594136331437,0.0597183184418,0.0589566051964,0.0580425493019,0.0588042625473,0.0591089478455,0.0603276890382,0.0610894022836,0.0607847169854,0.0592612904946,0.06002300374,0.06002300374,0.06002300374,0.0610894022836,0.0586519198982,0.0595659757928,0.0586519198982,0.0598706610909,0.0606323743364,0.0612417449327,0.06002300374,0.0601753463891,0.0610894022836,0.0613940875818,0.0626128287745,0.061851115529,0.0627651714236,0.0624604861254,0.0627651714236,0.063526884669,0.0644409405635,0.0633745420199,0.0626128287745,0.0624604861254,0.0627651714236,0.0638315699672,0.0633745420199,0.0624604861254,0.0633745420199,0.0633745420199,0.0621558008272,0.0620034581781,0.0632221993708,0.0636792273181,0.0641362552653,0.063526884669,0.0641362552653,0.0639839126163,0.0632221993708,0.0638315699672,0.0659643670544,0.0668784229489,0.068858877387,0.0677924788434,0.0677924788434,0.0680971641416,0.0677924788434,0.0685541920888,0.0691635626852,0.0679448214925,0.0674877935452,0.0691635626852,0.0673354508962,0.0677924788434,0.0668784229489,0.0662690523526,0.065354996458,0.0655073391071,0.0658120244053,0.0668784229489,0.0662690523526,0.0642885979144,0.0633745420199,0.0620034581781,0.0613940875818,0.0609370596345,0.06169877288,0.0607847169854,0.061851115529,0.0621558008272,0.0630698567217,0.0638315699672,0.0639839126163,0.0647456258617,0.0658120244053,0.0656596817562,0.0645932832126,0.0645932832126,0.0630698567217,0.0621558008272,0.0609370596345,0.06169877288,0.0632221993708,0.0644409405635,0.0645932832126,0.0656596817562,0.0664213950016,0.0668784229489,0.0662690523526,0.0661167097035,0.0664213950016,0.0652026538089,0.0647456258617,0.0648979685108,0.063526884669,0.0624604861254,0.0615464302309,0.0610894022836,0.0620034581781,0.0620034581781,0.0620034581781,0.0620034581781,0.0609370596345,0.0598706610909,0.0607847169854,0.06169877288,0.0612417449327,0.0607847169854,0.0595659757928,0.0583472346001,0.0586519198982,0.0580425493019,0.056519122811,0.0563667801619,0.0571284934074,0.0566714654601,0.0566714654601,0.0577378640037,0.0575855213546,0.0592612904946,0.0603276890382,0.0606323743364,0.0632221993708,0.0627651714236,0.0626128287745,0.0650503111599,0.0661167097035,0.0638315699672,0.0652026538089,0.0644409405635,0.0626128287745,0.061851115529,0.0604800316873,0.0621558008272,0.0606323743364,0.0577378640037,0.0580425493019,0.0606323743364,0.0597183184418,0.0594136331437,0.0601753463891,0.0615464302309,0.0630698567217,0.0624604861254,0.0642885979144,0.0639839126163,0.0630698567217,0.0627651714236,0.063526884669,0.0620034581781,0.0626128287745,0.0613940875818,0.0607847169854,0.0610894022836,0.0592612904946,0.061851115529,0.0636792273181,0.0627651714236,0.0613940875818,0.0636792273181,0.0642885979144,0.0664213950016,0.0645932832126,0.0661167097035,0.0671831082471,0.0648979685108,0.0650503111599,0.0647456258617,0.0655073391071,0.0641362552653,0.0632221993708,0.0630698567217,0.0639839126163,0.0636792273181,0.0642885979144,0.0662690523526,0.063526884669,0.0638315699672,0.0638315699672,0.0668784229489,0.0680971641416,0.0684018494398,0.0706869891761,0.0694682479834,0.0702299612288,0.070534646527,0.0722104156669,0.0738861848069,0.0757142965959,0.0737338421578,0.0726674436142,0.0732768142105,0.0726674436142,0.0728197862633,0.0734291568596,0.0726674436142,0.072362758316,0.0720580730178,0.0709916744742,0.0712963597724,0.0700776185797,0.0706869891761,0.070534646527,0.0728197862633,0.072362758316,0.0712963597724,0.0719057303687,0.0732768142105,0.0725151009651,0.0744955554032,0.0764760098413,0.0766283524904,0.0798275481212,0.0790658348758,0.0792181775249,0.0808939466648,0.0834837716993,0.0827220584539,0.0853118834883,0.0848548555411,0.0874446805756,0.0862259393829,0.0854642261374,0.0856165687865,0.0854642261374,0.0862259393829,0.0836361143484,0.0854642261374,0.0859212540847,0.0863782820319,0.0845501702429,0.0862259393829,0.0842454849447,0.0839407996466,0.086530624681,0.0872923379265,0.0904915335573,0.0901868482591,0.0892727923646,0.0898821629609,0.0891204497155,0.0898821629609,0.09003450561,0.0923196453463,0.0914055894518,0.0912532468027,0.0904915335573,0.0914055894518,0.0924719879954,0.0901868482591,0.0904915335573,0.0872923379265,0.0883587364701,0.0871399952774,0.0863782820319,0.0857689114356,0.088206393821,0.0874446805756,0.0880540511719,0.0892727923646,0.0894251350137,0.0921673026972,0.0906438762064,0.0903391909082,0.0926243306445,0.0915579321009,0.0901868482591,0.0907962188554,0.0907962188554,0.0912532468027,0.0927766732936,0.0907962188554,0.0946047850826,0.0961282115735,0.0939954144863,0.0941477571353,0.0938430718372,0.0943000997844,0.0941477571353,0.0968899248189,0.0971946101171,0.0999367778006,0.0981086660116,0.0987180366079,0.10008912045,0.103288316081,0.102526602835,0.101307861642,0.103897686677,0.102374260186,0.100393805748,0.10008912045,0.101917232239,0.100698491046,0.0987180366079,0.0991750645552,0.103135973431,0.103745344028,0.101003176344,0.100850833695,0.102221917537,0.104202371975,0.102526602835,0.104507057273,0.108467966149,0.107706252904,0.105573455817,0.106335169062,0.108620308799,0.109839049991,0.112733560324,0.110753105886,0.11334293092,0.113952301517,0.114409329464,0.116085098604,0.119741322182,0.119436636884,0.119131951586,0.121112406024,0.119131951586,0.119741322182,0.119741322182,0.118217895691,0.116389783902,0.114866357411,0.112581217675,0.111819504429,0.112124189728,0.111210133833,0.111819504429,0.111057791184,0.110905448535,0.111819504429,0.112124189728,0.111057791184,0.110296077938,0.113190588271,0.112885902973,0.114866357411,0.115171042709,0.117913210393,0.11837023834,0.119284294235,0.121264748673,0.124311601654,0.125378000198,0.124768629602,0.125835028145,0.123245203111,0.124616286953,0.124159259005,0.124006916356,0.122178804567,0.12004600748,0.120655378076,0.119893664831,0.122635832514,0.120503035427,0.118065553042,0.1166944692,0.116237441253,0.11501870006,0.116085098604,0.116237441253,0.115628070657,0.119588979533,0.116999154498,0.119893664831,0.123245203111,0.124159259005,0.1250733149,0.129643594372,0.127358454636,0.131167020863,0.130252964969,0.129186566425,0.127358454636,0.126292056093,0.127053769338,0.129795937022,0.129338909074,0.129491251723,0.134061531196,0.133147475301,0.132538104705,0.131014678214,0.133909188547,0.132385762056,0.132081076758,0.131624048811,0.132690447354,0.132081076758,0.131167020863,0.129948279671,0.131167020863,0.131319363512,0.132233419407,0.13497558709,0.13512792974,0.13497558709,0.13497558709,0.134213873845,0.133909188547,0.134213873845,0.135280272389,0.133909188547,0.133147475301,0.133756845898,0.13680369888,0.13512792974,0.136956041529,0.135584957687,0.138022440072,0.140459922458,0.140612265107,0.14503020193,0.146401285772,0.146553628421,0.145791915176,0.148077054912,