# R script for Peak Model
#  -- generated by MACS
p <- c(0.0418800119449,0.0471605351901,0.0524410584354,0.0586320167229,0.0644588009935,0.0620916698835,0.0620916698835,0.0626379309089,0.0637304529596,0.0619095828751,0.0613633218497,0.0609991478328,0.0615454088582,0.0617274958666,0.0639125399681,0.0639125399681,0.0609991478328,0.0586320167229,0.0595424517652,0.0600887127905,0.0589961907398,0.0597245387736,0.0613633218497,0.0613633218497,0.0599066257821,0.0624558439004,0.0633662789427,0.0628200179174,0.0628200179174,0.0620916698835,0.0626379309089,0.0631841919343,0.062273756892,0.064276713985,0.0620916698835,0.0604528868074,0.0608170608243,0.0615454088582,0.060270799799,0.0609991478328,0.0620916698835,0.0617274958666,0.062273756892,0.062273756892,0.0639125399681,0.0639125399681,0.0651871490273,0.066279671078,0.0673721931288,0.0681005411626,0.0690109762049,0.0704676722725,0.0708318462894,0.0690109762049,0.0697393242387,0.0702855852641,0.0699214112472,0.0699214112472,0.0704676722725,0.0708318462894,0.0711960203063,0.0711960203063,0.0699214112472,0.0708318462894,0.0701034982556,0.0708318462894,0.0695572372302,0.0697393242387,0.0677363671457,0.0673721931288,0.066279671078,0.0648229750104,0.0648229750104,0.0644588009935,0.0644588009935,0.0635483659512,0.0639125399681,0.0624558439004,0.0626379309089,0.0626379309089,0.0648229750104,0.0659154970611,0.0646408880019,0.0653692360357,0.0659154970611,0.0650050620188,0.0664617580865,0.0660975840696,0.0655513230442,0.066279671078,0.0630021049258,0.0631841919343,0.0639125399681,0.0626379309089,0.0639125399681,0.0644588009935,0.066279671078,0.068282628171,0.0695572372302,0.0684647151795,0.0711960203063,0.0713781073148,0.0704676722725,0.0699214112472,0.0688288891964,0.0690109762049,0.0677363671457,0.0668259321034,0.0679184541541,0.0693751502218,0.0684647151795,0.0671901061203,0.0704676722725,0.0717422813317,0.0719243683402,0.0715601943233,0.0704676722725,0.0711960203063,0.0704676722725,0.0673721931288,0.0690109762049,0.0690109762049,0.0666438450949,0.0677363671457,0.0679184541541,0.0701034982556,0.0701034982556,0.0681005411626,0.0673721931288,0.068282628171,0.0671901061203,0.0677363671457,0.068646802188,0.0666438450949,0.0659154970611,0.0637304529596,0.0639125399681,0.0655513230442,0.0670080191119,0.0681005411626,0.0673721931288,0.0673721931288,0.0681005411626,0.0670080191119,0.0679184541541,0.0697393242387,0.0699214112472,0.0697393242387,0.0695572372302,0.0704676722725,0.0719243683402,0.0731989773994,0.0724706293655,0.0744735864586,0.0757481955177,0.0753840215008,0.0759302825262,0.0781153266277,0.0797541097038,0.0808466317545,0.0801182837207,0.0792078486784,0.0797541097038,0.078661587653,0.0770228045769,0.0762944565431,0.0755661085093,0.0715601943233,0.0704676722725,0.0681005411626,0.0671901061203,0.0679184541541,0.0659154970611,0.0679184541541,0.0684647151795,0.0684647151795,0.0697393242387,0.0695572372302,0.0697393242387,0.0711960203063,0.0711960203063,0.0722885423571,0.0755661085093,0.0748377604755,0.0741094124416,0.0735631514163,0.0733810644078,0.0753840215008,0.0750198474839,0.0753840215008,0.0742914994501,0.072652716374,0.070649759281,0.0695572372302,0.0713781073148,0.0735631514163,0.0717422813317,0.0710139332979,0.0697393242387,0.0681005411626,0.0699214112472,0.0717422813317,0.0724706293655,0.0731989773994,0.0721064553486,0.0710139332979,0.0731989773994,0.0730168903909,0.0742914994501,0.0762944565431,0.0770228045769,0.0748377604755,0.0744735864586,0.0753840215008,0.0759302825262,0.0752019344924,0.0742914994501,0.0741094124416,0.0733810644078,0.0715601943233,0.0704676722725,0.0710139332979,0.0741094124416,0.0730168903909,0.0742914994501,0.0735631514163,0.0737452384247,0.0753840215008,0.0750198474839,0.0750198474839,0.0755661085093,0.0762944565431,0.0761123695347,0.0753840215008,0.0728348033824,0.074655673467,0.07665863056,0.0762944565431,0.0788436746615,0.0801182837207,0.0817570667968,0.081028718763,0.0801182837207,0.0826675018391,0.0846704589321,0.0866734160251,0.087037590042,0.0866734160251,0.0868555030336,0.0859450679913,0.0835779368814,0.0833958498729,0.0828495888475,0.0817570667968,0.0801182837207,0.07902576167,0.0779332396192,0.0782974136361,0.0772048915854,0.0782974136361,0.0788436746615,0.0788436746615,0.0795720226953,0.0806645447461,0.0803003707291,0.0803003707291,0.0781153266277,0.0782974136361,0.0764765435516,0.0761123695347,0.0759302825262,0.0768407175685,0.0773869785939,0.0762944565431,0.0770228045769,0.074655673467,0.0759302825262,0.07665863056,0.0795720226953,0.078661587653,0.0782974136361,0.0795720226953,0.0777511526108,0.07665863056,0.0755661085093,0.0768407175685,0.07902576167,0.0813928927799,0.0808466317545,0.0804824577376,0.0795720226953,0.0793899356869,0.07902576167,0.0797541097038,0.0821212408137,0.0824854148306,0.0824854148306,0.0813928927799,0.0797541097038,0.0804824577376,0.0812108057714,0.0806645447461,0.0812108057714,0.0804824577376,0.0799361967122,0.0803003707291,0.0795720226953,0.0792078486784,0.0813928927799,0.0806645447461,0.0837600238898,0.0852167199575,0.0877659380759,0.0895868081604,0.0899509821773,0.0912255912365,0.0901330691858,0.0899509821773,0.0888584601266,0.0925002002957,0.0904972432027,0.0912255912365,0.0912255912365,0.0930464613211,0.0948673314056,0.0959598534564,0.0972344625156,0.0970523755071,0.0970523755071,0.0946852443972,0.0972344625156,0.0955956794395,0.0925002002957,0.0910435042281,0.0901330691858,0.0888584601266,0.0879480250843,0.087037590042,0.0881301120928,0.0903151561942,0.089404721152,0.0897688951689,0.0906793302111,0.0901330691858,0.0904972432027,0.091407678245,0.0923181132873,0.0930464613211,0.0928643743126,0.0908614172196,0.0925002002957,0.0921360262788,0.0946852443972,0.0957777664479,0.093410635338,0.0925002002957,0.0939568963634,0.0957777664479,0.095413592431,0.0975986365325,0.0963240274733,0.0959598534564,0.0957777664479,0.0963240274733,0.0992374196086,0.099783680634,0.0961419404648,0.0957777664479,0.0959598534564,0.0961419404648,0.0961419404648,0.0965061144817,0.0968702884987,0.0981448975578,0.0986911585832,0.097416549524,0.101240376702,0.100512028668,0.10142246371,0.102332898752,0.101604550719,0.100694115676,0.100694115676,0.100694115676,0.100329941659,0.100694115676,0.101968724735,0.103425420803,0.103425420803,0.10142246371,0.101786637727,0.103243333795,0.102332898752,0.102697072769,0.101786637727,0.103607507812,0.0999657676424,0.0981448975578,0.0992374196086,0.0996015936255,0.100329941659,0.100876202685,0.0992374196086,0.0979628105494,0.0975986365325,0.100147854651,0.100147854651,0.099419506617,0.099419506617,0.0996015936255,0.099783680634,0.0992374196086,0.100876202685,0.099783680634,0.0990553326001,0.0950494184141,0.0955956794395,0.0959598534564,0.0955956794395,0.0961419404648,0.0943210703803,0.0965061144817,0.0975986365325,0.0981448975578,0.100512028668,0.100512028668,0.101058289693,0.100694115676,0.0992374196086,0.099419506617,0.099783680634,0.0972344625156,0.0946852443972,0.0948673314056,0.0941389833718,0.0939568963634,0.0945031573887,0.0950494184141,0.0948673314056,0.0939568963634,0.0952315054226,0.0930464613211,0.0950494184141,0.0946852443972,0.0950494184141,0.0955956794395,0.0957777664479,0.0946852443972,0.0959598534564,0.0941389833718,0.0948673314056,0.0961419404648,0.0932285483295,0.0928643743126,0.0935927223464,0.0939568963634,0.0937748093549,0.097416549524,0.0985090715748,0.101604550719,0.101240376702,0.104153768837,0.108888031057,0.110344727124,0.108705944048,0.109616379091,0.110162640116,0.108705944048,0.107613421998,0.106885073964,0.10615672593,0.103971681828,0.101240376702,0.10142246371,0.100512028668,0.0992374196086,0.0968702884987,0.0983269845663,0.0986911585832,0.0999657676424,0.100694115676,0.100694115676,0.100512028668,0.100694115676,0.103971681828,0.101786637727,0.105246290888,0.104882116871,0.103243333795,0.104153768837,0.104517942854,0.104700029862,0.106702986955,0.107977596014,0.102879159778,0.105610464905,0.105428377896,0.105792551913,0.10852385704,0.107249247981,0.107613421998,0.109798466099,0.108341770031,