# R script for Peak Model
#  -- generated by MACS
p <- c(0.0312592460552,0.0361453428963,0.0408548338274,0.0460941424882,0.0511332977845,0.0508860495106,0.0513216774218,0.0511097503299,0.0510273342386,0.0511803926938,0.0510744291479,0.0512157138758,0.0518514951515,0.0516748892416,0.0518868163335,0.0518044002422,0.0520751959707,0.0527109772464,0.0530406416116,0.0526874297918,0.0525579187912,0.0521222908801,0.0519456849701,0.0519692324248,0.0520281010614,0.0523695391539,0.0518868163335,0.0517102104236,0.0512039401485,0.0513923197857,0.0515571519683,0.0521693857894,0.0520516485161,0.0523577654266,0.0525108238819,0.0526992035191,0.0527933933377,0.0529346780657,0.0532878898855,0.0533349847948,0.0533349847948,0.0533349847948,0.0539001237066,0.0537117440693,0.0542297880717,0.0537117440693,0.0533585322495,0.0533703059768,0.0535704593414,0.0539472186159,0.0539943135252,0.0542180143444,0.0546065473462,0.0547478320742,0.0541238245258,0.0540296347072,0.0546889634375,0.0554542557138,0.0558310149883,0.0556661828057,0.0559369785343,0.0559958471709,0.0559487522616,0.0564197013547,0.0564197013547,0.0565492123553,0.0566316284466,0.0555602192598,0.0548891168021,0.0543004304357,0.0540767296165,0.0542651092537,0.0539589923432,0.0539943135252,0.0544299414363,0.0552541023492,0.0554895768958,0.0559016573523,0.0561135844442,0.057114351267,0.0571261249944,0.0569848402664,0.0570790300851,0.0567611394472,0.05657275981,0.0560193946256,0.0566316284466,0.0566316284466,0.0568553292658,0.0568906504478,0.0569966139938,0.0576206215421,0.0578090011794,0.0577148113608,0.0580327019986,0.0583034977271,0.05793851218,0.0580915706352,0.0581975341812,0.0581504392719,0.0583623663638,0.057797227452,0.0577501325427,0.0586684832743,0.0583152714545,0.0585036510917,0.0582917239998,0.0581268918172,0.0577383588154,0.0574440156322,0.0573851469956,0.0572320885403,0.0571261249944,0.056502117446,0.0572674097223,0.0570319351757,0.0574675630869,0.0576441689968,0.0586096146377,0.059339585732,0.0599047246437,0.0607642067386,0.0612116083771,0.0613175719231,0.0609172651939,0.0611880609224,0.0607288855567,0.0614117617417,0.0609172651939,0.0605758271014,0.0601755203723,0.060022461917,0.0598340822798,0.0597752136431,0.0597045712791,0.0598223085524,0.0602108415542,0.0599753670077,0.0604816372828,0.0606111482834,0.0612469295591,0.0611998346498,0.0612587032864,0.061494177833,0.0621652802907,0.0616943311975,0.0616590100156,0.0620239955627,0.0623418862006,0.0627657403844,0.0632366894775,0.063507485206,0.0634132953874,0.0641432664817,0.0641314927544,0.0647672740301,0.0651558070319,0.0651675807592,0.064873237576,0.0650733909406,0.064908558758,0.06494387994,0.0654266027604,0.0654972451244,0.0652499968505,0.065732719671,0.0659093255809,0.0655090188517,0.0655796612157,0.0652970917598,0.0650851646679,0.0651558070319,0.0653441866692,0.0646024418475,0.0645671206655,0.0644140622103,0.064225682573,0.0641785876637,0.0640961715724,0.0638371495712,0.0638136021165,0.0632837843868,0.0629541200216,0.0639431131171,0.0644729308469,0.0645082520289,0.0644493833922,0.0655325663064,0.0660035153995,0.0666746178572,0.0667923551305,0.0678048956807,0.0678284431353,0.0671102457683,0.0667688076758,0.0673221728602,0.0678873117719,0.0672633042236,0.067710705862,0.0677931219533,0.0679461804086,0.0674634575881,0.0678990854993,0.0682287498645,0.0682993922284,0.0675811948614,0.0677578007713,0.0679697278632,0.0675811948614,0.067781348226,0.0681463337732,0.0683582608651,0.0685230930476,0.0691000056867,0.0695474073252,0.0701360936916,0.0693590276879,0.0693354802333,0.0693001590513,0.0692295166873,0.0692412904146,0.0694767649612,0.069900619145,0.0696180496891,0.0696062759618,0.0701714148735,0.0707718749673,0.0709720283318,0.0712899189697,0.0714429774249,0.0711957291511,0.0716666782442,0.0711486342417,0.0719374739727,0.072632123885,0.0722435908832,0.0729735619775,0.0733385475247,0.0731619416148,0.0732208102514,0.0734680585253,0.0734445110707,0.0738683652545,0.0736446644352,0.0729735619775,0.0738801389818,0.0733267737974,0.0727616348856,0.0729617882502,0.0730559780688,0.0730559780688,0.0734445110707,0.0735975695259,0.0740096499824,0.0754931396257,0.0747396210767,0.0753989498071,0.076187789538,0.0764703589939,0.0766940598131,0.0774593520894,0.0774593520894,0.0776830529087,0.0774946732714,0.07622311072,0.0764114903573,0.076187789538,0.0766822860858,0.076870665723,0.0774004834528,0.0773062936342,0.0777066003633,0.0781657757291,0.0781540020018,0.078989936642,0.0797670026457,0.0799200611009,0.0794844331898,0.0802732729208,0.0802497254661,0.0812740397436,0.0813093609256,0.0813800032896,0.0820393320199,0.0822865802938,0.0818862735647,0.0826044709317,0.0834404055719,0.0834168581173,0.0834521792993,0.0826751132956,0.0830047776608,0.0833226682987,0.083334442026,0.0834404055719,0.0835816902999,0.0832873471167,0.0832755733894,0.0836758801185,0.0845706833954,0.0858304722195,0.0860070781294,0.0866428594051,0.0878673270472,0.0892095319625,0.0909167224251,0.0925768179783,0.0939425703483,0.0949668846258,0.0954260599916,0.096120709904,0.0970861555448,0.0977572580025,0.0978749952758,0.0979691850944,0.097486462274,0.097451141092,0.0973687250007,0.0972509877274,0.0976630681839,0.0979220901851,0.098852214644,0.0994291272831,0.0995468645563,0.0995115433744,0.100159098377,0.100794879653,0.101183412655,0.10168968293,0.101642588021,0.101454208383,0.101371792292,0.101889836295,0.102984792936,0.103196720028,0.10376185894,0.103443968302,0.103879596213,0.104103297032,0.10490391049,0.105492596857,0.106387400134,0.106304984042,0.106599327226,0.107423488139,0.107270429683,0.107423488139,0.107764926231,0.107670736413,0.108706824417,0.108930525237,0.108989393873,0.108589087144,0.107965079596,0.108000400778,0.109236642147,0.109978386969,0.11059062079,0.112156526524,0.111355913066,0.111838635887,0.110979153792,0.111826862159,0.112121205342,0.112603928163,0.112497964617,0.113098424711,0.113239709439,0.112168300252,0.112639249345,0.112450869708,0.113439862803,0.113275030621,0.113369220439,0.113557600076,0.114464177081,0.114558366899,0.114758520264,0.115606228631,0.115888798087,0.11618314127,0.11618314127,0.115794608269,0.116559900545,0.11653635309,0.115888798087,0.11605363027,0.116442163272,0.11706617082,0.118278864735,0.119126573102,0.119515106104,0.121351807567,0.121528413477,0.122470311664,0.123600589487,0.123600589487,0.123847837761,0.123553494578,0.123930253852,0.124153954671,0.124295239399,0.124495392764,0.125660991769,0.125837597679,0.125708086679,0.1263203205,0.125896466316,0.126284999318,0.125625670587,0.126002429862,0.1264498315,0.1264498315,0.126591116228,0.126473378955,0.126649984865,0.126944328048,0.128427817691,0.129369715878,0.129781796334,0.129616964151,0.129828891243,0.130288066609,0.131100453795,0.132007030799,0.132077673163,0.132890060349,0.1322660528,0.131795103707,0.132572169711,0.133702447534,0.13433822881,0.134550155902,0.134279360173,0.134797404176,0.135150615996,0.13535076936,0.135421411724,0.136327988728,0.13671652173,0.135915908272,0.136045419272,0.136245572637,0.136375083638,0.137175697096,0.138305974919,0.138929982468,0.140060260291,0.140095581473,0.140225092474,0.141308275388,0.141484881298,0.142073567664,0.142968370941,0.142450326939,0.141896961754,0.141944056664,0.142285494756,0.142897728577,0.142591611667,0.142803538759,0.14323916667,0.143863174218,0.143156750578,0.143827853036,0.144287028402,0.14478152495,0.144699108858,0.144334123311,0.144616692767,0.144922809678,0.145947123955,0.14627678832,0.147136270415,0.147854467782,0.148925876969,0.148666854968,0.149455694699,0.149644074336,0.150515330158,0.150515330158,0.150397592885,0.15019743952,0.150032607338,0.149385052335,0.149196672698,0.149443920971,0.149844227701,0.151056921615,0.151716250346,0.151763345255,0.152410900258,0.152493316349,0.152575732441,0.153093776443,0.153211513716,0.153588272991,0.154247601721,0.154353565267,0.155154178725,0.155931244729,0.155648675273,0.156484609913,0.157391186918,0.157450055554,0.157709077556,0.158450822377,0.158156479194,0.158132931739,0.156378646368,0.156590573459,