# R script for Peak Model
#  -- generated by MACS
p <- c(0.0304092027296,0.0355874278508,0.0408080477976,0.0461316266065,0.0513885849752,0.0515339386628,0.0516187283139,0.0516974615614,0.0517822512125,0.0519397177074,0.0523515531556,0.0523697223666,0.0523757787702,0.0522849327155,0.0519942253402,0.0522485942936,0.0523091583301,0.0522485942936,0.0520305637622,0.0523152147337,0.0522425378899,0.0522122558717,0.0525574708798,0.0523333839447,0.0527997270258,0.0527028245674,0.0526725425491,0.0525756400907,0.0525756400907,0.0527633886039,0.0527876142185,0.0529208550988,0.0528784602732,0.0533690289689,0.0533145213361,0.0533750853726,0.053471987831,0.0536657927478,0.0540836845997,0.0535083262529,0.0536476235369,0.0537263567843,0.0534477622164,0.0533024085288,0.0533569161616,0.0531449420339,0.0533205777397,0.0535567774821,0.053332690547,0.0539201617011,0.053714243977,0.0538595976646,0.0544531252224,0.054338053553,0.0545439712771,0.0549073554962,0.0547922838268,0.0547922838268,0.0552525705043,0.0552707397152,0.0557734212182,0.0562155386847,0.0561610310518,0.0565183588672,0.0561489182445,0.0561489182445,0.0562639899139,0.0561731438591,0.0559975081533,0.0561852566665,0.0560580721898,0.0557491956036,0.0555432778795,0.0555129958612,0.0559611697314,0.0559187749058,0.0562700463176,0.0563730051796,0.0562821591249,0.0563790615833,0.0565607536928,0.0564214564088,0.0565244152709,0.0565789229037,0.0565123024636,0.0564032871979,0.0559793389423,0.0559248313095,0.0563972307942,0.0566637125548,0.0565607536928,0.0568393482607,0.0571239992323,0.0575055526623,0.0575116090659,0.0579355573215,0.0586623257595,0.0591407816479,0.0592316277027,0.059001484364,0.058880356291,0.059001484364,0.0589288075202,0.0589590895384,0.0591286688406,0.0594012070049,0.0593709249867,0.0588500742727,0.058619930934,0.0586683821632,0.0592195148954,0.0594072634086,0.0594617710414,0.0590802176114,0.0595162786743,0.05962529394,0.0595344478852,0.059988678159,0.0601522010576,0.0606064313314,0.0607820670372,0.0605640365058,0.0603762879927,0.0608486874774,0.0609455899358,0.0605700929095,0.0606730517715,0.0607033337898,0.0609092515139,0.0607275594044,0.060630656946,0.0607881234409,0.0612060152928,0.061254466522,0.0608971387066,0.0613392561731,0.0614119330169,0.0616117943374,0.0613816509986,0.0617813736396,0.0621326450513,0.0622113782988,0.0621629270696,0.06236278839,0.062623213747,0.0628230750675,0.0629139211222,0.0632227977084,0.0638526636881,0.0639556225501,0.0637133664041,0.0640040737794,0.0639132277246,0.0639071713209,0.0637315356151,0.0633136437632,0.0635437871019,0.0631077260391,0.0628049058565,0.0625747625178,0.0625989881324,0.0629442031405,0.0635740691202,0.0631925156902,0.0635437871019,0.0639677353574,0.0642826683473,0.065015493189,0.0651669032803,0.0655060618847,0.0655787387285,0.0658876153147,0.0656514155723,0.0661964919009,0.0662994507629,0.0664871992761,0.0665174812943,0.0662509995337,0.0663721276067,0.0661238150571,0.0661540970753,0.065639302765,0.0661783226899,0.0667597374404,0.06700804999,0.0672260805215,0.0670383320083,0.0673532649981,0.0672745317507,0.0676984800062,0.0680194693997,0.06815271028,0.0682617255457,0.0681042590508,0.0683041203713,0.068413135637,0.0688007454706,0.0690308888093,0.0693700474138,0.06929737057,0.0695638523306,0.0696849804036,0.0695517395233,0.0697031496145,0.0697092060182,0.0695759651379,0.0694366678539,0.0698666725131,0.0698121648803,0.0699756877788,0.0701028722555,0.070526820511,0.0706903434096,0.0704904820891,0.0707327382351,0.0708114714826,0.0710718968396,0.0706176665658,0.0709386559593,0.0710900660505,0.0712051377199,0.0711324608761,0.0712959837747,0.071550352728,0.071774439663,0.0719682445799,0.0721983879186,0.0721681059003,0.0724588132756,0.0727737462654,0.0725072645048,0.0724890952938,0.072658674596,0.0725012081011,0.0724285312573,0.073282484172,0.073421781456,0.0738638989225,0.0737124888312,0.0737367144458,0.0742939035817,0.0746572878007,0.0745361597277,0.0747784158737,0.0753658870278,0.0750872924599,0.0752508153585,0.075050954038,0.0751963077256,0.0751236308818,0.0751054616709,0.0751781385147,0.0757111020359,0.0761835015207,0.0761411066951,0.076177445117,0.0762501219608,0.0766316753908,0.0771161876829,0.0775340795348,0.0776915460297,0.078448596486,0.0786847962284,0.0786787398247,0.0784243708714,0.0788907139525,0.0791693085204,0.0792783237861,0.0793812826482,0.0794660722993,0.0799263589767,0.0797386104636,0.0799445281877,0.08056228136,0.0806894658367,0.0808469323316,0.0811376397068,0.0815979263843,0.0813375010273,0.0812708805872,0.0814586291003,0.0819613106033,0.0815373623478,0.0817614492829,0.0825427253538,0.0824458228954,0.082591176583,0.0824821613173,0.083075688875,0.083699498451,0.0837116112583,0.0836813292401,0.0842566875869,0.0843111952198,0.0840749954774,0.0846685230351,0.0847533126862,0.0852499377856,0.0858979729762,0.0865399517632,0.0872546073939,0.0877875709152,0.0883932112802,0.0886899750591,0.0891139233147,0.0903433732557,0.0915849360041,0.092747765505,0.0935169287686,0.0937834105293,0.094395107298,0.0951037065251,0.0954489215332,0.0959939978617,0.0968176687582,0.0962362540077,0.0961332951457,0.0963089308516,0.0963452692735,0.0965148485757,0.0965935818231,0.0968055559509,0.0973506322795,0.0979744418555,0.0987254359081,0.099040368898,0.0996278400521,0.0997610809324,0.100312213665,0.10073616192,0.100863346397,0.100820951571,0.101135884561,0.101045038506,0.100681654287,0.101347858689,0.101644622468,0.10181420177,0.101874765806,0.102092796338,0.102516744593,0.102474349768,0.102728718721,0.103358584701,0.103776476553,0.104097465946,0.103479712774,0.103619010058,0.104115635157,0.104927193246,0.105042264916,0.105865935812,0.105853823005,0.105853823005,0.105871992216,0.106308053279,0.107252852248,0.107816097788,0.107997789897,0.108167369199,0.108942588867,0.109142450187,0.109505834406,0.109657244497,0.110281054073,0.110838243209,0.111401488749,0.111946565077,0.111764872968,0.112025298325,0.111698252528,0.111958677885,0.112425020966,0.113285030284,0.113866445035,0.113872501438,0.114387295749,0.114466028996,0.114908146462,0.115011105325,0.115810550606,0.11633140132,0.116343514128,0.116367739742,0.116706898347,0.11689464686,0.11637985255,0.117264087483,0.118087758379,0.118184660837,0.118481424616,0.118469311809,0.119286926302,0.120007638336,0.12008031518,0.120480037821,0.121661036533,0.121624698111,0.121860897853,0.122048646367,0.122393861375,0.123072178583,0.123211475867,0.123035840162,0.123459788417,0.123453732013,0.123453732013,0.123544578068,0.123901905884,0.124755858798,0.125258540301,0.125912631896,0.125918688299,0.126306298133,0.126463764628,0.126512215857,0.126590949104,0.126954333324,0.127602368514,0.127650819743,0.127293491928,0.127675045358,0.128680408364,0.129140695041,0.129074074601,0.129921971112,0.130206622084,0.130836488064,0.130630570339,0.130727472798,0.131133251842,0.13103029298,0.13107874421,0.13147846685,0.131853963877,0.132314250554,0.132604957929,0.13267157837,0.133489192862,0.134318920163,0.13522738071,0.135572595718,0.13567555458,0.135984431167,0.136644579164,0.136711199605,0.137123035053,0.137674167785,0.13745008085,0.137789239454,0.137680224189,0.138134454462,0.138443331049,0.139194325101,0.139654611779,0.13993926275,0.140623636363,0.140968851371,0.14119899471,0.141108148655,0.142016609202,0.141786465864,0.142561685531,0.142089286046,0.142379993422,0.143167325896,0.143064367034,0.143161269492,0.14355493573,0.144542129525,0.144160576095,0.144705652423,0.144972134184,0.146086512456,0.146401445446,0.146147076492,0.147164552305,0.147443146873,0.147915546358,0.147715685038,0.148091182064,0.148545412338,0.14851513032,0.147667233808,0.148036674431,0.148218366541,0.148212310137,0.148412171458,0.148387945843,0.149108657877,0.149363026831,0.149581057362,0.149932328774,0.15037444624,0.150192754131,0.151270793981,0.151064876256,0.151737137062,0.152675879628,0.152548695151,0.152736443664,0.152887853755,0.152833346122,0.153396591662,0.153275463589,0.153511663331,0.153753919477,0.153354196836,0.152839402526,0.152924192177,0.153475324909,