# R script for Peak Model
#  -- generated by MACS
p <- c(0.0355644402087,0.0390511500331,0.0450947803954,0.0492788321847,0.0529979893307,0.0520682000442,0.050905963436,0.0529979893307,0.0518357527225,0.0492788321847,0.0476517009333,0.0497437268279,0.0476517009333,0.0495112795063,0.0529979893307,0.0513708580793,0.0502086214712,0.0506735161144,0.0518357527225,0.0513708580793,0.0534628839739,0.0543926732604,0.0562522518334,0.0548575679037,0.0520682000442,0.0529979893307,0.0525330946874,0.0516033054009,0.052765542009,0.0534628839739,0.052765542009,0.0523006473658,0.0518357527225,0.0532304366523,0.0539277786172,0.0560198045118,0.0576469357632,0.0590416196929,0.0583442777281,0.0592740670146,0.0588091723713,0.0581118304064,0.0599714089794,0.0592740670146,0.0583442777281,0.0548575679037,0.0576469357632,0.0574144884416,0.0576469357632,0.0574144884416,0.0583442777281,0.0574144884416,0.0564846991551,0.0555549098686,0.0560198045118,0.0557873571902,0.0525330946874,0.0495112795063,0.0520682000442,0.052765542009,0.0525330946874,0.0539277786172,0.0539277786172,0.0560198045118,0.0555549098686,0.0569495937983,0.0590416196929,0.0615985402308,0.0567171464767,0.0541602259388,0.0534628839739,0.054625120582,0.0539277786172,0.0541602259388,0.054625120582,0.0548575679037,0.0539277786172,0.0539277786172,0.0571820411199,0.0599714089794,0.0588091723713,0.0588091723713,0.0583442777281,0.0583442777281,0.0585767250497,0.0602038563011,0.0625283295173,0.0620634348741,0.0606687509443,0.0583442777281,0.0618309875524,0.0599714089794,0.0602038563011,0.0609011982659,0.0615985402308,0.0585767250497,0.0574144884416,0.0595065143362,0.0602038563011,0.0613660929092,0.0578793830848,0.0581118304064,0.0583442777281,0.0574144884416,0.0557873571902,0.0569495937983,0.0564846991551,0.0520682000442,0.0492788321847,0.0502086214712,0.0518357527225,0.0516033054009,0.0513708580793,0.0511384107577,0.0518357527225,0.0536953312955,0.0534628839739,0.0583442777281,0.0611336455876,0.0618309875524,0.0618309875524,0.0627607768389,0.0653176973768,0.0641554607687,0.0669448286282,0.0657825920201,0.0662474866633,0.068339512558,0.0685719598796,0.0669448286282,0.0692693018445,0.0690368545228,0.066479933985,0.0657825920201,0.0655501446985,0.0667123813066,0.0662474866633,0.0615985402308,0.0618309875524,0.0629932241606,0.0620634348741,0.0632256714822,0.0648528027336,0.0681070652363,0.0660150393417,0.0641554607687,0.0657825920201,0.066479933985,0.0674097232715,0.0676421705931,0.0690368545228,0.0671772759498,0.0674097232715,0.066479933985,0.0695017491661,0.0685719598796,0.0657825920201,0.0657825920201,0.0660150393417,0.0655501446985,0.0632256714822,0.0660150393417,0.0674097232715,0.0667123813066,0.0643879080903,0.0662474866633,0.0685719598796,0.0674097232715,0.0678746179147,0.0669448286282,0.0657825920201,0.0648528027336,0.0622958821957,0.0618309875524,0.0620634348741,0.0615985402308,0.0606687509443,0.0636905661255,0.0613660929092,0.0592740670146,0.0595065143362,0.0597389616578,0.0578793830848,0.0585767250497,0.0588091723713,0.0576469357632,0.0588091723713,0.0557873571902,0.0560198045118,0.0585767250497,0.0625283295173,0.0636905661255,0.0671772759498,0.0685719598796,0.0695017491661,0.072058669704,0.0713613277391,0.0734533536337,0.0727560116689,0.073918248277,0.0727560116689,0.0688044072012,0.0676421705931,0.0671772759498,0.064620355412,0.0639230134471,0.066479933985,0.0669448286282,0.0685719598796,0.0704315384526,0.0676421705931,0.070199091131,0.0706639857742,0.0704315384526,0.0729884589905,0.0732209063121,0.070199091131,0.0699666438093,0.0699666438093,0.0681070652363,0.0722911170256,0.0741506955986,0.0743831429202,0.0746155902419,0.0741506955986,0.073918248277,0.0771725107797,0.0778698527446,0.0785671947095,0.0801943259609,0.0774049581014,0.0755453795284,0.0781023000662,0.0769400634581,0.077637405423,0.0774049581014,0.0741506955986,0.0729884589905,0.072058669704,0.0697341964877,0.0708964330958,0.0704315384526,0.0671772759498,0.0667123813066,0.0674097232715,0.0699666438093,0.0704315384526,0.0695017491661,0.0692693018445,0.0708964330958,0.0688044072012,0.0699666438093,0.0708964330958,0.0732209063121,0.0708964330958,0.0695017491661,0.0715937750607,0.0722911170256,0.0718262223824,0.0708964330958,0.072058669704,0.0727560116689,0.072058669704,0.0706639857742,0.0722911170256,0.0725235643472,0.0708964330958,0.0711288804175,0.0736858009554,0.0743831429202,0.0729884589905,0.070199091131,0.0715937750607,0.0711288804175,0.070199091131,0.0678746179147,0.0692693018445,0.0692693018445,0.0671772759498,0.0685719598796,0.0688044072012,0.0734533536337,0.073918248277,0.0753129322067,0.0769400634581,0.0787996420311,0.0778698527446,0.0801943259609,0.0846108250718,0.0829836938204,0.0848432723934,0.0818214572123,0.0818214572123,0.0818214572123,0.0827512464988,0.0841459304285,0.0848432723934,0.0808916679258,0.0767076161365,0.0781023000662,0.0797294313176,0.0825187991771,0.0818214572123,0.0818214572123,0.0801943259609,0.0769400634581,0.0736858009554,0.0799618786393,0.0836810357853,0.0829836938204,0.0806592206041,0.0820539045339,0.0836810357853,0.0827512464988,0.0829836938204,0.0883299822178,0.0934438232935,0.0904220081124,0.0885624295394,0.0901895607908,0.0911193500773,0.0894922188259,0.0885624295394,0.090654455434,0.0904220081124,0.0885624295394,0.0892597715043,0.0901895607908,0.0934438232935,0.0915842447205,0.0915842447205,0.0941411652584,0.09437361258,0.0966980857963,0.0983252170477,0.0992550063342,0.0987901116909,0.0997199009774,0.0978603224044,0.101347032229,0.106693320626,0.104601294732,0.104601294732,0.102276821515,0.10297416348,0.101347032229,0.102044374194,0.100649690264,0.0997199009774,0.0976278750828,0.0922815866854,0.0929789286503,0.0927464813287,0.0915842447205,0.09437361258,0.0950709545449,0.09437361258,0.0936762706152,0.0950709545449,0.0955358491882,0.0962331911531,0.0969305331179,0.0960007438314,0.0966980857963,0.0950709545449,0.0966980857963,0.0976278750828,0.103439058123,0.103671505445,0.102044374194,0.102741716159,0.100184795621,0.104833742053,0.109017793842,0.109482688486,0.109017793842,0.106460873305,0.104833742053,0.108088004556,0.111109819737,0.113666740275,0.116456108134,0.115526318848,0.11436408224,0.112272056345,0.112272056345,0.114828976883,0.113899187597,0.11157471438,0.110180030451,0.107623109913,0.106460873305,0.105995978661,0.105066189375,0.10576353134,0.106460873305,0.107390662591,0.106460873305,0.108552899199,0.108088004556,0.112504503667,0.111342267059,0.112272056345,0.115293871526,0.114131634918,0.111807161702,0.110877372415,0.112736950988,0.108320451878,0.112039609024,0.112039609024,0.115061424205,0.116688555456,0.116223660813,0.119477923316,0.125056659035,0.125754001,0.123661975105,0.125056659035,0.122732185818,0.120175265281,0.121105054567,0.12156994921,0.119710370637,0.119013028672,0.119477923316,0.121105054567,0.122034843854,0.120640159924,0.121105054567,0.121105054567,0.120175265281,0.117385897421,0.119942817959,0.119245475994,0.117385897421,0.113899187597,0.113666740275,0.117618344743,0.119245475994,0.119710370637,0.123197080462,0.12435931707,0.123661975105,0.127381132251,0.125986448321,0.128310921537,0.135749235829,0.133889657256,0.133424762613,0.135516788508,0.131797631362,0.13295986797,0.132262526005,0.13017050011,0.129938052789,0.132494973327,0.127846026894,0.131100289397,0.130402947432,0.126218895643,0.125986448321,0.123894422427,0.124126869748,0.123661975105,0.126683790286,0.126683790286,0.12296463314,0.119013028672,0.117618344743,0.121337501889,0.122732185818,0.125521553678,0.13017050011,0.133424762613,0.131100289397,0.129705605467,0.13156518404,0.134819446543,0.134122104578,0.133889657256,0.136911472438,0.138538603689,0.137376367081,0.137376367081,0.141792866192,0.141095524227,0.139700840297,0.139700840297,0.142257760835,0.142490208157,0.142722655478,0.14156041887,0.14016573494,0.139700840297,0.135981683151,0.134586999221,0.137143919759,0.139933287619,0.140630629584,0.140398182262,0.138073709046,0.139700840297,0.139003498332,0.139003498332,0.137376367081,0.141095524227,0.142722655478,