# R script for Peak Model
#  -- generated by MACS
p <- c(0.0339463928975,0.0400198689431,0.0453341604829,0.050431542164,0.056613473139,0.0570472928565,0.0591079365148,0.0576980224328,0.0586741167973,0.0588910266561,0.0595417562324,0.0595417562324,0.0595417562324,0.0614939449613,0.0609516703144,0.0616023998907,0.0613854900319,0.0604093956674,0.0600840308793,0.0593248463736,0.0587825717267,0.058023387221,0.058023387221,0.0561796534214,0.0557458337039,0.0536851900456,0.051841456246,0.0533598252574,0.0530344604693,0.0543359196219,0.0535767351162,0.0541190097631,0.0547697393394,0.0547697393394,0.0543359196219,0.0545528294807,0.056071198492,0.0550951041276,0.0557458337039,0.0548781942688,0.0553120139863,0.0549866491982,0.0545528294807,0.0543359196219,0.0549866491982,0.0554204689157,0.0543359196219,0.0543359196219,0.053793644975,0.05466128441,0.0540105548337,0.0543359196219,0.0550951041276,0.0568303829977,0.0573726576447,0.0588910266561,0.0593248463736,0.0611685801731,0.0613854900319,0.0607347604556,0.0616023998907,0.0627954041139,0.0619277646788,0.0621446745376,0.0616023998907,0.0613854900319,0.0604093956674,0.0589994815854,0.0585656618679,0.0593248463736,0.0601924858087,0.0593248463736,0.0591079365148,0.0576980224328,0.0581318421504,0.0575895675034,0.0589994815854,0.0597586660911,0.0604093956674,0.0599755759499,0.0606263055262,0.0595417562324,0.0617108548201,0.0617108548201,0.0618193097494,0.0616023998907,0.0614939449613,0.0625784942551,0.0630123139727,0.0633376787608,0.0626869491845,0.0643137731253,0.0637714984784,0.0644222280547,0.0648560477722,0.0649645027016,0.0657236872073,0.065072957631,0.0659405970661,0.0663744167836,0.0656152322779,0.0647475928428,0.0639884083371,0.0644222280547,0.0634461336902,0.0640968632665,0.0642053181959,0.0652898674898,0.0637714984784,0.063663043549,0.0637714984784,0.0640968632665,0.0633376787608,0.0633376787608,0.0632292238315,0.0627954041139,0.0610601252438,0.0592163914442,0.0614939449613,0.0625784942551,0.0624700393258,0.0637714984784,0.0646391379135,0.0643137731253,0.0659405970661,0.0660490519955,0.0673505111481,0.0662659618542,0.0659405970661,0.0657236872073,0.0660490519955,0.0640968632665,0.0630123139727,0.0643137731253,0.0646391379135,0.0635545886196,0.0631207689021,0.0640968632665,0.0635545886196,0.0629038590433,0.0614939449613,0.0626869491845,0.0647475928428,0.0627954041139,0.0621446745376,0.0634461336902,0.0639884083371,0.0644222280547,0.0639884083371,0.0634461336902,0.0653983224192,0.0652898674898,0.0648560477722,0.0653983224192,0.0645306829841,0.0639884083371,0.0633376787608,0.0630123139727,0.0632292238315,0.0619277646788,0.0612770351025,0.0612770351025,0.0605178505968,0.0605178505968,0.0598671210205,0.0609516703144,0.0623615843964,0.0620362196082,0.0623615843964,0.0633376787608,0.0629038590433,0.0620362196082,0.0619277646788,0.0612770351025,0.0624700393258,0.0614939449613,0.0619277646788,0.062253129467,0.0619277646788,0.060843215385,0.0630123139727,0.0632292238315,0.0633376787608,0.0639884083371,0.0649645027016,0.0638799534078,0.0623615843964,0.0627954041139,0.0611685801731,0.0627954041139,0.0624700393258,0.0625784942551,0.062253129467,0.0625784942551,0.0624700393258,0.0626869491845,0.0637714984784,0.0631207689021,0.0646391379135,0.0656152322779,0.0638799534078,0.0634461336902,0.0634461336902,0.0639884083371,0.0634461336902,0.0640968632665,0.0633376787608,0.0637714984784,0.0635545886196,0.0638799534078,0.0658321421367,0.067892785795,0.0687604252301,0.0689773350889,0.0686519703007,0.0691942449476,0.0704957041002,0.0710379787472,0.0709295238178,0.0694111548064,0.0675674210069,0.0674589660775,0.0670251463599,0.0665913266424,0.0656152322779,0.0658321421367,0.0638799534078,0.0638799534078,0.0658321421367,0.0652898674898,0.0675674210069,0.0655067773485,0.0666997815718,0.0673505111481,0.0681096956538,0.0689773350889,0.0700618843827,0.0723394378998,0.0717971632529,0.0726648026879,0.0726648026879,0.0722309829704,0.0725563477586,0.0723394378998,0.0730986224055,0.0709295238178,0.0713633435353,0.0696280646652,0.0700618843827,0.0711464336766,0.0695196097358,0.0711464336766,0.0712548886059,0.0711464336766,0.0715802533941,0.0737493519818,0.0720140731116,0.0720140731116,0.0706041590296,0.0697365195946,0.0711464336766,0.072122528041,0.0736408970524,0.0739662618406,0.0750508111344,0.0748339012756,0.0762438153577,0.0757015407107,0.0767860900046,0.0762438153577,0.0773283646515,0.0764607252164,0.0745085364875,0.073532442123,0.0713633435353,0.070712613959,0.0698449745239,0.0703872491709,0.0714717984647,0.0722309829704,0.0701703393121,0.0708210688884,0.0711464336766,0.0725563477586,0.0729901674761,0.0739662618406,0.0767860900046,0.0760269054989,0.0752677209932,0.0766776350752,0.0755930857813,0.0758099956401,0.0764607252164,0.076352270287,0.0762438153577,0.0765691801458,0.0747254463463,0.0767860900046,0.0759184505695,0.0747254463463,0.0779790942278,0.0770029998633,0.076894544934,0.0779790942278,0.0801481928155,0.0792805533804,0.0815581068975,0.0813411970387,0.0828595660501,0.0835102956264,0.083944115344,0.0852455744966,0.0844863899909,0.082534201262,0.0818834716857,0.0832933857677,0.0832933857677,0.0852455744966,0.0860047590023,0.0875231280137,0.0877400378725,0.0862216688611,0.0877400378725,0.0890414970251,0.0888245871663,0.08817385759,0.0883907674488,0.0865470336492,0.0858963040729,0.0844863899909,0.0831849308383,0.0850286646378,0.0847032998497,0.083944115344,0.0857878491435,0.0863301237905,0.0852455744966,0.0851371195672,0.0848117547791,0.0845948449203,0.0870893082962,0.0851371195672,0.0865470336492,0.0883907674488,0.0876315829431,0.0890414970251,0.0904514111071,0.0917528702597,0.0927289646242,0.095765702647,0.0930543294123,0.0947896082825,0.0937050589886,0.0955487927882,0.0954403378588,0.0946811533531,0.093813513918,0.0930543294123,0.0915359604009,0.0902345012483,0.0918613251891,0.0918613251891,0.0943557885649,0.0920782350479,0.0939219688474,0.0946811533531,0.0953318829294,0.0942473336356,0.0967417970114,0.0953318829294,0.0958741575763,0.0975009815171,0.0944642434943,0.0954403378588,0.0950065181413,0.0953318829294,0.0948980632119,0.095223428,0.0973925265877,0.100429264611,0.100971539257,0.100429264611,0.101947633622,0.103032182916,0.103466002633,0.103682912492,0.105201281503,0.106394285727,0.103682912492,0.102923727986,0.103032182916,0.104225187139,0.10400827728,0.103466002633,0.104333642068,0.104875916715,0.105309736433,0.106177375868,0.107695744879,0.108129564597,0.107261925162,0.106502740656,0.108671839244,0.107912654738,0.109756388538,0.110190208255,0.109756388538,0.111708577267,0.112142396984,0.114203040642,0.114419950501,0.114094585713,0.111708577267,0.112467761772,0.110840937831,0.110949392761,0.113986130784,0.112250851913,0.11290158149,0.109756388538,0.111491667408,0.113769220925,0.116589049089,0.116589049089,0.116263684301,0.116914413877,0.114745315289,0.116589049089,0.114311495572,0.116155229371,0.116697504018,0.117131323736,0.117565143453,0.1199511519,0.119408877253,0.11984269697,0.119517332182,0.118649692747,0.119300422323,0.119300422323,0.1181074181,0.117131323736,0.116480594159,0.116155229371,0.117348233595,0.115612954724,0.119734242041,0.121794885699,0.123096344852,0.125807718087,0.128627546251,0.129386730756,0.128952911039,0.12700072231,0.127976816674,0.130254370191,0.128193726533,0.128952911039,0.129603640615,0.127759906816,0.126349992734,0.127326087098,0.128519091321,0.128519091321,0.130362825121,0.132423468779,0.133833382861,0.131122009626,0.131989649062,0.132857288497,0.13047128005,0.130254370191,0.129820550474,0.13220655892,0.129929005403,0.127542996957,0.126133082875,0.128193726533,0.129169820898,0.13047128005,0.132965743426,0.133508018073,0.135351751872,0.138713854683,0.140340678624,0.141316772989,0.142726687071,0.143919691294,0.143377416647,0.143377416647,0.1446788758,0.146522609599,0.145763425093,0.144895785658,0.146956429317,0.145763425093,0.148040978611,0.147715613822,0.147173339175,0.148257888469,0.145112695517,0.143811236365,0.144245056082,0.142618232141,0.142509777212,0.145871880023,0.144895785658,