# R script for Peak Model
#  -- generated by MACS
p <- c(0.037528046226,0.0436496424189,0.048706613187,0.0544289748456,0.0598851801479,0.0580220856544,0.0577559292982,0.0580220856544,0.0585543983669,0.0568243820515,0.0542958966675,0.0542958966675,0.0536305057769,0.0544289748456,0.0562920693391,0.0569574602296,0.0576228511201,0.0572236165858,0.0588205547231,0.0601513365041,0.0597521019698,0.0590867110793,0.0609498055728,0.0596190237917,0.0588205547231,0.0601513365041,0.0613490401071,0.0610828837509,0.060018258326,0.0606836492166,0.0604174928604,0.0597521019698,0.0577559292982,0.0581551638325,0.0572236165858,0.0564251475172,0.0552274439142,0.0546951312018,0.054961287558,0.0542958966675,0.0545620530237,0.0554936002704,0.0578890074763,0.0577559292982,0.0573566947639,0.0550943657361,0.0542958966675,0.0545620530237,0.0550943657361,0.0557597566266,0.0577559292982,0.0576228511201,0.0578890074763,0.0578890074763,0.0580220856544,0.0597521019698,0.0613490401071,0.0605505710385,0.0592197892574,0.0594859456136,0.0593528674355,0.0602844146822,0.0606836492166,0.061215961929,0.0638775254911,0.064942150916,0.064942150916,0.0670714017657,0.0672044799438,0.0660067763408,0.0657406199846,0.066272932697,0.0641436818473,0.0644098382036,0.0625467437101,0.0622805873538,0.0608167273947,0.0617482746414,0.063744447313,0.0641436818473,0.0625467437101,0.0609498055728,0.0630790564225,0.0632121346006,0.0641436818473,0.063744447313,0.0652083072722,0.0641436818473,0.062413665532,0.0629459782444,0.0633452127787,0.0629459782444,0.0617482746414,0.0617482746414,0.0613490401071,0.0601513365041,0.0597521019698,0.0605505710385,0.0609498055728,0.0605505710385,0.0608167273947,0.0604174928604,0.0613490401071,0.0621475091757,0.0620144309976,0.0621475091757,0.0618813528195,0.0588205547231,0.0593528674355,0.0601513365041,0.0606836492166,0.060018258326,0.0584213201888,0.0572236165858,0.0572236165858,0.0602844146822,0.060018258326,0.0618813528195,0.0628129000663,0.060018258326,0.061215961929,0.0629459782444,0.0638775254911,0.0648090727379,0.0642767600254,0.0617482746414,0.0625467437101,0.0644098382036,0.0605505710385,0.0625467437101,0.0620144309976,0.0633452127787,0.0641436818473,0.064942150916,0.066272932697,0.0680029490124,0.0674706363,0.0656075418065,0.0695998871497,0.0710637471089,0.0701321998621,0.0719952943556,0.0717291379994,0.0707975907527,0.0694668089716,0.0681360271905,0.0685352617249,0.0688014180811,0.0670714017657,0.0654744636284,0.0656075418065,0.0636113691349,0.0636113691349,0.0630790564225,0.0646759945598,0.0650752290941,0.0656075418065,0.0648090727379,0.0648090727379,0.0665390890533,0.0650752290941,0.0640106036692,0.063744447313,0.062413665532,0.0613490401071,0.0602844146822,0.0588205547231,0.0602844146822,0.0613490401071,0.0588205547231,0.0596190237917,0.0598851801479,0.0593528674355,0.0597521019698,0.0589536329012,0.0589536329012,0.0584213201888,0.0577559292982,0.0565582256953,0.0568243820515,0.0584213201888,0.0598851801479,0.0616151964633,0.0629459782444,0.0641436818473,0.0657406199846,0.0673375581219,0.0665390890533,0.0666721672314,0.0666721672314,0.0669383235876,0.0645429163817,0.0648090727379,0.0648090727379,0.0641436818473,0.0636113691349,0.0630790564225,0.0636113691349,0.063744447313,0.0654744636284,0.0660067763408,0.0674706363,0.063744447313,0.0644098382036,0.0640106036692,0.062413665532,0.0626798218882,0.0641436818473,0.0648090727379,0.0636113691349,0.0626798218882,0.0636113691349,0.0650752290941,0.0646759945598,0.0652083072722,0.0676037144781,0.0673375581219,0.0677367926562,0.0688014180811,0.0689344962592,0.0689344962592,0.0678698708343,0.0681360271905,0.0674706363,0.0688014180811,0.0678698708343,0.0689344962592,0.0681360271905,0.0665390890533,0.0676037144781,0.0685352617249,0.0715960598213,0.0723945288899,0.0743907015615,0.0739914670272,0.0753222488083,0.0758545615207,0.076253796055,0.0761207178769,0.0766530305894,0.0743907015615,0.0717291379994,0.072527607068,0.0698660435059,0.0695998871497,0.0693337307935,0.0695998871497,0.068668339903,0.0695998871497,0.0693337307935,0.0713299034651,0.071196825287,0.0722614507118,0.0727937634243,0.072527607068,0.0719952943556,0.0707975907527,0.0705314343965,0.0698660435059,0.0676037144781,0.068668339903,0.0694668089716,0.0681360271905,0.0706645125746,0.0714629816432,0.0733260761367,0.0735922324929,0.074923014274,0.0771853433018,0.0785161250828,0.0770522651237,0.0770522651237,0.0783830469047,0.0771853433018,0.0771853433018,0.074923014274,0.0761207178769,0.0757214833426,0.0723945288899,0.0738583888491,0.0750560924521,0.0750560924521,0.0726606852462,0.0723945288899,0.0726606852462,0.0742576233834,0.0733260761367,0.0719952943556,0.0757214833426,0.0750560924521,0.0733260761367,0.0735922324929,0.0754553269864,0.0759876396988,0.0758545615207,0.076253796055,0.0786492032609,0.0806453759325,0.0801130632201,0.0798469068639,0.0814438450012,0.0822423140698,0.0801130632201,0.0794476723296,0.0809115322888,0.0818430795355,0.0819761577136,0.0831738613166,0.0823753922479,0.0843715649195,0.0850369558101,0.0859685030568,0.0883639102627,0.0902270047562,0.0871662066598,0.0861015812349,0.0859685030568,0.0839723303852,0.0846377212757,0.0842384867414,0.0846377212757,0.0842384867414,0.0839723303852,0.0830407831385,0.0850369558101,0.0855692685225,0.0846377212757,0.0871662066598,0.0869000503036,0.0865008157692,0.0854361903444,0.0858354248787,0.0859685030568,0.0863677375911,0.0869000503036,0.0876985193722,0.0882308320846,0.087432363016,0.0886300666189,0.0884969884408,0.0892954575095,0.0886300666189,0.0895616138657,0.0888962229751,0.0890293011533,0.0886300666189,0.0867669721254,0.0875654411941,0.0875654411941,0.087432363016,0.0896946920438,0.0915577865373,0.0908923956467,0.0907593174686,0.0919570210716,0.0903600829343,0.0919570210716,0.0908923956467,0.0899608484,0.0903600829343,0.0863677375911,0.083706174029,0.0845046430976,0.0861015812349,0.0846377212757,0.0872992848379,0.0871662066598,0.0879646757284,0.0884969884408,0.0902270047562,0.0955501318805,0.0964816791272,0.0954170537024,0.0967478354834,0.0982116954426,0.0990101645112,0.101139415361,0.101139415361,0.103002509854,0.102470197142,0.100607102649,0.102070962608,0.104466369814,0.102736353498,0.103002509854,0.100607102649,0.100873259005,0.101272493539,0.101272493539,0.101804806251,0.101139415361,0.10193788443,0.100873259005,0.101405571717,0.101538649895,0.103268666211,0.103135588033,0.10193788443,0.103401744389,0.103268666211,0.103934057101,0.104466369814,0.105797151595,0.106595620663,0.106462542485,0.106994855198,0.106994855198,0.108857949691,0.10965641876,0.111253356897,0.114846467706,0.113515685925,0.115778014953,0.116709562199,0.117108796734,0.118705734871,0.117641109446,0.118173422159,0.116842640378,0.117774187624,0.11458031135,0.117108796734,0.114846467706,0.11524570224,0.115378780418,0.113914920459,0.116576484021,0.115778014953,0.115778014953,0.115778014953,0.116310327665,0.116044171309,0.116177249487,0.113515685925,0.112850295034,0.114846467706,0.113116451391,0.114047998637,0.113382607747,0.113648764103,0.112983373212,0.111918747788,0.112983373212,0.114314154993,0.116975718556,0.116842640378,0.116842640378,0.116310327665,0.117508031268,0.116310327665,0.118306500337,0.118838813049,0.118173422159,0.119770360296,0.118572656693,0.119770360296,0.12016959483,0.121367298433,0.119238047583,0.120968063899,0.121101142077,0.118838813049,0.121766532967,0.120834985721,0.121367298433,0.118971891227,0.119371125762,0.121367298433,0.121899611146,0.121367298433,0.121367298433,0.123363471105,0.120834985721,0.122032689324,0.123629627461,0.123895783817,0.123230392927,0.122831158392,0.12509348742,0.123496549283,0.122565002036,0.123496549283,0.124161940173,0.125891956489,0.124028861995,0.125359643776,0.126690425557,0.124694252886,0.123097314749,0.125492721954,0.128287363695,0.12935198912,0.130283536366,0.132545865394,0.133477412641,0.134009725353,0.13773591434,0.13986516519,0.140796712437,0.139599008834,0.138800539765,0.138268227053,0.139199774299,0.137469757984,0.138800539765,0.141728259683,0.140131321546,0.140397477902,