# R script for Peak Model
#  -- generated by MACS
p <- c(0.0299118006096,0.0341560425879,0.0390066048489,0.0456761279578,0.0513351172623,0.0507287969797,0.0507287969797,0.0521435443058,0.0507287969797,0.0515372240232,0.0517393307841,0.0533561848711,0.0543667186755,0.0539625051537,0.0537603983928,0.0559835727625,0.0565898930451,0.0547709321972,0.0559835727625,0.0563877862842,0.056791999806,0.056791999806,0.0565898930451,0.0580046403712,0.0580046403712,0.0561856795234,0.0553772524798,0.0561856795234,0.0571962133277,0.0578025336104,0.0588130674147,0.0571962133277,0.0569941065669,0.0543667186755,0.0541646119146,0.0549730389581,0.0557814660016,0.0557814660016,0.0553772524798,0.055175145719,0.0561856795234,0.0578025336104,0.0598236012191,0.0608341350235,0.0612383485452,0.0620467755887,0.0612383485452,0.061642562067,0.0636636296757,0.0640678431975,0.0612383485452,0.0604299215017,0.058408853893,0.0561856795234,0.0561856795234,0.0559835727625,0.056791999806,0.0573983200886,0.0571962133277,0.0561856795234,0.0576004268495,0.0569941065669,0.0571962133277,0.0586109606539,0.0576004268495,0.0576004268495,0.056791999806,0.0569941065669,0.053558291632,0.053558291632,0.0529519713493,0.0547709321972,0.0549730389581,0.0563877862842,0.0559835727625,0.0553772524798,0.0563877862842,0.0565898930451,0.0594193876974,0.0596214944582,0.0614404553061,0.0612383485452,0.06002570798,0.0604299215017,0.0626530958714,0.0612383485452,0.0602278147409,0.0586109606539,0.0565898930451,0.0555793592407,0.0555793592407,0.0549730389581,0.056791999806,0.0563877862842,0.0555793592407,0.0578025336104,0.0571962133277,0.0586109606539,0.0598236012191,0.0606320282626,0.0580046403712,0.0590151741756,0.0592172809365,0.0604299215017,0.0612383485452,0.0620467755887,0.0636636296757,0.0638657364366,0.0634615229149,0.0622488823496,0.0628552026322,0.0612383485452,0.0596214944582,0.0582067471321,0.0586109606539,0.0565898930451,0.0563877862842,0.0573983200886,0.0604299215017,0.0642699499584,0.0658868040454,0.066493124328,0.0687162986976,0.0693226189803,0.0675036581324,0.068109978415,0.0675036581324,0.0656846972845,0.0638657364366,0.0598236012191,0.0588130674147,0.0602278147409,0.0576004268495,0.0565898930451,0.0588130674147,0.0588130674147,0.0582067471321,0.056791999806,0.0555793592407,0.0578025336104,0.0592172809365,0.0586109606539,0.0604299215017,0.0606320282626,0.0578025336104,0.058408853893,0.0606320282626,0.063259416154,0.0620467755887,0.0618446688279,0.0596214944582,0.0598236012191,0.0602278147409,0.0606320282626,0.0618446688279,0.0634615229149,0.0614404553061,0.063259416154,0.0654825905236,0.0650783770019,0.066493124328,0.0652804837627,0.0650783770019,0.0634615229149,0.063259416154,0.0638657364366,0.0642699499584,0.0620467755887,0.0596214944582,0.0612383485452,0.0604299215017,0.0618446688279,0.0624509891105,0.0660889108062,0.0666952310889,0.0644720567192,0.0634615229149,0.0630573093931,0.0662910175671,0.0656846972845,0.0670994446106,0.0673015513715,0.0679078716541,0.0652804837627,0.0662910175671,0.0638657364366,0.0646741634801,0.0638657364366,0.0652804837627,0.0640678431975,0.0622488823496,0.0604299215017,0.06002570798,0.0608341350235,0.0604299215017,0.064876270241,0.0656846972845,0.0670994446106,0.0654825905236,0.0666952310889,0.0670994446106,0.0677057648932,0.0658868040454,0.0650783770019,0.0636636296757,0.0646741634801,0.0654825905236,0.064876270241,0.0642699499584,0.0634615229149,0.0640678431975,0.0650783770019,0.0634615229149,0.0630573093931,0.0646741634801,0.061642562067,0.0630573093931,0.0626530958714,0.0620467755887,0.0624509891105,0.0626530958714,0.0640678431975,0.0675036581324,0.0677057648932,0.0687162986976,0.0703331527846,0.0675036581324,0.0677057648932,0.0699289392629,0.0709394730673,0.0699289392629,0.0679078716541,0.0668973378497,0.0679078716541,0.0652804837627,0.0640678431975,0.066493124328,0.0668973378497,0.0650783770019,0.0622488823496,0.0622488823496,0.063259416154,0.0636636296757,0.0622488823496,0.0642699499584,0.0628552026322,0.0630573093931,0.0620467755887,0.066493124328,0.0679078716541,0.0677057648932,0.0693226189803,0.071343686589,0.0737689677195,0.0749816082848,0.0772047826544,0.0755879285674,0.0763963556109,0.0703331527846,0.0709394730673,0.0715457933499,0.0701310460238,0.0687162986976,0.0660889108062,0.0636636296757,0.0644720567192,0.0660889108062,0.0662910175671,0.0691205122194,0.0703331527846,0.0695247257411,0.0683120851759,0.068109978415,0.069726832502,0.0701310460238,0.0685141919367,0.0679078716541,0.0652804837627,0.0640678431975,0.0622488823496,0.064876270241,0.0660889108062,0.0646741634801,0.0640678431975,0.0634615229149,0.0622488823496,0.0628552026322,0.0673015513715,0.0691205122194,0.0725563271543,0.0727584339151,0.0723542203934,0.0739710744804,0.0774068894153,0.0792258502631,0.082661665198,0.0830658787198,0.0812469178719,0.0828637719589,0.0816511313936,0.0820553449154,0.0812469178719,0.0824595584371,0.0816511313936,0.0822574516763,0.0808427043501,0.0798321705458,0.0832679854807,0.0834700922415,0.0856932666112,0.0869059071764,0.0889269747852,0.0913522559157,0.0911501491548,0.0931712167635,0.0964049249375,0.0978196722637,0.0984259925463,0.0976175655028,0.095596497894,0.0937775370462,0.093979643807,0.0935754302853,0.0953943911332,0.0943838573288,0.0927670032418,0.0917564694374,0.0925648964809,0.090745935633,0.0893311883069,0.0915543626765,0.0913522559157,0.0929691100027,0.0903417221113,0.0901396153504,0.0887248680243,0.0897354018287,0.0887248680243,0.0895332950678,0.0919585761983,0.0889269747852,0.0893311883069,0.0879164409808,0.0921606829592,0.0917564694374,0.0925648964809,0.0945859640897,0.09236278972,0.0962028181767,0.0951922843723,0.0970112452202,0.0990323128289,0.0960007114158,0.0941817505679,0.095596497894,0.0974154587419,0.0968091384593,0.0998407398724,0.0964049249375,0.0976175655028,0.0986280993072,0.0984259925463,0.0976175655028,0.0964049249375,0.0972133519811,0.0988302060681,0.0980217790246,0.0962028181767,0.0994365263507,0.0986280993072,0.0994365263507,0.0978196722637,0.101255487199,0.100042846633,0.100042846633,0.0984259925463,0.0980217790246,0.10165970072,0.0984259925463,0.0980217790246,0.0988302060681,0.101861807481,0.102266021003,0.103074448046,0.103276554807,0.103276554807,0.104893408894,0.101053380438,0.103478661568,0.104893408894,0.103478661568,0.102468127764,0.102670234525,0.104287088612,0.103680768329,0.105297622416,0.105903942699,0.10630815622,0.107318690025,0.108935544112,0.111158718481,0.110350291438,0.111765038764,0.114796640177,0.116413494264,0.113583999612,0.109946077916,0.111360825242,0.110552398199,0.108935544112,0.106712369742,0.108329223829,0.107722903547,0.106712369742,0.107116583264,0.111360825242,0.116413494264,0.119040882156,0.119040882156,0.121264056525,0.123285124134,0.122678803851,0.124497764699,0.12247669709,0.121870376808,0.120859843003,0.120657736243,0.119647202438,0.118838775395,0.116817707786,0.11540296046,0.114796640177,0.113381892851,0.114594533416,0.114190319895,0.116615601025,0.115200853699,0.114190319895,0.116817707786,0.119242988916,0.122880910612,0.12469987146,0.123689337656,0.127327259351,0.127731472873,0.125508298504,0.128135686395,0.131369394569,0.130156754004,0.133188355417,0.12934832696,0.128337793156,0.129752540482,0.126720939069,0.128337793156,0.129752540482,0.128944113438,0.126518832308,0.131369394569,0.130156754004,0.130358860765,0.132582035134,0.133794675699,0.138645237961,0.140059985287,0.140464198808,0.142283159656,0.143697906982,0.142283159656,0.144506334026,0.148144255722,0.146729508396,0.145921081352,0.143900013743,0.141878946135,0.1430915867,0.139453665004,0.14086841233,0.140059985287,0.139251558243,0.137230490634,0.140059985287,0.141676839374,0.135613636547,0.136624170352,0.133188355417,0.135815743308,0.135007316265,0.135613636547,0.135007316265,0.135411529786,0.135209423026,0.137230490634,0.144506334026,0.144708440787,0.147133721917,0.147133721917,0.147335828678,0.144304227265,0.145112654309,0.144506334026,0.144304227265,0.142687373178,0.139655771765,0.14086841233,0.141878946135,0.141272625852,