# R script for Peak Model
#  -- generated by MACS
p <- c(0.0341355870916,0.0407468272793,0.0472231441979,0.0514057655411,0.058151928998,0.0593662384202,0.0599059314968,0.0596360849585,0.0577471591906,0.0582868522671,0.0568026963066,0.0562630032301,0.0538343843856,0.054239154193,0.0543740774621,0.0531597680399,0.0528899215016,0.0532946913091,0.0550486938078,0.055183617077,0.0557233101535,0.054239154193,0.0557233101535,0.0559931566918,0.0531597680399,0.0530248447708,0.0536994611165,0.0531597680399,0.0549137705387,0.055183617077,0.0565328497683,0.0563979264992,0.0553185403461,0.0563979264992,0.0577471591906,0.0588265453437,0.0597710082276,0.0588265453437,0.0561280799609,0.0568026963066,0.0566677730375,0.0608503943807,0.0632790132252,0.0643583993783,0.0663822484153,0.0677314811067,0.0663822484153,0.0674616345684,0.0682711741832,0.0675965578376,0.0659774786079,0.0635488597635,0.0615250107264,0.0608503943807,0.0603107013042,0.0589614686128,0.0592313151511,0.0597710082276,0.060175778035,0.0613900874573,0.0617948572647,0.0623345503412,0.0642234761091,0.063144089956,0.0624694736104,0.0643583993783,0.0630091666869,0.0642234761091,0.06408855284,0.0627393201486,0.0630091666869,0.0624694736104,0.0617948572647,0.0626043968795,0.0626043968795,0.0603107013042,0.0621996270721,0.0612551641881,0.0620647038029,0.0612551641881,0.0612551641881,0.0627393201486,0.06408855284,0.0638187063017,0.0634139364943,0.0638187063017,0.0630091666869,0.0638187063017,0.0623345503412,0.0635488597635,0.0643583993783,0.0634139364943,0.0616599339955,0.0623345503412,0.0605805478424,0.0617948572647,0.0619297805338,0.0609853176499,0.0615250107264,0.0608503943807,0.0609853176499,0.0616599339955,0.0630091666869,0.063144089956,0.065033015724,0.0646282459165,0.0643583993783,0.0644933226474,0.0644933226474,0.0644933226474,0.0628742434178,0.0609853176499,0.061120240919,0.0615250107264,0.0613900874573,0.0613900874573,0.06408855284,0.0638187063017,0.0667870182227,0.0681362509141,0.068001327645,0.068001327645,0.0673267112993,0.0677314811067,0.0689457905289,0.0686759439907,0.0673267112993,0.0662473251462,0.0651679389931,0.06408855284,0.0647631691857,0.0653028622622,0.065033015724,0.063144089956,0.0615250107264,0.0630091666869,0.0620647038029,0.0635488597635,0.0620647038029,0.0620647038029,0.0638187063017,0.0630091666869,0.06408855284,0.0655727088005,0.0666520949536,0.0669219414919,0.068001327645,0.067056864761,0.0671917880301,0.0684060974524,0.067056864761,0.0671917880301,0.0659774786079,0.0653028622622,0.0644933226474,0.0624694736104,0.063144089956,0.0619297805338,0.0628742434178,0.0608503943807,0.0599059314968,0.0615250107264,0.0615250107264,0.0621996270721,0.0632790132252,0.0644933226474,0.0627393201486,0.0643583993783,0.0628742434178,0.0643583993783,0.0654377855314,0.0642234761091,0.0655727088005,0.0659774786079,0.0639536295709,0.0613900874573,0.0603107013042,0.0608503943807,0.0590963918819,0.0578820824597,0.0574773126523,0.0590963918819,0.0574773126523,0.0555883868844,0.0568026963066,0.057207466114,0.0576122359214,0.0582868522671,0.0607154711116,0.0627393201486,0.0621996270721,0.0620647038029,0.0628742434178,0.063144089956,0.0647631691857,0.0665171716845,0.068001327645,0.067056864761,0.0669219414919,0.0665171716845,0.0677314811067,0.067056864761,0.0674616345684,0.0694854836055,0.0690807137981,0.0711045628351,0.0689457905289,0.0706997930277,0.0712394861043,0.0686759439907,0.0673267112993,0.0674616345684,0.0659774786079,0.067056864761,0.0663822484153,0.0646282459165,0.0661124018771,0.0627393201486,0.0621996270721,0.0638187063017,0.0659774786079,0.0665171716845,0.0674616345684,0.0653028622622,0.0661124018771,0.0655727088005,0.0651679389931,0.0688108672598,0.0675965578376,0.0684060974524,0.0677314811067,0.0671917880301,0.0663822484153,0.0673267112993,0.0673267112993,0.0669219414919,0.067056864761,0.0665171716845,0.0697553301437,0.0693505603363,0.0698902534129,0.0697553301437,0.0706997930277,0.0713744093734,0.0701600999512,0.0716442559117,0.0720490257191,0.0712394861043,0.0702950232203,0.070025176682,0.0708347162968,0.0713744093734,0.0721839489882,0.0693505603363,0.0689457905289,0.0681362509141,0.0694854836055,0.0694854836055,0.0701600999512,0.0702950232203,0.0677314811067,0.067056864761,0.0653028622622,0.0671917880301,0.0704299464894,0.072993488603,0.0715093326425,0.0697553301437,0.0685410207215,0.0694854836055,0.0725887187956,0.0717791791808,0.0736681049487,0.0740728747561,0.0715093326425,0.0706997930277,0.0711045628351,0.0743427212944,0.0755570307166,0.0740728747561,0.0732633351413,0.0756919539858,0.075961800524,0.0767713401389,0.0785253426376,0.0783904193685,0.0786602659068,0.0806841149438,0.0796047287907,0.0809539614821,0.0800094985981,0.0796047287907,0.0809539614821,0.0805491916747,0.079874575329,0.0794698055216,0.079874575329,0.0766364168697,0.0773110332154,0.0756919539858,0.076906263408,0.0763665703315,0.0755570307166,0.0762316470623,0.0775808797537,0.0779856495611,0.0791999589833,0.0827079639809,0.0836524268648,0.0875652016698,0.0882398180155,0.0885096645538,0.0879699714772,0.0881048947464,0.0885096645538,0.0898588972451,0.0903985903217,0.0878350482081,0.0877001249389,0.0866207387859,0.0854064293636,0.0879699714772,0.0894541274377,0.0893192041686,0.0878350482081,0.0866207387859,0.0866207387859,0.0871604318624,0.088779511092,0.089723973976,0.0914779764748,0.0909382833982,0.0883747412846,0.0866207387859,0.0871604318624,0.0886445878229,0.088779511092,0.0886445878229,0.0874302784007,0.0863508922476,0.0868905853241,0.0864858155167,0.0894541274377,0.0916128997439,0.0924224393587,0.0948510582032,0.0952558280106,0.0949859814723,0.0940415185884,0.0943113651267,0.0922875160896,0.0929621324353,0.0944462883958,0.0953907512797,0.0953907512797,0.0943113651267,0.0947161349341,0.0940415185884,0.0947161349341,0.0943113651267,0.0976844468551,0.0982241399316,0.0963352141637,0.0959304443563,0.0962002908946,0.0945812116649,0.0944462883958,0.0970098305094,0.0974146003168,0.0997082958921,0.098628909739,0.0990336795464,0.101192451853,0.098628909739,0.10159722166,0.104160763774,0.106184612811,0.106724305887,0.106724305887,0.10780369204,0.108208461848,0.107668768771,0.105779843003,0.109962464347,0.10780369204,0.10631953608,0.105509996465,0.105375073196,0.107398922233,0.104835380119,0.105644919734,0.106454459349,0.108883078193,0.106859229156,0.105914766272,0.106454459349,0.107129075695,0.105779843003,0.103890917235,0.106454459349,0.105644919734,0.107129075695,0.107938615309,0.111581543576,0.113740315882,0.113065699537,0.11090692723,0.113065699537,0.114684778766,0.114280008959,0.116438781265,0.113605392613,0.113200622806,0.111446620307,0.111176773769,0.111851390114,0.113335546075,0.112121236653,0.113470469344,0.1110418505,0.109287848001,0.109827541077,0.108343385117,0.109827541077,0.111446620307,0.113065699537,0.115359395112,0.113335546075,0.113200622806,0.114010162421,0.113740315882,0.114684778766,0.114549855497,0.112391083191,0.111446620307,0.109287848001,0.105779843003,0.111176773769,0.110637080692,0.110772003961,0.109962464347,0.10942277127,0.107938615309,0.108613231655,0.108343385117,0.108478308386,0.110232310885,0.110232310885,0.111311697038,0.116034011458,0.117383244149,0.118462630302,0.120081709532,0.12345479126,0.124399254144,0.126153256643,0.126288179912,0.12507387049,0.12507387049,0.123859561068,0.123184944722,0.124534177413,0.126288179912,0.126288179912,0.127907259142,0.130200954717,0.130740647794,0.130740647794,0.12979618491,0.129661261641,0.130875571063,0.130740647794,0.131145417601,0.129121568564,0.128312028949,0.128446952218,0.128446952218,0.129256491833,0.131550187408,0.131954957216,0.133843882984,0.135328038944,0.134518499329,0.133304189907,0.1328994201,0.131550187408,0.133034343369,0.134923269137,0.135058192406,0.135058192406,0.133574036445,0.134653422599,0.135732808752,0.136947118174,0.140320199902,0.141804355863,0.144637744515,0.142613895478,0.143018665285,0.143963128169,0.144232974707,0.143018665285,0.144907591053,0.145177437591,0.145177437591,0.144907591053,0.142344048939,0.143423435092,