# R script for Peak Model
#  -- generated by MACS
p <- c(0.0314516855187,0.037031823272,0.0407096413366,0.0457824938397,0.0507285250301,0.0503480610924,0.048953026654,0.0490798479666,0.0500944184672,0.0509821676552,0.0492066692792,0.0478116348409,0.0497139545295,0.0508553463427,0.0517430955307,0.0525040234061,0.0532649512816,0.0532649512816,0.0517430955307,0.0512358102804,0.054025879157,0.0552940922828,0.0555477349079,0.0563086627834,0.0565623054085,0.0566891267211,0.0563086627834,0.0580841611595,0.0587182677223,0.0580841611595,0.0568159480337,0.0571964119714,0.0578305185343,0.0570695906588,0.0558013775331,0.0568159480337,0.0578305185343,0.0569427693463,0.0580841611595,0.0583378037846,0.0578305185343,0.0577036972217,0.0577036972217,0.0570695906588,0.0571964119714,0.0563086627834,0.0544063430948,0.0541527004696,0.0533917725942,0.0544063430948,0.0544063430948,0.0550404496576,0.0527576660313,0.0525040234061,0.0526308447187,0.0507285250301,0.0528844873439,0.0530113086564,0.0542795217822,0.0551672709702,0.0554209135954,0.0550404496576,0.0568159480337,0.0596060169104,0.060620587411,0.0625229070996,0.0617619792241,0.0630301923499,0.0616351579116,0.0608742300361,0.0618888005367,0.0625229070996,0.0626497284122,0.0622692644744,0.0625229070996,0.0617619792241,0.0613815152864,0.0610010513487,0.0607474087235,0.0610010513487,0.0603669447858,0.0596060169104,0.0594791955978,0.0569427693463,0.0546599857199,0.0566891267211,0.0574500545966,0.0584646250972,0.0601133021607,0.0596060169104,0.0602401234732,0.0611278726613,0.0610010513487,0.0626497284122,0.0644252267882,0.0641715841631,0.0642984054756,0.0618888005367,0.0611278726613,0.0621424431619,0.0612546939738,0.0599864808481,0.0592255529726,0.0580841611595,0.0583378037846,0.0584646250972,0.0587182677223,0.0592255529726,0.0588450890349,0.0571964119714,0.057323233284,0.0575768759092,0.0585914464098,0.0594791955978,0.0601133021607,0.0602401234732,0.0579573398469,0.0570695906588,0.0598596595355,0.0601133021607,0.0607474087235,0.0627765497247,0.0634106562876,0.0621424431619,0.0630301923499,0.0613815152864,0.0627765497247,0.0654397972888,0.0645520481008,0.0650593333511,0.0655666186014,0.063283834975,0.061508336599,0.062396085787,0.0604937660984,0.061508336599,0.062396085787,0.0612546939738,0.0598596595355,0.0611278726613,0.0625229070996,0.0631570136625,0.0641715841631,0.0649325120385,0.0659470825391,0.0655666186014,0.0649325120385,0.0635374776002,0.0663275464768,0.0654397972888,0.0636642989128,0.0636642989128,0.0645520481008,0.0645520481008,0.0634106562876,0.0635374776002,0.0627765497247,0.0659470825391,0.063283834975,0.0639179415379,0.0653129759762,0.0663275464768,0.0660739038517,0.06746893829,0.066581189102,0.066581189102,0.0681030448529,0.06746893829,0.0670884743523,0.066581189102,0.0637911202253,0.0630301923499,0.0636642989128,0.061508336599,0.0639179415379,0.063283834975,0.0634106562876,0.0626497284122,0.0627765497247,0.0625229070996,0.0636642989128,0.0649325120385,0.0645520481008,0.0642984054756,0.0636642989128,0.0645520481008,0.0625229070996,0.0631570136625,0.0654397972888,0.0658202612265,0.065693439914,0.0640447628505,0.0651861546637,0.0669616530397,0.0664543677894,0.0682298661655,0.0710199350421,0.0705126497918,0.0697517219164,0.0705126497918,0.0729222547308,0.0727954334182,0.071654041605,0.0715272202924,0.0720345055427,0.0700053645415,0.0678494022277,0.0675957596026,0.0675957596026,0.0660739038517,0.0639179415379,0.065693439914,0.0646788694134,0.062396085787,0.0625229070996,0.0629033710373,0.0650593333511,0.0630301923499,0.0644252267882,0.0658202612265,0.0662007251643,0.0641715841631,0.0660739038517,0.0692444366661,0.0700053645415,0.0710199350421,0.0701321858541,0.0731758973559,0.0720345055427,0.0705126497918,0.0693712579786,0.0701321858541,0.0686103301032,0.066581189102,0.0644252267882,0.0636642989128,0.063283834975,0.0635374776002,0.0639179415379,0.0659470825391,0.0669616530397,0.0673421169774,0.0675957596026,0.0679762235403,0.0694980792912,0.0687371514158,0.0702590071667,0.0693712579786,0.0675957596026,0.0664543677894,0.0672152956649,0.0677225809152,0.0687371514158,0.0698785432289,0.0708931137295,0.0730490760433,0.0734295399811,0.0734295399811,0.0738100039188,0.074951395732,0.0748245744194,0.0754586809823,0.0774878219835,0.0757123236074,0.0736831826062,0.0743172891691,0.0750782170445,0.0763464301703,0.0745709317942,0.0734295399811,0.0735563612936,0.0736831826062,0.0721613268553,0.0736831826062,0.0746977531068,0.0730490760433,0.0712735776673,0.0701321858541,0.0727954334182,0.0730490760433,0.0726686121056,0.0730490760433,0.0740636465439,0.0726686121056,0.0752050383571,0.0760927875451,0.076726894108,0.0750782170445,0.0763464301703,0.0766000727954,0.0783755711715,0.077614643296,0.0772341793583,0.077614643296,0.07583914492,0.07583914492,0.0750782170445,0.0777414646086,0.076726894108,0.0768537154206,0.0757123236074,0.076726894108,0.074951395732,0.076726894108,0.0769805367332,0.0763464301703,0.0786292137966,0.0772341793583,0.0773610006709,0.0779951072338,0.0788828564218,0.0796437842972,0.0807851761104,0.081799746611,0.0821802105487,0.0828143171116,0.0824338531739,0.0843361728625,0.085097100738,0.0852239220505,0.0842093515499,0.0833216023619,0.0856043859883,0.0848434581128,0.0845898154877,0.0864921351763,0.0852239220505,0.0857312073008,0.0880139909272,0.0896626679907,0.0908040598039,0.0918186303045,0.0891553827404,0.0882676335524,0.0890285614278,0.0885212761775,0.0889017401152,0.0895358466781,0.0895358466781,0.0900431319284,0.0905504171787,0.0896626679907,0.0925795581799,0.0935941286805,0.0937209499931,0.0937209499931,0.0954964483691,0.0958769123069,0.0933404860554,0.0933404860554,0.0938477713057,0.0953696270566,0.096130554932,0.096130554932,0.0982865172458,0.0985401598709,0.0990474451212,0.0972719467452,0.0982865172458,0.0958769123069,0.0954964483691,0.0979060533081,0.0957500909943,0.0962573762446,0.0939745926182,0.0935941286805,0.0925795581799,0.0948623418063,0.0957500909943,0.0980328746206,0.101203407435,0.0985401598709,0.0979060533081,0.0981596959332,0.0989206238087,0.099427909059,0.101330228748,0.0986669811835,0.099427909059,0.099427909059,0.0957500909943,0.0944818778685,0.0946086991811,0.0930868434302,0.0930868434302,0.0954964483691,0.094355056556,0.0953696270566,0.0947355204937,0.094355056556,0.0967646614949,0.0980328746206,0.100188836934,0.103993476312,0.104754404187,0.102598441873,0.105261689437,0.106529902563,0.107290830439,0.107924937002,0.110207720628,0.10982725669,0.110080899315,0.109700435378,0.11033454194,0.112363682942,0.110715005878,0.111222291128,0.110841827191,0.110841827191,0.110080899315,0.111602755066,0.111222291128,0.111475933754,0.11426600263,0.115914679694,0.115914679694,0.116929250194,0.116548786257,0.117563356757,0.114773287881,0.116295143631,0.117816999382,0.118324284633,0.116675607569,0.11426600263,0.114139181318,0.114646466568,0.115534215756,0.116295143631,0.117816999382,0.118070642008,0.118324284633,0.11769017807,0.117943820695,0.119465676446,0.11819746332,0.119085212508,0.119212033821,0.120353425634,0.121367996134,0.120987532197,0.120226604321,0.120607068259,0.12212892401,0.119719319071,0.123143494511,0.120226604321,0.119592497758,0.117309714132,0.117816999382,0.119338855133,0.120353425634,0.122002102697,0.120099783009,0.120607068259,0.121241174822,0.125045814199,0.125806742075,0.127835883076,0.126694491263,0.124918992887,0.125045814199,0.123016673198,0.123397137136,0.124031243699,0.124158065011,0.124158065011,0.126314027325,0.128343168326,0.132274629016,0.132274629016,0.133035556891,0.13493787658,0.134684233955,0.137347481519,0.136840196269,0.136459732331,0.137093838894,0.136713374956,0.133669663454,0.133669663454,0.133796484767,0.132781914266,0.13544516183,0.136713374956,0.135571983143,0.136206089706,0.136459732331,0.13493787658,0.137474302832,0.140771656958,0.140010729083,0.138488873332,0.138108409394,0.139122979895,0.142293512709,0.139757086458,0.140010729083,0.141532584834,0.139757086458,0.13886933727,0.140010729083,0.142673976647,0.144956760273,0.140391193021,0.139757086458,