# R script for Peak Model
#  -- generated by MACS
p <- c(0.0382929677429,0.0445866634314,0.0508045314609,0.0574015377849,0.0637710611323,0.0638468887912,0.0643776824034,0.0637710611323,0.0631644398611,0.0611929207298,0.0619511973187,0.0620270249776,0.0620270249776,0.0623303356132,0.0628611292255,0.0625578185899,0.0629369568844,0.0627853015666,0.0630886122022,0.0634677504967,0.0625578185899,0.0624061632721,0.0627853015666,0.0608137824353,0.0605862994586,0.0604346441408,0.0606621271175,0.0611170930709,0.0611170930709,0.0604346441408,0.0600555058463,0.0602071611641,0.0601313335052,0.0608137824353,0.0594488845751,0.0596763675518,0.0586147803273,0.0596763675518,0.060282988823,0.0611170930709,0.0620270249776,0.0621028526365,0.0630886122022,0.0639227164501,0.0655909249458,0.066197546217,0.0666525121703,0.0657425802636,0.0652876143102,0.0675624440771,0.0675624440771,0.066879995147,0.0651359589924,0.0649084760157,0.0642260270856,0.064680993039,0.0652117866513,0.0661217185581,0.0661217185581,0.0646051653801,0.0645293377212,0.0658942355814,0.0671074781237,0.0666525121703,0.0668041674881,0.0659700632403,0.0652876143102,0.064680993039,0.0648326483568,0.0640743717678,0.0647568206979,0.0628611292255,0.0627094739077,0.0638468887912,0.0637710611323,0.0637710611323,0.0643018547445,0.0639985441089,0.064680993039,0.0643018547445,0.0631644398611,0.0641501994267,0.0636194058145,0.0627853015666,0.0626336462488,0.0624061632721,0.0620270249776,0.0615720590242,0.0616478866831,0.0623303356132,0.062481990931,0.062481990931,0.0629369568844,0.0634677504967,0.0636952334734,0.0638468887912,0.0645293377212,0.0643776824034,0.0650601313335,0.0660458908992,0.0656667526047,0.066879995147,0.0672591334415,0.0670316504648,0.0665766845114,0.0661217185581,0.065439269628,0.0655150972869,0.0645293377212,0.0628611292255,0.0639985441089,0.06324026752,0.0618753696598,0.0615720590242,0.0612687483887,0.0611929207298,0.061723714342,0.0628611292255,0.0635435781556,0.0636194058145,0.0634677504967,0.0635435781556,0.0640743717678,0.0639985441089,0.0663492015348,0.0679415823716,0.0685482036428,0.0675624440771,0.0660458908992,0.0666525121703,0.0668041674881,0.0660458908992,0.0652876143102,0.0648326483568,0.0635435781556,0.0635435781556,0.062481990931,0.0643776824034,0.0637710611323,0.0634677504967,0.06324026752,0.0633160951789,0.0643776824034,0.064680993039,0.0637710611323,0.0616478866831,0.0614204037065,0.0599796781874,0.0611929207298,0.0616478866831,0.0606621271175,0.0608896100942,0.0605862994586,0.0607379547764,0.0612687483887,0.0614204037065,0.0614204037065,0.0619511973187,0.061723714342,0.0626336462488,0.0636194058145,0.0648326483568,0.0656667526047,0.0660458908992,0.0657425802636,0.0671074781237,0.0672591334415,0.0670316504648,0.0673349611004,0.0677140993949,0.0675624440771,0.0671833057826,0.0678657547127,0.0671833057826,0.068396548325,0.0682448930072,0.0674107887593,0.0674107887593,0.0667283398292,0.0667283398292,0.0671074781237,0.0662733738759,0.0651359589924,0.0665008568525,0.066197546217,0.0658942355814,0.0671074781237,0.0667283398292,0.067638271736,0.0664250291936,0.0663492015348,0.0658184079225,0.0660458908992,0.0653634419691,0.0649084760157,0.065439269628,0.0655909249458,0.0651359589924,0.0652117866513,0.0669558228059,0.0677899270538,0.0690031695961,0.0699131015029,0.0711263440453,0.0706713780919,0.0705197227741,0.0708230334097,0.0718846206342,0.0722637589287,0.0706713780919,0.0696097908673,0.0702922397974,0.0695339632084,0.0681690653483,0.069078997255,0.0700647568207,0.0697614461851,0.0695339632084,0.0692306525728,0.0693823078906,0.0705197227741,0.0692306525728,0.0691548249139,0.0695339632084,0.0690031695961,0.0680174100305,0.0680932376894,0.069078997255,0.0685482036428,0.0697614461851,0.0680174100305,0.0689273419372,0.0693064802317,0.0706713780919,0.0716571376575,0.0726428972232,0.0736286567889,0.0733253461533,0.0744627610367,0.0737803121066,0.0737044844477,0.07355282913,0.0727187248821,0.0723395865876,0.0721879312698,0.0713538270219,0.070595550433,0.0700647568207,0.0700647568207,0.0700647568207,0.0714296546808,0.0715054823397,0.0722637589287,0.0717329653164,0.0705197227741,0.0711263440453,0.070595550433,0.0715054823397,0.0702922397974,0.0694581355495,0.0693823078906,0.0708230334097,0.0707472057508,0.071277999363,0.0727187248821,0.0725670695643,0.0739319674244,0.0724154142465,0.0743869333778,0.0759793142147,0.075751831238,0.0743111057189,0.0743869333778,0.0745385886956,0.0738561397655,0.07355282913,0.0730220355177,0.0741594504011,0.0731736908355,0.0734011738122,0.07423527806,0.07423527806,0.0746902440134,0.07355282913,0.0740836227422,0.074993554649,0.0750693823079,0.0758276588969,0.0754485206024,0.0760551418735,0.0758276588969,0.0765859354858,0.0759793142147,0.0768134184625,0.0778750056871,0.0781783163227,0.0777991780282,0.077950833346,0.080149835454,0.0799223524773,0.0799223524773,0.0804531460896,0.0819696992675,0.082348837562,0.0825763205387,0.0821213545853,0.0838653907399,0.0839412183988,0.0840928737166,0.0832587694688,0.0838653907399,0.0833345971276,0.0828038035154,0.0844720120111,0.0843203566933,0.085306116259,0.0837137354221,0.0830312864921,0.0811355950196,0.0813630779963,0.0814389056552,0.0818180439497,0.0825004928798,0.0813630779963,0.0816663886319,0.0816663886319,0.0822730099031,0.0835620801043,0.0848511503056,0.0861402205068,0.0868984970958,0.0862160481657,0.0863677034835,0.0861402205068,0.0851544609412,0.0856852545535,0.0863677034835,0.0856852545535,0.0861402205068,0.086746841778,0.0870501524136,0.088945843886,0.0884908779326,0.0897799481339,0.0922064332186,0.0912965013118,0.0929647098075,0.0930405374664,0.0937229863965,0.093343848102,0.0934196757609,0.0922064332186,0.0934196757609,0.0930405374664,0.0920547779008,0.0932680204431,0.0934196757609,0.0941779523499,0.0939504693732,0.0928130544898,0.0939504693732,0.0950120565978,0.0944812629855,0.09486040128,0.0951637119156,0.0945570906444,0.0938746417143,0.0945570906444,0.0941779523499,0.0950120565978,0.0934196757609,0.0934955034198,0.0936471587376,0.0939504693732,0.0945570906444,0.0956945055278,0.0959219885045,0.0966802650935,0.0975143693414,0.0983484735892,0.0985759565659,0.0994100608138,0.100395820379,0.101229924627,0.10107826931,0.101229924627,0.100623303356,0.0998650267672,0.100699131015,0.101533235263,0.102670650146,0.103959720348,0.104035548006,0.104111375665,0.104263030983,0.104187203324,0.104414686301,0.106386205432,0.104263030983,0.104263030983,0.10244316717,0.10107826931,0.101457407604,0.101684890581,0.10107826931,0.102822305464,0.104338858642,0.102898133123,0.104263030983,0.104111375665,0.10790275861,0.109646794765,0.10858520754,0.10858520754,0.108509379881,0.10722030968,0.107523620316,0.107599447975,0.108433552223,0.107751103292,0.106007067138,0.10449051396,0.107144482021,0.107978586269,0.108964345835,0.108736862858,0.10858520754,0.109419311788,0.108812690517,0.1099501054,0.111997452191,0.11275572878,0.112224935167,0.112604073462,0.114044798981,0.114044798981,0.114954730888,0.115940490453,0.117457043631,0.117002077678,0.11821532022,0.119276907445,0.119125252127,0.120111011693,0.120111011693,0.122006703165,0.121324254235,0.120793460623,0.121400081894,0.122234186142,0.121096771258,0.120641805305,0.120641805305,0.119428562763,0.119201079786,0.118670286174,0.119731873398,0.120035184034,0.121020943599,0.123447428684,0.124660671226,0.124963981862,0.125722258451,0.126177224404,0.127314639288,0.127238811629,0.127314639288,0.128376226512,0.127769605241,0.126177224404,0.12579808611,0.125267292498,0.126328879722,0.125267292498,0.12375073932,0.123599084002,0.124736498885,0.12443318825,0.123144118048,0.12306829039,0.12238584146,0.124205705273,0.123674911661,0.125267292498,0.126556362699,0.127542122265,0.124963981862,0.125570603133,0.126101396745,0.127390466947,0.129665296714,0.128224571195,0.129361986078,0.12989277969,0.129513641396,0.129134503101,0.132243437116,0.13269840307,0.134139128589,0.134669922201,0.13474574986,0.136641441332,0.137323890262,0.13815799451,0.140129513641,0.142555998726,0.143314275315,0.142404343408,