# R script for Peak Model
#  -- generated by MACS
p <- c(0.0352204623059,0.0411972680306,0.0469606164079,0.0523682025397,0.0590565327554,0.0591276852045,0.0579892460188,0.0584873131626,0.0602661243901,0.0610488013303,0.060835343983,0.0609776488812,0.0611911062285,0.0621872405159,0.0619737831686,0.0619737831686,0.064321813989,0.0639660517435,0.0632545272525,0.0614757160249,0.0607641915339,0.0606218866356,0.0607641915339,0.060194971941,0.058771922959,0.058131550917,0.0560681298931,0.0557835200967,0.0554989103002,0.0571354166296,0.0568508068332,0.0574911788751,0.0572065690787,0.0572065690787,0.0586296180608,0.0599815145937,0.0610488013303,0.0617603258213,0.0619737831686,0.0619026307195,0.0637525943962,0.0621872405159,0.0618314782704,0.0621872405159,0.0620449356177,0.0604084292883,0.0591988376536,0.0590565327554,0.0582027033662,0.0582738558153,0.0570642641805,0.0577046362224,0.0586296180608,0.0585584656117,0.0577046362224,0.0583450082644,0.0587007705099,0.0577757886715,0.0585584656117,0.058131550917,0.0590565327554,0.058771922959,0.0589142278572,0.058771922959,0.0601238194919,0.0604084292883,0.0603372768392,0.061546868474,0.0611911062285,0.0610488013303,0.0602661243901,0.060194971941,0.05948344745,0.058771922959,0.0572777215278,0.056708501935,0.0571354166296,0.0565661970368,0.0569219592823,0.0571354166296,0.0572777215278,0.0582027033662,0.0588430754081,0.0582027033662,0.0588430754081,0.0597680572464,0.0602661243901,0.0606930390848,0.0604084292883,0.0600526670428,0.0605507341865,0.0607641915339,0.060835343983,0.0610488013303,0.0617603258213,0.0616180209231,0.0611911062285,0.0601238194919,0.0609064964321,0.0631122223542,0.0625430027614,0.061546868474,0.0611911062285,0.062969917456,0.0633256797016,0.0636814419471,0.0638948992944,0.0652467958273,0.0659583203184,0.0644641188872,0.0649621860309,0.0665986923603,0.0662429301148,0.0651756433782,0.0654602531746,0.0654602531746,0.0652467958273,0.0651044909291,0.0638948992944,0.0646064237854,0.0640372041926,0.0631833748034,0.0638237468453,0.0648910335818,0.0641795090908,0.0646064237854,0.0661006252166,0.0657448629711,0.0662429301148,0.0657448629711,0.0666698448094,0.0673102168513,0.0668833021567,0.0673813693004,0.0676659790968,0.0665986923603,0.0666698448094,0.0675948266477,0.0679505888932,0.0693736378753,0.0698005525699,0.0701563148154,0.0702986197136,0.0700851623663,0.0706543819592,0.071223601552,0.0702274672645,0.0705120770609,0.0708678393065,0.0688044182825,0.0688755707316,0.0696582476717,0.0709389917556,0.0715793637975,0.0710812966538,0.0720062784921,0.0717216686957,0.0725754980849,0.0723620407376,0.0742120044143,0.0740696995161,0.0731447176778,0.0725043456358,0.071935126043,0.0716505162466,0.0717216686957,0.0720062784921,0.0709389917556,0.0706543819592,0.0694447903244,0.0688044182825,0.0685909609352,0.0686621133843,0.0682351986897,0.0681640462406,0.0671679119531,0.0667409972585,0.0656025580729,0.0661006252166,0.0659583203184,0.0644641188872,0.0653891007255,0.0654602531746,0.0668833021567,0.0664563874621,0.067808283995,0.0681640462406,0.0707966868574,0.0707255344083,0.0713659064502,0.0725754980849,0.0716505162466,0.0722197358394,0.0710812966538,0.0723620407376,0.0720774309412,0.0731447176778,0.0715082113484,0.071223601552,0.0708678393065,0.0708678393065,0.0715793637975,0.0707966868574,0.0710812966538,0.0704409246118,0.0711524491029,0.0708678393065,0.0718639735939,0.0730735652287,0.0736427848215,0.0746389191089,0.0747812240071,0.0743543093125,0.0742831568634,0.076773492582,0.0744966142107,0.0741408519652,0.0732158701269,0.0727889554322,0.0730735652287,0.0733581750251,0.0733581750251,0.0743543093125,0.0751369862526,0.0732158701269,0.0744966142107,0.0753504435999,0.0759196631928,0.0757062058455,0.075421596049,0.0753504435999,0.0750658338035,0.074710071558,0.0744254617616,0.0749235289053,0.0759908156419,0.0746389191089,0.0745677666598,0.0741408519652,0.0755639009473,0.0753504435999,0.0756350533964,0.0756350533964,0.0751369862526,0.0746389191089,0.0757062058455,0.076773492582,0.0757062058455,0.0750658338035,0.0735004799233,0.0732158701269,0.0733581750251,0.0752792911508,0.0756350533964,0.0769869499293,0.0752792911508,0.0756350533964,0.0757773582946,0.0765600352347,0.0775561695221,0.0776984744203,0.0784811513605,0.0779119317676,0.0790503709533,0.0785523038096,0.0789080660551,0.078836913606,0.080259962588,0.0807580297318,0.0797618954443,0.0806868772827,0.0801888101389,0.0796907429952,0.0800465052407,0.079548438097,0.0801176576898,0.0800465052407,0.0807580297318,0.0815407066719,0.0833195178995,0.0834618227977,0.0837464325941,0.0831060605522,0.0815407066719,0.0830349081031,0.0823945360611,0.0827502983066,0.0828214507557,0.0828214507557,0.0818964689174,0.0823945360611,0.0823945360611,0.0853117864743,0.0872329026001,0.0863079207618,0.0870194452528,0.0869482928037,0.0860233109654,0.0861656158636,0.0867348354564,0.0865213781091,0.0873040550492,0.0873752074983,0.0873040550492,0.0880155795403,0.0876598172947,0.0892963236241,0.091288592199,0.0912174397499,0.090577067708,0.0909328299535,0.0912174397499,0.0907193726062,0.0906482201571,0.0907905250553,0.0912174397499,0.0910751348517,0.0911462873008,0.091288592199,0.0917155068936,0.0931385558757,0.0924981838337,0.0923558789355,0.091288592199,0.0917155068936,0.0925693362828,0.0927827936301,0.0932808607739,0.0943481475104,0.0952731293487,0.0946327573068,0.0959846538398,0.0955577391452,0.0973365503727,0.096838483229,0.0959135013907,0.0955577391452,0.0950596720014,0.0952019768996,0.0954865866961,0.094063537714,0.092711641181,0.0925693362828,0.0918578117918,0.0944192999595,0.0941346901631,0.0948462146541,0.0949173671032,0.094775062205,0.0939923852649,0.095415434247,0.09755000772,0.0994711238458,0.100040343439,0.0996845811931,0.100538410582,0.101676849768,0.101961459564,0.102032612014,0.103953728139,0.105163319774,0.105092167325,0.104380642834,0.104380642834,0.101819154666,0.102459526708,0.101321087522,0.100538410582,0.101178782624,0.101463392421,0.101463392421,0.100253800786,0.101676849768,0.103597965894,0.105305624672,0.105163319774,0.106159454061,0.107369045696,0.106017149163,0.105305624672,0.102672984055,0.10466525263,0.10309989875,0.102744136505,0.103811423241,0.103740270792,0.102246069361,0.102815288954,0.104594100181,0.104238337936,0.107511350594,0.108151722636,0.108720942229,0.108365179984,0.107938265289,0.108720942229,0.112207412235,0.112563174481,0.112563174481,0.112420869583,0.111780497541,0.110926668151,0.111140125499,0.111353582846,0.112349717133,0.112990089175,0.110855515702,0.111211277948,0.111424735295,0.112776631828,0.112207412235,0.112990089175,0.113701613666,0.113630461217,0.112563174481,0.111993954888,0.111140125499,0.109859381415,0.10943246672,0.10943246672,0.109788228966,0.109859381415,0.109645924068,0.110143991211,0.110499753457,0.110499753457,0.110570905906,0.111495887744,0.112065107337,0.113772766115,0.113061241624,0.111993954888,0.112990089175,0.111922802439,0.112207412235,0.113345851421,0.115338119996,0.116120796936,0.116832321427,0.115907339589,0.117899608163,0.118753437553,0.118397675307,0.119536114493,0.118824590002,0.118539980205,0.117472693469,0.116761168978,0.117045778774,0.117045778774,0.116120796936,0.116476559181,0.116690016529,0.115338119996,0.116547711631,0.117188083672,0.116974626325,0.117543845918,0.117970760613,0.118824590002,0.120461096331,0.119820724289,0.119322657146,0.121030315924,0.12053224878,0.120034181637,0.12216875511,0.122453364906,0.121599535517,0.121955297762,0.120247638984,0.120461096331,0.121884145313,0.12216875511,0.121528383068,0.121101468373,0.120959163475,0.120034181637,0.120959163475,0.120959163475,0.12053224878,0.120674553678,0.119536114493,0.11818421796,0.120176486535,0.121243773271,0.119820724289,0.11974957184,0.119607266942,0.11974957184,0.120603401229,0.122311060008,0.123662956541,0.124730243277,0.124089871235,0.126295597158,0.126793664301,0.127078274098,0.127860951038,0.126509054505,0.127078274098,0.125086005523,0.12451678593,0.125868682463,0.124872548176,0.123022584499,0.125157157972,0.126224444708,0.126722511852,