# R script for Peak Model
#  -- generated by MACS
p <- c(0.0392823259346,0.0462970269943,0.0531363605276,0.0596249590078,0.0665519763043,0.0666396600676,0.0676918652265,0.068217967806,0.0674288139368,0.0671657626471,0.0674288139368,0.0663766087778,0.0651490360924,0.0656751386719,0.0643598822232,0.0633076770642,0.0630446257745,0.0619047368523,0.062518523195,0.0634830445907,0.062518523195,0.0622554719052,0.0630446257745,0.0631323095377,0.0641845146967,0.0653244036189,0.0655874549086,0.0662012412514,0.0656751386719,0.0647983010394,0.0645352497497,0.0646229335129,0.0651490360924,0.0652367198556,0.0658505061984,0.0650613523291,0.0640968309334,0.0642721984599,0.0649736685659,0.0654120873821,0.0654997711454,0.0667273438308,0.0653244036189,0.0633076770642,0.0626062069582,0.062167788142,0.0626938907215,0.062869258248,0.0619924206155,0.0613786342728,0.061466318036,0.0619924206155,0.0627815744847,0.0640968309334,0.0647106172762,0.0659381899616,0.0669027113573,0.0664642925411,0.0661135574881,0.0662889250146,0.0664642925411,0.0648859848027,0.0646229335129,0.0646229335129,0.0644475659864,0.063219993301,0.0616416855625,0.0612909505095,0.0612909505095,0.0608525316933,0.0610278992198,0.0612032667463,0.0610278992198,0.0605894804036,0.0589234889019,0.0587481213754,0.0588358051386,0.0585727538489,0.0591865401916,0.0594495914813,0.0600633778241,0.0599756940608,0.0605017966403,0.0605017966403,0.0612909505095,0.0629569420112,0.0635707283539,0.0642721984599,0.0641845146967,0.0645352497497,0.0637460958804,0.0645352497497,0.0651490360924,0.0658505061984,0.0672534464103,0.0681302840428,0.068919437912,0.0694455404915,0.0701470105975,0.0711992157564,0.0712868995197,0.0716376345727,0.0722514209154,0.0733036260743,0.0728652072581,0.0715499508094,0.0724267884419,0.0731282585479,0.0733036260743,0.0718130020991,0.0724267884419,0.0727775234949,0.0719006858624,0.0707607969402,0.0713745832829,0.0717253183359,0.0712868995197,0.0710238482299,0.0721637371521,0.0739174124171,0.0739174124171,0.0747942500495,0.075671087682,0.0757587714453,0.0754080363923,0.0761095064982,0.0761095064982,0.0765479253145,0.0755834039188,0.0748819338128,0.0754080363923,0.0752326688658,0.0747065662863,0.075320352629,0.077074027894,0.076372557788,0.075671087682,0.0748819338128,0.0747065662863,0.0745311987598,0.0751449851025,0.0733913098376,0.0732159423111,0.0727775234949,0.0707607969402,0.0713745832829,0.0705854294137,0.0706731131769,0.070322378124,0.0701470105975,0.0697962755445,0.0701470105975,0.0707607969402,0.0718130020991,0.0717253183359,0.0707607969402,0.0730405747846,0.0733913098376,0.0730405747846,0.0748819338128,0.0747942500495,0.074969617576,0.0745311987598,0.0736543611273,0.0733036260743,0.0735666773641,0.0731282585479,0.0736543611273,0.0754080363923,0.0755834039188,0.0758464552085,0.0768986603675,0.0781262330529,0.0781262330529,0.0793538057384,0.0808444297136,0.0795291732649,0.0788277031589,0.0775124467102,0.0771617116572,0.0758464552085,0.0757587714453,0.0737420448906,0.0737420448906,0.0730405747846,0.0721637371521,0.0729528910214,0.0715499508094,0.0716376345727,0.0704977456504,0.0710238482299,0.070322378124,0.0712868995197,0.0705854294137,0.0707607969402,0.0697962755445,0.0686563866223,0.0697085917812,0.068919437912,0.0686563866223,0.0677795489898,0.0669027113573,0.0659381899616,0.0669903951206,0.067867232753,0.0677795489898,0.0686563866223,0.0698839593077,0.0697085917812,0.0705854294137,0.0715499508094,0.0717253183359,0.0732159423111,0.0729528910214,0.0718130020991,0.0721637371521,0.0720760533889,0.0701470105975,0.0695332242547,0.0683056515693,0.0669903951206,0.0670780788838,0.0655874549086,0.0647983010394,0.0641845146967,0.0634830445907,0.0631323095377,0.0633076770642,0.0651490360924,0.0649736685659,0.0659381899616,0.0666396600676,0.0673411301736,0.0676041814633,0.0677795489898,0.068568702859,0.0680426002795,0.0686563866223,0.0683933353325,0.0693578567282,0.0691824892017,0.0679549165163,0.068217967806,0.068217967806,0.0684810190958,0.067867232753,0.0676918652265,0.0675164977001,0.0674288139368,0.0683933353325,0.0695332242547,0.0691824892017,0.067867232753,0.0687440703855,0.068568702859,0.0695332242547,0.069971643071,0.0700593268342,0.0707607969402,0.0700593268342,0.0708484807034,0.0726898397316,0.0741804637068,0.0745311987598,0.0757587714453,0.0768109766042,0.0771617116572,0.0772493954205,0.0775124467102,0.0776001304734,0.076723292841,0.0765479253145,0.077074027894,0.0768109766042,0.076723292841,0.0757587714453,0.076723292841,0.076372557788,0.0772493954205,0.0775124467102,0.0778631817632,0.0782139168162,0.0777754979999,0.0783892843427,0.0785646518692,0.0784769681059,0.0787400193956,0.0793538057384,0.0783016005794,0.0776878142367,0.0768109766042,0.0766356090777,0.0775124467102,0.0775124467102,0.0783016005794,0.0790030706854,0.0792661219751,0.0795291732649,0.0796168570281,0.0807567459503,0.0816335835828,0.0826857887418,0.0832995750845,0.0843517802434,0.0833872588477,0.0837379939007,0.0840010451905,0.0848778828229,0.0868946093776,0.0872453444306,0.0879468145366,0.088472917116,0.0879468145366,0.0876837632468,0.0897004898015,0.0896128060383,0.0896128060383,0.089875857328,0.089174387222,0.0889990196955,0.0887359684058,0.0878591307733,0.0881221820631,0.0887359684058,0.0880344982998,0.0894374385118,0.088823652169,0.088823652169,0.0897004898015,0.090577327434,0.0911034300135,0.0921556351724,0.0921556351724,0.0918049001194,0.0916295325929,0.0896128060383,0.089875857328,0.090226592381,0.0880344982998,0.0865438743246,0.0854916691657,0.0844394640067,0.0836503101375,0.0832118913212,0.0825104212153,0.0832995750845,0.0835626263742,0.082422737452,0.0837379939007,0.0845271477699,0.0865438743246,0.0878591307733,0.0887359684058,0.0881221820631,0.0885606008793,0.0897004898015,0.090226592381,0.0911034300135,0.090577327434,0.0915418488297,0.0899635410912,0.090226592381,0.0901389086177,0.0915418488297,0.0921556351724,0.0911034300135,0.090577327434,0.0920679514092,0.0928571052784,0.0918925838827,0.0926817377519,0.0925940539886,0.0932955240946,0.0931201565681,0.0932955240946,0.0931201565681,0.0937339429109,0.0934708916211,0.0932955240946,0.0936462591476,0.0953122506493,0.0946107805433,0.0948738318331,0.0942600454903,0.0938216266741,0.0953999344125,0.0961890882818,0.0951368831228,0.095926036992,0.097328977204,0.0953122506493,0.0947861480698,0.0951368831228,0.0960137207553,0.0968028746245,0.096276772045,0.096627507098,0.0967151908612,0.0957506694655,0.0954876181758,0.0958383532288,0.096978242151,0.096978242151,0.0968905583877,0.0978550797835,0.0974166609672,0.0975043447305,0.0975920284937,0.0992580199954,0.0987319174159,0.0990826524689,0.0983811823629,0.0975043447305,0.097679712257,0.097328977204,0.0975043447305,0.097328977204,0.0989072849424,0.0970659259142,0.097328977204,0.0981181310732,0.0994333875219,0.101713165366,0.10127474655,0.100748643971,0.10101169526,0.100310225154,0.0995210712851,0.100924011497,0.101187062787,0.100660960207,0.100924011497,0.0989949687057,0.0997841225749,0.0987319174159,0.0982058148364,0.0981181310732,0.0990826524689,0.0987319174159,0.0983811823629,0.0982934985997,0.0978550797835,0.0992580199954,0.0989072849424,0.100748643971,0.101888532893,0.101362430313,0.100748643971,0.101450114077,0.10101169526,0.10180084913,0.103028421815,0.102677686762,0.103379156868,0.103291473105,0.103291473105,0.104869780843,0.105834302239,0.106360404818,0.107500293741,0.107412609977,0.106272721055,0.106886507398,0.10776334503,0.10776334503,0.107675661267,0.108201763847,0.107851028794,0.108640182663,0.108727866426,0.109078601479,0.109253969006,0.109780071585,0.108377131373,0.109341652769,0.109867755348,0.109341652769,0.110569225454,0.110043122875,0.109166285242,0.109078601479,0.108464815136,0.107587977504,0.10776334503,0.106798823635,0.107324926214,0.107324926214,0.106623456108,0.104168310737,0.104431362027,0.104694413317,0.105921986002,0.105308199659,0.106798823635,0.108377131373,0.10828944761,0.109341652769,0.108114080083,0.11127069556,0.112849003299,0.112673635772,0.112147533193,0.113112054588,0.113375105878,