# R script for Peak Model
#  -- generated by MACS
p <- c(0.0113089326879,0.0131995517072,0.0151398584798,0.0169758209703,0.0189335184567,0.0190478002896,0.0192390981404,0.0194080365022,0.0192863015062,0.0192415825281,0.0191769884486,0.0192241918144,0.0192291605898,0.0192962390569,0.0192564888542,0.0191297850828,0.0190105344745,0.0189360028443,0.0191049412061,0.0192390981404,0.0191769884486,0.019067675391,0.0190850661047,0.0191372382458,0.0191248163075,0.0193036922199,0.0192589732418,0.0191869259993,0.0191745040609,0.0191496601842,0.019189410387,0.0192515200788,0.0190701597787,0.0189434560073,0.0189807218224,0.0187919083593,0.018923580906,0.0189782374348,0.0190378627389,0.0190204720252,0.019189410387,0.0191769884486,0.0192912702816,0.0193956145638,0.0192813327309,0.0193384736474,0.0192515200788,0.0192713951802,0.0191695352856,0.0191049412061,0.018923580906,0.0188415961127,0.0188217210114,0.0187819708086,0.0187844551963,0.0186577514249,0.018565829081,0.0183248434767,0.0182900620493,0.0182105616438,0.0182155304191,0.0182453430712,0.018163358278,0.0181186392999,0.0181583895026,0.0182652181726,0.0182105616438,0.0184540316357,0.0183745312302,0.0184614847988,0.0184689379618,0.0184614847988,0.0184465784727,0.018543469592,0.0185086881646,0.0183844687809,0.0183720468425,0.0182975152123,0.0183447185781,0.0183024839877,0.0182677025603,0.0183273278644,0.018436640922,0.0183745312302,0.0183894375562,0.0185857041824,0.0186999860154,0.0187471893812,0.0187794864209,0.0188117834607,0.0187422206058,0.0187049547907,0.0185906729578,0.018436640922,0.0183869531686,0.0182229835821,0.0181037329738,0.0180590139957,0.0180068418546,0.0178577785942,0.0179298258367,0.0179770292025,0.0181335456259,0.0182105616438,0.0183472029658,0.0183968907193,0.0185409852043,0.0185235944906,0.0185062037769,0.0187471893812,0.0187894239716,0.0187024704031,0.0186428450989,0.0187521581565,0.0187869395839,0.0189335184567,0.0190005969238,0.019067675391,0.0191595977349,0.0191049412061,0.0191720196733,0.0191918947747,0.0192415825281,0.0191620821226,0.0190428315143,0.0189210965183,0.0188142678483,0.0187620957072,0.0186378763236,0.0185534071427,0.0185558915303,0.01869501724,0.0185558915303,0.0186825953017,0.0187496737688,0.0187223455044,0.0188962526416,0.0188316585621,0.0189558779457,0.0191123943691,0.0190651910033,0.019052769065,0.0191123943691,0.0192167386514,0.0192689107925,0.0193831926255,0.0192713951802,0.0193012078323,0.0192490356911,0.019189410387,0.019082581717,0.0190080500868,0.0191024568184,0.0188763775402,0.0188217210114,0.018672657751,0.018672657751,0.0186527826496,0.0187695488702,0.0187968771346,0.0189856905978,0.019075128554,0.0190453159019,0.0191720196733,0.0191273006952,0.0193210829337,0.0193434424227,0.0193086609953,0.0192813327309,0.0192540044665,0.0192589732418,0.0191869259993,0.0192241918144,0.0191794728363,0.019318598546,0.0191322694705,0.0191446914089,0.0193633175241,0.0193856770132,0.019462693031,0.0194676618064,0.0196117562914,0.0195496465996,0.019721069349,0.019706163023,0.0198552262834,0.01998689883,0.0201185713767,0.0201757122932,0.020245275148,0.0202179468836,0.0201881342316,0.0203421662673,0.0203545882057,0.0203645257564,0.0203794320824,0.0204465105496,0.0204713544263,0.0205682455455,0.0206775586032,0.020853950128,0.0210154353267,0.0210725762432,0.0210228884897,0.021142139098,0.0213682183763,0.0214328124558,0.0213980310284,0.0213905778653,0.021370702764,0.0213905778653,0.0213731871516,0.0214427500065,0.0215520630641,0.0216216259189,0.0216415010203,0.0217135482628,0.0218129237698,0.0219296899904,0.0220365186603,0.0221309253919,0.0222775042646,0.0223073169167,0.0223992392606,0.0224464426264,0.0225259430319,0.0224936459922,0.0226576155786,0.0227172408828,0.0228538822048,0.0229681640378,0.0231520087256,0.0233184626997,0.0234352289203,0.0236141048328,0.0236588238109,0.0237631680931,0.0238302465603,0.0237780744192,0.0238675123754,0.0237681368685,0.0237979495206,0.023976825433,0.0241805452222,0.0241730920592,0.0243544523593,0.0245010312321,0.0245581721485,0.0248364235679,0.0249656117269,0.0251718159038,0.0250947998859,0.025246347534,0.0252910665121,0.0254376453848,0.0255544116054,0.0257730377207,0.0259444604701,0.0261556334223,0.0261630865854,0.026416494128,0.0266326358556,0.0263841970883,0.0263345093348,0.0264711506568,0.0264711506568,0.0262897903567,0.0262823371937,0.026150664647,0.0262152587265,0.0262748840306,0.0263320249471,0.0265630730007,0.0267295269748,0.0266053075912,0.0266351202432,0.0269059184996,0.0268313868694,0.0269456687024,0.0269829345175,0.0270276534956,0.0271121226765,0.027320811241,0.027427639911,0.0277754541852,0.0279369393839,0.0280387992785,0.0281580498869,0.0283170506979,0.0285654894652,0.0287021307873,0.0289282100655,0.0289108193518,0.0290151636341,0.0290698201629,0.0291841019958,0.0294424783138,0.0298225896278,0.03003376258,0.0302598418583,0.0304610772598,0.0307666569436,0.0314200509016,0.0317604120128,0.0321678515912,0.0326647291258,0.0330796218673,0.0335814681772,0.0341131271393,0.0345031760039,0.0349801784372,0.0354248838307,0.0355168061746,0.036075793401,0.0363788886971,0.036736640522,0.0371242049991,0.0374024564184,0.0375167382514,0.0378297710982,0.0379862875216,0.0381403195573,0.0384458992411,0.0386545878057,0.0390645117717,0.0391340746266,0.0394545606364,0.039670702364,0.0400085790875,0.040187455,0.0406073165167,0.0408458177333,0.0411513974171,0.0412234446597,0.041357601594,0.0416929939299,0.0418246664765,0.0421774495261,0.0424830292099,0.0427761869553,0.0429028907267,0.0432432518379,0.0433078459174,0.043675535293,0.0439935369152,0.0442618507839,0.0444606017977,0.0445127739388,0.0446369933225,0.0452009493243,0.0456481391054,0.0459711095029,0.0465524562184,0.0471313185463,0.0476356492439,0.0484008406472,0.0487511393091,0.0493101265356,0.0497448943784,0.0500529584498,0.0507038680202,0.0510616198451,0.0515709193181,0.0518292956361,0.0524652988804,0.05281808193,0.0535832733333,0.0543087145338,0.0549794992056,0.0554540172511,0.0557173623445,0.0563210685491,0.0567931022069,0.0574067459622,0.0577893416638,0.0584452200095,0.0590464418264,0.0595408349734,0.060417823822,0.0612674844062,0.0622140361096,0.0630040713897,0.0638462788109,0.0647828929636,0.0654760371244,0.0661940251619,0.0671703895175,0.0681964416264,0.069051070986,0.0697690590235,0.0706485322598,0.0717988037524,0.0729913098355,0.074089409187,0.0755527135265,0.0765961563492,0.0774035823429,0.0783749779231,0.0791799195292,0.0802332999026,0.0813984777213,0.0824593112577,0.083597160812,0.0846878070004,0.0855623114614,0.0869933187611,0.0885535142198,0.0900242717222,0.0919993599224,0.093803025373,0.0954799870524,0.0970376981234,0.0986674564369,0.100585403721,0.102607695286,0.104356704208,0.105911930892,0.108031113577,0.109496902304,0.111178832759,0.112895544641,0.114940195696,0.116751314309,0.118468026192,0.120286597968,0.122095232194,0.123995788764,0.125926157986,0.127943480777,0.12975459939,0.131908563503,0.133970605272,0.13610717867,0.138325736863,0.140708264641,0.143147933336,0.14574908723,0.148039692664,0.150837113184,0.15342584514,0.155875451385,0.158538714971,0.161154775191,0.163614318987,0.166339692264,0.168752032695,0.171107232209,0.173479822437,0.175976632048,0.179159132658,0.182083256949,0.184870739918,0.187844551963,0.19132766348,0.194092786961,0.197821852858,0.201690044465,0.205076264863,0.208281124962,0.211831314946,0.215021268719,0.218482020747,0.222218539808,0.22548302521,0.228861792445,0.232332482025,0.23531623162,0.238786921199,0.242230282514,0.245594143424,0.249854868283,0.25339263633,0.257183811919,0.260915362204,0.265220806041,0.269131232239,0.273391957098,0.277871308073,0.281933281918,0.285376643233,0.288752926081,0.292581367485,0.296153916959,0.299331448793,0.302581027869,0.305798309906,0.309226764895,0.31177326226,0.315132154394,0.318905939269,0.322145580795,0.325365347219,0.327941657236,0.331360174674,0.334656957117,0.337543815593,0.340214532341,0.343630565392,0.346872691305,0.349168265515,0.3516501688,0.353995430764,0.356288520586,0.358817627237,0.360658558503,0.362636131091,