# R script for Peak Model
#  -- generated by MACS
p <- c(0.0136920121611,0.0159504637035,0.0181155116296,0.0203931228881,0.0226132549982,0.0227761125856,0.02295333996,0.0230539284699,0.0230850630086,0.0232551054896,0.023307794709,0.0233006098154,0.023482627119,0.0235544760546,0.0235880055579,0.0235185515868,0.0232646853476,0.0231808615894,0.0231640968378,0.0230060291795,0.0230347687537,0.0231161975474,0.023183256554,0.023243130667,0.0232838450638,0.0232191810218,0.0234467026512,0.0233485091058,0.02330300478,0.0233101896735,0.0233988033608,0.0234299378995,0.0233173745671,0.023192836412,0.0233437191768,0.0232407357024,0.0232622903831,0.0233341393187,0.0234946019416,0.0235496861255,0.0234610724383,0.0234011983253,0.0233868285382,0.0235760307353,0.0234586774738,0.0236430897418,0.0236718293161,0.0237245185355,0.0236359048483,0.0236694343515,0.0237436782517,0.0238298969744,0.0238251070453,0.02355208109,0.0234969969061,0.0234490976157,0.0232742652057,0.023312584638,0.0232646853476,0.0231593069088,0.0230539284699,0.0229677097472,0.0229629198181,0.0229509449955,0.0228527514502,0.022768927692,0.022833591734,0.0227545579049,0.0228767010954,0.0228719111664,0.0228120370534,0.0228431715921,0.0228264068405,0.022948550031,0.022948550031,0.0229724996762,0.0230515335054,0.0231161975474,0.0230539284699,0.0230659032925,0.0231066176893,0.0230802730796,0.0232000213056,0.023243130667,0.0234610724383,0.0234730472609,0.023427542935,0.0233532990349,0.023307794709,0.0234059882543,0.0234371227931,0.0234179630769,0.023372458751,0.0234083832188,0.0233940134317,0.0234371227931,0.0233844335736,0.0234562825092,0.0234634674028,0.0235209465513,0.0235281314448,0.0235401062674,0.0236502746354,0.0237029638548,0.0236790142096,0.0235448961965,0.0236095602385,0.0235856105933,0.0238035523647,0.0239376703778,0.0241077128587,0.0242394359073,0.0242226711557,0.0241484272555,0.0242418308718,0.0243639740623,0.0244142683173,0.0242777553396,0.0241388473975,0.023961620023,0.0238538466196,0.0237317034291,0.0236478796709,0.0237317034291,0.0237077537839,0.0237652329323,0.0239304854842,0.0240167042069,0.0240646034973,0.0239328804487,0.0239879646327,0.0241292675394,0.02432565463,0.0242322510137,0.0243639740623,0.0244477978205,0.024385528743,0.0244166632818,0.0242897301622,0.0245076719335,0.0244334280334,0.0244262431399,0.0243400244171,0.0244693525012,0.0244430078915,0.0245316215787,0.0245388064723,0.0246130503724,0.0247711180307,0.0247759079598,0.0248070424985,0.0248381770373,0.0249555302988,0.0248980511503,0.0247878827824,0.0246489748402,0.0245579661885,0.0244813273238,0.0244765373948,0.0243998985301,0.0244621676077,0.0245244366852,0.0244813273238,0.024560361153,0.0246106554079,0.0247184288113,0.024859731718,0.0249579252633,0.0250225893054,0.0250321691634,0.0251279677442,0.0251064130636,0.024919605831,0.0249770849795,0.0250177993763,0.0250656986667,0.024979479944,0.0250920432764,0.0250968332055,0.0254009936995,0.0253698591608,0.0255039771739,0.0257482635549,0.0257123390871,0.0257506585194,0.0257051541936,0.0258344822776,0.0260045247586,0.0261314578781,0.0260883485168,0.0262464161751,0.0262488111396,0.0264739378045,0.0266272155338,0.0268116278018,0.0269936451053,0.0271086034023,0.0271517127637,0.0272762509187,0.0273864192866,0.0274079739673,0.0274127638964,0.0275229322643,0.0276714200645,0.0276666301355,0.027664235171,0.0277145294259,0.027673815029,0.0277097394968,0.0275732265192,0.0276331006322,0.0279420510553,0.0278103280067,0.027848647439,0.0280977237491,0.0283899094205,0.0286365907661,0.0289168016149,0.0290700793442,0.0293742398383,0.0296209211838,0.0296089463612,0.0297406694098,0.0297837787712,0.0297023499775,0.0296065513967,0.0295107528159,0.0293574750866,0.0293335254414,0.0293694499092,0.0294245340932,0.0294484837384,0.0296424758645,0.0299035269972,0.0299705860038,0.0301358385556,0.0302220572784,0.0303442004689,0.0306220163532,0.0306986552178,0.0308902523794,0.0310842445056,0.0310794545765,0.031077059612,0.0313860100351,0.0315608424451,0.0317213050679,0.0319344569102,0.0320685749233,0.0322481972623,0.0321404238589,0.0321955080429,0.0322769368365,0.0324373994594,0.0325451728628,0.0326673160533,0.0328996276118,0.0330289556958,0.0331343341347,0.0332588722898,0.0334792090256,0.0337091256195,0.0339174875328,0.0340803451201,0.0341929084526,0.0342432027075,0.0342911019979,0.0343940854723,0.0342072782397,0.0342216480268,0.0343294214302,0.0343030768205,0.0344539595853,0.0346024473855,0.034659926534,0.0346982459663,0.0348754733408,0.0350359359636,0.035318541777,0.0355005590805,0.0355748029806,0.0357831648939,0.0359340476586,0.0360130814878,0.036041821062,0.0363100570883,0.0363483765206,0.0364154355272,0.0363866959529,0.0364753096402,0.0366142175823,0.0369111931828,0.0369638824023,0.0370788406992,0.0372776227544,0.0375578336032,0.0377661955165,0.0379410279264,0.0384056510433,0.038731366218,0.0391504850091,0.0394426706805,0.0397923355004,0.0400629664912,0.0405946486146,0.0408556997473,0.0413873818708,0.042010072646,0.0422016698076,0.0426327634212,0.0430399073896,0.0432889836997,0.0436793629164,0.0440601622751,0.0444313817757,0.0447139875891,0.0449055847507,0.044879240141,0.045353443116,0.0456312590003,0.0457342424746,0.0460144533235,0.0462443699174,0.0464718915468,0.0465437404824,0.046910170054,0.0471424816124,0.0476047097648,0.0479256350105,0.048042988272,0.0483663084822,0.0486225696858,0.0489746294702,0.0494632022323,0.049839211662,0.0500403886817,0.0502655153465,0.050861861512,0.0509265255541,0.0513791738484,0.0519443854751,0.0522724956143,0.0525000172437,0.0528520770282,0.0532185065998,0.053611280781,0.0543058204919,0.0544471233985,0.0549907803446,0.0552470415482,0.0554697732486,0.0558385977847,0.056650490757,0.0570480548673,0.0574599887647,0.0581209989723,0.0584682688277,0.0590191106673,0.0596753309458,0.0603890303727,0.0610093261834,0.0616248320651,0.0619337824882,0.0627265157443,0.0634258453842,0.0640078217625,0.0646855967217,0.0651837493419,0.0654926997649,0.0663620718857,0.0670326619513,0.0677511513073,0.0683427075438,0.068780986051,0.0696168286685,0.0704430914279,0.0713435980874,0.0723662479375,0.0735206208361,0.0743157490568,0.0751468017452,0.0761646616662,0.0772040762679,0.0782027764728,0.0787392485253,0.0795152170298,0.0803726143279,0.0812779109165,0.0823197204827,0.0831890926035,0.0844368691184,0.0852296023746,0.0861277140696,0.0873275912941,0.0889394024161,0.0902662127602,0.0915954180688,0.0929389931646,0.094119710673,0.0952189993877,0.0963590024992,0.0982031251796,0.0999849787825,0.101230360333,0.102401497983,0.103792972369,0.105028774062,0.10638432398,0.107902731486,0.109746854166,0.111250891885,0.112450769109,0.113729680163,0.115655231637,0.117228723327,0.118756710691,0.120495454932,0.122392266832,0.124190885187,0.125802696309,0.127373793034,0.129011948765,0.131047668607,0.132597210652,0.134994570136,0.136570456791,0.138383444932,0.140146138819,0.142054925542,0.144397200842,0.14655266891,0.149043432011,0.151074361924,0.153361553041,0.155241600189,0.1578329518,0.160369219226,0.162716284456,0.164984315856,0.167264322079,0.169625757096,0.171939292823,0.174207324223,0.176796280869,0.179370867728,0.182252010046,0.18464936953,0.187444293125,0.189980560552,0.192377920037,0.194993221292,0.197828859284,0.200499244724,0.20308820137,0.205861570284,0.208378677995,0.211401123219,0.214445123124,0.217716644659,0.220686400663,0.223900443049,0.226910913451,0.230515335054,0.233343788152,0.236816486706,0.240001789517,0.243002680061,0.246140083582,0.248913452497,0.252268797789,0.255787000669,0.258948353836,0.261831891118,0.265888961015,0.268686279574,0.272738559542,0.276177728593,0.27926004793,0.282965058042,0.285740821921,0.288633939061,0.291847981447,0.294571056107,0.296937281052,0.300005230603,0.302151118812,0.305082555385,0.307338611963,0.310317947826,0.313424216808,0.315967669129,0.318132717055,0.320920455756,0.323356134673,0.325480468202,0.327451524002,0.329444134483,0.332116914887,0.334104735439,0.335920118545,0.337931888742,0.339962818655,0.3418835802,0.343291819338,0.344649764221,0.345801742155,