# R script for Peak Model
#  -- generated by MACS
p <- c(0.0144706698542,0.0168319988511,0.0191797743015,0.0216299543258,0.0241102533423,0.0240650748538,0.0241268187881,0.0241689853773,0.0242638602031,0.0243873480715,0.0244761990988,0.0245786036727,0.024804496115,0.0247713652234,0.0247216688861,0.0246599249519,0.0245951691184,0.0245469787308,0.0246057107658,0.0246102286146,0.0245379430331,0.0244852347965,0.0242879553969,0.0243783123738,0.0244897526454,0.0245469787308,0.024647877355,0.0246358297581,0.0246343238084,0.0246539011534,0.0246207702619,0.0247231748358,0.0248210615608,0.0247999782661,0.02470660939,0.0248752757469,0.0249294899331,0.0249852100688,0.0251403228792,0.0251117098365,0.0252397155538,0.0252291739065,0.0252276679569,0.0253104951858,0.0253436260773,0.0253014594881,0.0252803761934,0.0253586855734,0.0252126084608,0.0251975489646,0.0252713404958,0.0253511558254,0.0253616974727,0.0252909178408,0.0253632034223,0.0253647093719,0.0253647093719,0.0253285665811,0.0253616974727,0.0253993462131,0.0253541677246,0.0252969416392,0.0253481439261,0.0254460306511,0.0253948283642,0.0253812748177,0.0253767569688,0.0254128997596,0.02548970319,0.0255890958646,0.0255890958646,0.0256372862523,0.0256342743531,0.0256086732096,0.0257411967757,0.0258330597023,0.0258451072992,0.0259505237723,0.02592040478,0.0258692024931,0.0258737203419,0.0259098631327,0.0258586608457,0.0257848693146,0.0258134823573,0.0256945123377,0.025665899295,0.0254927150892,0.0254550663488,0.0255378935777,0.0255303638296,0.02548970319,0.0255770482677,0.0257110777834,0.0256297565042,0.0256538516981,0.0257020420857,0.0257427027254,0.0258541429969,0.02580294071,0.0258722143923,0.0259429940242,0.0259670892181,0.0259444999738,0.025939982125,0.0259580535204,0.0260453985981,0.0260393747996,0.0259219107296,0.025979136815,0.0259716070669,0.0259520297219,0.0259053452838,0.0259520297219,0.0259836546638,0.0261056365827,0.0261056365827,0.0261764162146,0.0263059278815,0.0262411720481,0.0263104457304,0.0263736956142,0.0264038146065,0.0264986894323,0.0265995880565,0.02658603451,0.0265182667773,0.0265649512154,0.0265513976688,0.0265845285604,0.0267531949173,0.0268254804988,0.0269429445688,0.0268104210027,0.0267155461769,0.0268119269523,0.0268345161965,0.0269113196269,0.0269248731734,0.0269233672238,0.0267562068165,0.0267110283281,0.0267140402273,0.0267501830181,0.0268977660804,0.0267983734057,0.0269098136773,0.0268465637934,0.0268827065842,0.0269986647046,0.0269941468557,0.02713420017,0.0271582953638,0.0271808846081,0.0271598013134,0.0272064857515,0.0273284676704,0.0273073843757,0.02732997362,0.0273646104611,0.0273254557711,0.0272426285423,0.0272501582904,0.0273856937557,0.0273796699573,0.027349550965,0.0273314795696,0.0273902116046,0.0272366047438,0.0272878070307,0.02736912831,0.0273977413527,0.0274700269342,0.02744743769,0.0274594852869,0.0276401992407,0.02772152052,0.0278133834465,0.0280648770323,0.0281883649007,0.0283043230211,0.0283901621492,0.0284729893781,0.0285512987581,0.0287290008127,0.0287907447469,0.0288585124796,0.0288419470338,0.0288118280415,0.0287470722081,0.0289202564138,0.0289955538946,0.0291250655615,0.0293253568604,0.0293825829457,0.0294593863761,0.0294940232173,0.0297891893419,0.0300271293811,0.03026657537,0.03030573006,0.0303659680446,0.0304397595757,0.03046234882,0.0305331284519,0.0307123364561,0.0308117291307,0.0308463659719,0.030912627755,0.0309005801581,0.0308599195184,0.0309773835884,0.0309547943442,0.0310315977746,0.0310376215731,0.0309472645961,0.0311716510888,0.0311550856431,0.0312017700811,0.0314397101204,0.0316610847138,0.0318764355088,0.0320315483192,0.0321580480869,0.0323327382423,0.0324878510527,0.0324471904131,0.0325872437273,0.0328477730107,0.0328327135146,0.0329366240381,0.0328763860534,0.0330480643096,0.0330796892515,0.0332905221977,0.0334140100661,0.0335811704734,0.03375134278,0.0337091761907,0.0337573665784,0.0338401938073,0.0339681995246,0.0340751219473,0.0343823356688,0.0344049249131,0.0345570258242,0.0346443709019,0.0347558111734,0.0349154418327,0.0350901319881,0.0353446374731,0.0355795656131,0.0355630001673,0.0356669106907,0.035736184373,0.0358385889469,0.0359304518734,0.0360147850519,0.0360720111373,0.03617893356,0.036284350033,0.0363491058665,0.0365915637546,0.0365554209638,0.0368023967007,0.036871670383,0.0369725690073,0.037106598523,0.03727526488,0.0373851992019,0.0374243538919,0.037478568078,0.0375282644154,0.0376848831754,0.0378068650942,0.0379258351138,0.0381125728661,0.0382074476919,0.0382782273238,0.0384122568396,0.0384544234288,0.0385538161034,0.0388519941273,0.0390718627711,0.039213422035,0.0394859989154,0.0397344806019,0.0400130812807,0.0403383663977,0.0406485920184,0.0409904425811,0.041171156535,0.0413443407407,0.0414964416519,0.0416319771173,0.0419241313427,0.04205213706,0.0424331423127,0.0426530109565,0.0429451651819,0.0431138315388,0.0435550747761,0.0437388006292,0.0440324608042,0.0443547340219,0.0445670729177,0.0449465722207,0.0452643275896,0.0455820829584,0.0457703266604,0.0460745284827,0.0464043314484,0.0467522058096,0.0469630387557,0.0473139250161,0.0477687218,0.0480638879246,0.0482476137777,0.0485774167434,0.0489072197092,0.0492535881207,0.0494734567646,0.0497806704861,0.0503303420957,0.0505743059334,0.0509056148488,0.0512625249077,0.0516947324473,0.0520154997153,0.0522835587469,0.052651010453,0.0530139443103,0.0534250685553,0.0536042765596,0.0540304603007,0.0542940014834,0.0545951914065,0.054902405128,0.0553361186173,0.0558391057888,0.0562939025726,0.056715568465,0.0571432581557,0.0577185309088,0.0581507384484,0.0585151782553,0.0590753915123,0.059718431998,0.0601446157392,0.0607138646938,0.0613930479703,0.062197225065,0.06280412276,0.0633312051253,0.0639772575103,0.0647332442173,0.065376284703,0.0659259563126,0.0666518240273,0.0671307160049,0.0676502686223,0.0681351843984,0.0689137603496,0.0696607113588,0.0705597632792,0.0712871369434,0.072169623418,0.0728367590976,0.0737041860761,0.0746935949734,0.0756287896846,0.0767296388534,0.0775262861999,0.0786271353688,0.0794177589169,0.0805396913803,0.0813589279711,0.0825124853765,0.0837925425496,0.0851207901103,0.0861629072442,0.087048405618,0.0883902067253,0.0896055080649,0.0908328570015,0.0919562954145,0.0930300374903,0.0943567791015,0.0954154616811,0.0964771561599,0.097913832093,0.0992270201576,0.100635083048,0.101906104523,0.103535542007,0.104931557301,0.106817006219,0.108191938218,0.109714453279,0.111140587565,0.112657078828,0.114419039878,0.115921977594,0.117578522171,0.119010680255,0.120784688902,0.12220178749,0.123989349683,0.125864256955,0.127849098548,0.129895684075,0.131663668923,0.13359580228,0.13543456676,0.1374329619,0.139187393202,0.141447823575,0.143556153036,0.145384375869,0.147528848121,0.149195934346,0.151222942528,0.153037611815,0.155111304435,0.157308484924,0.159779748243,0.161961869235,0.163818705111,0.166074617635,0.168188970895,0.170398198981,0.172970360924,0.175495838429,0.178007762387,0.180590465978,0.182760539373,0.185057112537,0.187828059829,0.190428834815,0.192883532688,0.195809592791,0.198338082195,0.2010578272,0.20356372736,0.205988306241,0.208939967487,0.211593450709,0.214304160017,0.216906440953,0.219702989388,0.222350448812,0.225163562694,0.227975170626,0.231066885186,0.233807713486,0.236590708375,0.239327018826,0.241879603424,0.244697235155,0.247626307157,0.250644230186,0.253249523021,0.256293047193,0.259051946889,0.262026197379,0.264804674419,0.268167459911,0.271393203987,0.274507507791,0.277546514115,0.280412336233,0.28363506841,0.286413545451,0.289214611735,0.292313856044,0.295206785255,0.297908458865,0.300717054897,0.303817805156,0.306867353127,0.309444032919,0.312211968312,0.315107909422,0.31770115466,0.320098626447,0.322804817906,0.325095367271,0.327300077508,0.329218657318,0.331260724997,0.333451881687,0.335353896051,0.336918577702,0.338638372162,0.340183476468,0.341699967731,0.343439339536,0.345091366264,0.346341304445,0.347296076501,0.348296027046,0.349285435943,0.349833601603,0.350374237515,0.350616695403,0.350819998601,0.351127212323,0.35121606335,