# R script for Peak Model
#  -- generated by MACS
p <- c(0.0115861684384,0.013518623731,0.0154881867324,0.0174577497337,0.0194544299068,0.0195129459091,0.0196299779135,0.0196528134266,0.0197384466005,0.0197983898223,0.0199553839746,0.0200238905138,0.0200738431986,0.0201066692486,0.0201237958834,0.0200510076855,0.0200581437834,0.0201694669095,0.0202151379356,0.02029934389,0.020223701253,0.0201623308117,0.0200695615399,0.0200638526616,0.0200353082703,0.0200809792964,0.0200224632942,0.019888304655,0.019812662018,0.0197669909918,0.0198197981158,0.0199254123637,0.0200581437834,0.0199910644637,0.0199368301202,0.0199511023159,0.0198825957767,0.0199496750963,0.0200909698334,0.0200895426138,0.0200652798812,0.019986782805,0.0198340703115,0.0199082857289,0.0198954407528,0.0198397791897,0.0198226525549,0.0198312158723,0.0197256016244,0.0197256016244,0.0197570004549,0.0197983898223,0.0198255069941,0.0196913483548,0.0197912537245,0.0198283614332,0.0198968679724,0.0198668963615,0.0199025768506,0.019802671481,0.0198197981158,0.0198169436767,0.0198497697267,0.0199468206572,0.0198611874832,0.0197869720658,0.019802671481,0.0198583330441,0.0198155164571,0.0198954407528,0.0198597602636,0.019802671481,0.019845488068,0.0199496750963,0.020115232566,0.0201937296421,0.0202822172552,0.0203578598923,0.0203921131618,0.0203664232097,0.0203464421357,0.0204392114075,0.0204763191162,0.0204249392119,0.0203778409662,0.0204263664314,0.0203564326727,0.0202793628161,0.020276508377,0.0203207521835,0.0203764137466,0.0203121888661,0.0204006764792,0.0204591924815,0.0204434930662,0.0203792681857,0.020427793651,0.0204492019445,0.0204905913119,0.0205448256554,0.0204492019445,0.0205719428272,0.0204677557989,0.0203678504292,0.0203835498444,0.0203464421357,0.0203121888661,0.0202122834965,0.0201923024226,0.020148058616,0.020148058616,0.0200438715877,0.0200181816355,0.020148058616,0.0202251284726,0.0204292208706,0.0205162812641,0.0207446363947,0.0207289369795,0.0207617630295,0.0208545323013,0.0208645228383,0.0209558648905,0.021020089771,0.0209530104514,0.0209487287927,0.0208516778622,0.0207974435186,0.0207746080056,0.0208830766926,0.0209787004035,0.0211000140667,0.021085741871,0.0209658554275,0.0209644282079,0.0208516778622,0.0208887855709,0.0208302695687,0.020881649473,0.0207560541512,0.020697538149,0.0206304588294,0.0206104777555,0.0206832659533,0.0207517724925,0.0207760352251,0.020815997373,0.0208573867404,0.0209544376709,0.0210286530884,0.020967282647,0.0209273204992,0.0209615737688,0.0208859311317,0.0208930672296,0.0209601465492,0.0210058175753,0.0209644282079,0.0208545323013,0.0207446363947,0.0207617630295,0.0208773678143,0.0208473962035,0.0209630009883,0.0209415926948,0.0208930672296,0.0208645228383,0.0208902127904,0.0210143808927,0.0210771785536,0.0211628117276,0.0211471123124,0.0212769892929,0.0212741348538,0.0212612898777,0.0213140970016,0.0213740402234,0.02148393613,0.0214482556408,0.0215624332061,0.0216951646258,0.0218521587781,0.0218749942911,0.0218864120477,0.0220847955674,0.0222089636696,0.0222831790871,0.0222788974284,0.0222860335262,0.0223431223088,0.0223902205545,0.0223802300176,0.0225129614372,0.0226000218308,0.0225600596829,0.0225686230003,0.0226171484655,0.0227955509113,0.0230424598963,0.0230495959941,0.023026760481,0.0231295202898,0.0231423652659,0.0231766185355,0.0232693878073,0.0233892742509,0.0234663441074,0.0235077334749,0.0234834707422,0.0235719583553,0.0235519772814,0.023553404501,0.023533423427,0.0235905122097,0.0236861359206,0.0237018353359,0.0238088768033,0.0238859466599,0.0239430354425,0.0241057384731,0.0243112580906,0.0244725339016,0.0245695848321,0.024750841717,0.0248150665975,0.0249477980171,0.0249849057259,0.0250377128498,0.0252089791978,0.0251690170499,0.0252203969543,0.0252489413456,0.0254002266196,0.0254430432066,0.0255929012611,0.0256257273111,0.0257513226329,0.0257798670242,0.0257884303416,0.0260567476201,0.0262194506506,0.0262108873332,0.0264078436334,0.0265591289074,0.0266176449096,0.0267232591575,0.0268188828684,0.0269587503859,0.027080064049,0.0270386746816,0.0271942416143,0.0274654133319,0.027455422795,0.0274968121624,0.0275895814342,0.0278407720778,0.0279406774475,0.0281419154063,0.028307472876,0.0283916788304,0.0284444859543,0.0285401096653,0.0286314517175,0.0288769334829,0.0290210826591,0.0291481052005,0.0292266022766,0.0291809312505,0.0291666590548,0.0293322165245,0.0293850236485,0.0294335491137,0.0294749384811,0.0294335491137,0.029504910092,0.0294777929203,0.0295976793638,0.0297703729313,0.029913094888,0.0299701836706,0.030064380162,0.030162858312,0.0302770358773,0.0304411661274,0.030551062034,0.0307765627255,0.0310191900518,0.0311890291801,0.031413102652,0.0315572518282,0.0317228092979,0.0318826578893,0.0320567786764,0.0321809467786,0.0323336592722,0.032383611957,0.0325191978158,0.0326619197724,0.0328717210487,0.0332142537446,0.0334854254621,0.0338393759146,0.034226152417,0.0345144507694,0.0348898095153,0.0353122665069,0.0356390997875,0.0361600349292,0.0364940043077,0.0368536636384,0.0371448164299,0.0374830674671,0.0377870652347,0.0380967718805,0.0382280760806,0.0386091437048,0.0388731793245,0.0391158066508,0.0393998233445,0.0395782257902,0.0399007774122,0.0401405502993,0.0403846048451,0.0406828937345,0.0411481673131,0.0413408419545,0.0415920325982,0.0418417960222,0.0422299997442,0.0424683454118,0.0427723431794,0.0431006036796,0.043507361256,0.0439583626389,0.0442609331869,0.044606320322,0.0449659796526,0.0451957620028,0.0454969053313,0.0460092771555,0.0463575187297,0.0467856845995,0.0470739829519,0.047323746376,0.0477162317567,0.0481772236766,0.0486881682813,0.0492676194252,0.0496315604145,0.0501767582888,0.0506520224044,0.0510630616394,0.0514969363876,0.0520235804075,0.0524574551556,0.0529441370277,0.0533780117758,0.0539474723827,0.0545269235266,0.0549707888117,0.0555002872708,0.0561939159799,0.0568233198086,0.0574912585656,0.0583675713792,0.0589270414492,0.0595236192279,0.0600459815891,0.0608409428875,0.0616344769663,0.0625635969039,0.0633000422,0.0641049940354,0.0649413447012,0.0657591415126,0.0668209928698,0.0677258500748,0.0689418411452,0.0699951291851,0.0710555533227,0.0720774425321,0.0729166476371,0.0740113250443,0.0751488190386,0.0761507271741,0.0770698565747,0.0781573978842,0.0790808089435,0.0799742483919,0.080816307936,0.0819409569541,0.0832254545637,0.0844856894407,0.0855004425522,0.0868876999706,0.0884191065651,0.0900390007728,0.0913734510671,0.0927478635094,0.0943206594713,0.095844929968,0.0973492193908,0.098753603444,0.100439149752,0.10189205927,0.103436310841,0.104933464166,0.106748887454,0.108821210264,0.110686586237,0.11238783196,0.114244644615,0.116118583906,0.117998232075,0.119873598585,0.121867424319,0.124016816985,0.126032051013,0.12804871226,0.130159569998,0.132341788715,0.134325623912,0.136616311316,0.13893697033,0.141317572567,0.143593987775,0.145971735572,0.148138254874,0.150477467743,0.152809544514,0.15492611113,0.157654954941,0.160181133573,0.16305412656,0.165607422364,0.168063667237,0.1706212447,0.173592715837,0.176237353693,0.179124618875,0.182457176562,0.18516175764,0.187997642918,0.190573774235,0.193502428785,0.19674507164,0.199555266965,0.202168505991,0.205131413811,0.207967299089,0.210663316849,0.213640496864,0.217027288895,0.220652426593,0.224093452967,0.227224772695,0.230617273604,0.234279519011,0.237610649479,0.241161571759,0.244882333168,0.248647338384,0.252216814519,0.255448039617,0.258853385502,0.262688324476,0.266516127353,0.270054204657,0.273820637093,0.277706955971,0.28139489133,0.285102807763,0.288960582251,0.292618545999,0.296406386728,0.299934473495,0.303770839689,0.307711392911,0.311771832577,0.315451204619,0.319227627591,0.322750005481,0.326419386985,0.32995603707,0.33334425632,0.337033618899,0.340119267601,0.343541740121,0.34657030004,0.349596005521,0.352351966503,0.35548899511,0.358264937166,0.360959527707,0.363752596398,0.366108935902,0.368763564295,0.371402493273,0.373677481261,0.376138007793,0.378020510401,0.379546208117,0.38078646192,0.382319295735,0.383522441829,0.384667071921,0.385571929126,