# R script for Peak Model
#  -- generated by MACS
p <- c(0.0103336197757,0.0120852399421,0.0138274680434,0.0155485639978,0.0174058448982,0.0175514219094,0.0177486552793,0.0178684041111,0.01787544816,0.0180585934321,0.0181102497909,0.0181924303617,0.0183098311772,0.0182886990304,0.0182722629162,0.0182135625085,0.018035113269,0.0179224084862,0.0179294525351,0.0178543160132,0.0178284878338,0.0177909195729,0.0176124703334,0.0176054262845,0.0175514219094,0.0174739373712,0.0174974175343,0.0175537699257,0.0176195143823,0.0176688227248,0.0176101223171,0.0175913381866,0.0175960342192,0.0176711707411,0.0176101223171,0.0177087390021,0.0176758667737,0.0177063909858,0.0177275231325,0.0177063909858,0.0178707521274,0.017814399736,0.0177932675892,0.0177533513119,0.0177110870184,0.0176805628064,0.0177815275076,0.0177110870184,0.0176453425617,0.0176077743008,0.017586642154,0.0175302897626,0.0176101223171,0.0177087390021,0.0177110870184,0.0176054262845,0.0175514219094,0.0174199329961,0.0173565365557,0.0173870607677,0.0173095762295,0.0174034968819,0.0173800167188,0.017229743675,0.0173213163111,0.0173729726699,0.0172696599523,0.0173142722622,0.0174128889471,0.0172109595446,0.0172039154956,0.0171898273978,0.0171428670716,0.0172133075609,0.0171968714467,0.0170912107128,0.0171499111205,0.0172344397077,0.0170207702235,0.0171099948433,0.0171264309574,0.0171452150879,0.0172532238381,0.0171921754141,0.0171264309574,0.0172438317729,0.017267311936,0.0171593031858,0.0173471444905,0.0174011488656,0.0174058448982,0.0174175849798,0.0173119242459,0.0174481091918,0.0173894087841,0.0172180035935,0.0171874793815,0.017358884572,0.0173048801969,0.0172203516098,0.0172344397077,0.0171616512021,0.01732836036,0.017229743675,0.0173142722622,0.0173541885394,0.0173941048167,0.0172532238381,0.0172133075609,0.0173377524253,0.0172720079686,0.017206263512,0.0171898273978,0.0172344397077,0.0172391357403,0.0174833294364,0.0174504572081,0.0175678580235,0.0175678580235,0.0174434131592,0.0174551532407,0.0174739373712,0.0174246290287,0.0175889901703,0.0175021135669,0.0173260123437,0.0173541885394,0.0173471444905,0.0174363691102,0.0174293250613,0.017457501257,0.0174481091918,0.0175326377789,0.0174457611755,0.0175232457137,0.0175208976974,0.0175983822355,0.0175396818278,0.0175678580235,0.0176617786759,0.0177862235403,0.0178707521274,0.0177603953609,0.017715783051,0.0178543160132,0.01787544816,0.0177627433772,0.0178284878338,0.0177697874261,0.0177228270999,0.0176265584313,0.0176664747085,0.0177110870184,0.0176265584313,0.0175396818278,0.0175115056321,0.0176641266922,0.0176946509042,0.0176688227248,0.0177181310673,0.0177533513119,0.0178355318828,0.0179318005514,0.0179670207961,0.0179670207961,0.0180116331059,0.0179482366656,0.0178895362579,0.018004589057,0.018096161693,0.0181219898724,0.0180445053342,0.0179928489755,0.0181079017746,0.0181219898724,0.0180867696278,0.0180867696278,0.0181172938398,0.01807268153,0.0182346946553,0.018194778378,0.018323919275,0.0183732276175,0.0182863510141,0.0183145272098,0.0183755756338,0.018262870851,0.0182417387042,0.0182793069651,0.0181055537583,0.018232346639,0.0180609414484,0.0178801441926,0.0180186771548,0.018096161693,0.0181853863128,0.01842253596,0.0184507121557,0.0185281966939,0.0186385534604,0.0186080292484,0.018840482863,0.019061196396,0.0191739011788,0.0192678218312,0.0193852226467,0.0194368790055,0.0195331476741,0.0197303810441,0.0197350770767,0.0198078655823,0.0198219536801,0.0198783060715,0.0198454338432,0.0198102135986,0.0198219536801,0.0198196056638,0.0199722267239,0.0198266497127,0.0198900461531,0.020094323572,0.0201342398492,0.0201788521591,0.0201671120775,0.0201718081102,0.0201718081102,0.0203009490071,0.0203079930561,0.0205122704749,0.0206155831925,0.0206155831925,0.020671935584,0.0207775963179,0.0209560455573,0.0210969265359,0.021249547596,0.0212354594981,0.0214139087376,0.0213763404766,0.0213434682483,0.0213646003951,0.0215101774063,0.0216017500423,0.0217708072165,0.0218858600157,0.0219210802603,0.0222474545273,0.0222286703968,0.0224986922723,0.0226160930878,0.0227194058054,0.0228133264577,0.0228696788491,0.0229354233058,0.0230622161865,0.0232312733607,0.0231702249367,0.0232617975727,0.0231256126268,0.0233345860783,0.0232805817032,0.023362762274,0.0235271234156,0.0235271234156,0.023583475807,0.0235693877092,0.0235576476277,0.0237149647204,0.0239521143676,0.0241023874113,0.0243841493684,0.0244733739881,0.0244240656457,0.0244146735804,0.0245696426568,0.0246635633092,0.0248396645323,0.0249265411358,0.025004025674,0.0250885542611,0.0250462899675,0.0251707348319,0.0253961443976,0.0255957257838,0.025771827007,0.0259080119529,0.0261780338284,0.0263893552962,0.0265725005683,0.0266405930413,0.0267697339383,0.0269223549984,0.0272534252979,0.0275539713855,0.0277347686413,0.0281151472833,0.0282137639683,0.0285495303005,0.0288477283717,0.0291412304103,0.029784586879,0.0301978377493,0.0303715909562,0.030742577533,0.0310454716369,0.0313554097897,0.0317850967742,0.0320621626987,0.032383840933,0.0328886644394,0.0331070299561,0.0335766332179,0.033926487648,0.0341448531647,0.03450409966,0.0349243945793,0.0353517335475,0.0358659491191,0.0361782352882,0.0365304377346,0.0370023890127,0.0372371906436,0.0377326220848,0.0381482209714,0.0385896480375,0.0387939254564,0.0392095243431,0.0394607620881,0.0398857530401,0.0402473475516,0.0405220654598,0.0408531357593,0.0412029901894,0.0415786727988,0.0418346065765,0.0423042098383,0.0427151126923,0.0429804385352,0.0434782179927,0.0439924335644,0.0446005697884,0.0450138206588,0.0455280362305,0.0461338244382,0.0467677888416,0.0473125286253,0.047918316833,0.0484607086003,0.0489631840904,0.0495243599883,0.0500714477883,0.0507946368114,0.0515037377367,0.052090741814,0.0526824419238,0.053307014262,0.0538282738826,0.0546312954602,0.0553192642388,0.055838175843,0.0564862283443,0.0571788931554,0.0577541571511,0.0586276192181,0.0596513543288,0.0607901422386,0.0618655337081,0.0627742160197,0.0638472594728,0.0648662985509,0.0661811876839,0.0673622398873,0.0685620762212,0.0695271109242,0.0705790222306,0.0716591097327,0.0725771841095,0.0739648617481,0.0751200857721,0.0763598383832,0.0771957321892,0.0783861764578,0.0796799334441,0.0811028313273,0.0821923108946,0.0835752925006,0.0851531594602,0.086458656528,0.0879660829983,0.0895204697949,0.0911006847708,0.0926621156162,0.0942798988531,0.0958718539106,0.0977573110066,0.0992295172323,0.100882520714,0.102476823788,0.104127479253,0.105836835126,0.107804472793,0.109335379426,0.111084651576,0.112869143971,0.114728772888,0.116388820418,0.118382286264,0.120479064828,0.122648631898,0.12493090375,0.127210827586,0.129579976042,0.131996084824,0.134160955861,0.136215470131,0.138723151549,0.140873934488,0.143050545606,0.144936002702,0.147082089609,0.14939018964,0.152052840135,0.154069786144,0.156551639383,0.158956008083,0.161663270887,0.164232000729,0.166845342881,0.169860195822,0.172907920991,0.175678580235,0.178597164507,0.181654281742,0.184605738242,0.188003317841,0.191079219206,0.194206776929,0.197299114408,0.199987593082,0.202565714989,0.204927819396,0.207949716385,0.21117823881,0.214359800909,0.21745683442,0.220868502117,0.224336522206,0.228222489197,0.231819650182,0.235459075461,0.239488271447,0.24270505379,0.245985232574,0.249655182065,0.253062153729,0.256523129769,0.260155510999,0.263466213994,0.266995282507,0.27071454034,0.274379793798,0.278378465572,0.282506278243,0.28664348298,0.290703203178,0.294107826826,0.298021970013,0.301621479015,0.30565771905,0.309384020932,0.313497745505,0.316918805267,0.320372737258,0.323446290606,0.326998839282,0.330419899044,0.333244562663,0.336703190686,0.340450624716,0.343686191189,0.346428674238,0.349941306636,0.353611256127,0.357128584558,0.359791235052,0.362885920548,0.366093310826,0.36836149458,0.37076586328,0.37319606016,0.375478332012,0.37735674506,0.378516665116,0.379885558624,0.381320196589,0.382475420613,0.383217393767,0.384337397546,0.384262261024,0.384292785236,0.384536978932,0.384482974557,0.384360877709,0.383400539039,0.38273839844,0.382703178195,0.382212442786,