# R script for Peak Model
#  -- generated by MACS
p <- c(0.0111487298228,0.0130901251387,0.0149818048255,0.0170077167108,0.0188894532718,0.0190311428147,0.0192200622052,0.0193244650263,0.0192896640859,0.0194462683175,0.0194959839466,0.0194263820659,0.0194885266023,0.0194238962844,0.0193816379997,0.0193344081521,0.0192598347085,0.019257348927,0.0192374626754,0.0189515978081,0.0189615409339,0.0192225479866,0.0191952043906,0.0191007446954,0.0190684295365,0.0190435717219,0.0190261712517,0.0189043679605,0.0189739698412,0.0190957731325,0.0191057162583,0.0188894532718,0.0188397376427,0.0188894532718,0.0190908015696,0.0191604034503,0.0191902328277,0.0193070645561,0.0191852612648,0.0191827754834,0.0190535148477,0.0190808584437,0.0190187139074,0.0190361143776,0.0188645954572,0.0188496807685,0.0188447092056,0.018792507795,0.0189167968678,0.0189988276558,0.0190435717219,0.0190162281259,0.0191355456357,0.0191430029801,0.0192474058012,0.019147974543,0.0191181451656,0.0190634579736,0.0189689982783,0.0188422234241,0.0188248229539,0.0187577068547,0.018737820603,0.0186259604376,0.0185737590271,0.0187253916958,0.0187800788878,0.0187850504507,0.0188447092056,0.0189441404638,0.0189540835896,0.0189789414041,0.018956569371,0.0190410859405,0.0189714840598,0.01871544857,0.0186930765369,0.0187601926361,0.0185364723052,0.0184643846431,0.0185712732456,0.0186035884045,0.0185638159012,0.0185339865238,0.0185563585569,0.0186359035634,0.018496699802,0.0184768135503,0.0185389580867,0.0185364723052,0.0184295837027,0.0184643846431,0.01857873059,0.018524043398,0.0184544415172,0.018524043398,0.018551386994,0.018496699802,0.018496699802,0.0186160173118,0.018633417782,0.0184743277689,0.0183376097889,0.0183674391663,0.018414669014,0.0185489012125,0.0186632471594,0.0187030196627,0.0188795101459,0.018742792166,0.0186955623183,0.0187552210732,0.0189118253048,0.0188621096758,0.0188819959274,0.0188645954572,0.0187949935765,0.0188024509209,0.0186359035634,0.0185936452787,0.0186756760667,0.0185613301198,0.0183823538551,0.01844201261,0.0185215576165,0.0183574960405,0.0183152377558,0.0183550102591,0.0184618988616,0.0185588443383,0.0185489012125,0.0185911594972,0.018628446219,0.0186359035634,0.0187005338812,0.0187179343514,0.0186359035634,0.0186135315303,0.0187502495103,0.0187452779474,0.0186458466892,0.0187800788878,0.0188521665499,0.0188869674903,0.0188024509209,0.0188223371725,0.019011256563,0.0189242542121,0.0187775931063,0.0188819959274,0.0191057162583,0.0191082020397,0.0190883157881,0.0191007446954,0.0192051475165,0.019339379715,0.0194785834764,0.0196028725492,0.0197420763106,0.0197246758404,0.019667502867,0.0197619625622,0.0199260241382,0.0199260241382,0.0198937089793,0.0199011663237,0.0197893061582,0.0197296474033,0.0195904436419,0.0195979009863,0.019612815675,0.0195531569201,0.0193542944037,0.0194040100328,0.0194636687877,0.0195059270724,0.0194910123837,0.0195979009863,0.0197246758404,0.0195556427015,0.0194562114434,0.0194363251917,0.0194959839466,0.0195158701983,0.0194412967546,0.0194089815957,0.0195506711386,0.0194835550394,0.0195183559797,0.0197917919397,0.0199707682044,0.0201348297804,0.0202591188531,0.0203162918266,0.0203908652702,0.0204231804291,0.0203933510517,0.0206369576342,0.0207339031109,0.020728931548,0.0207239599851,0.0207140168593,0.0206369576342,0.0207239599851,0.0208557064022,0.0209103935942,0.0209352514087,0.0210620262629,0.0211067703291,0.0212559172163,0.0212882323752,0.0213454053487,0.0215691256796,0.0216760142821,0.021489580673,0.0215939834941,0.0217878744476,0.0218773625799,0.0218848199243,0.0219842511824,0.0221880852617,0.022255201361,0.0222328293279,0.022282544957,0.0226081823275,0.0227125851486,0.0226802699897,0.02257835295,0.0228368742213,0.0228542746915,0.0228542746915,0.0228716751617,0.0230804808038,0.0231973125322,0.0232992295718,0.0233787745784,0.0235776370947,0.0237640707038,0.0237939000812,0.0239331038427,0.0240648502598,0.024350715127,0.0242313976172,0.0243183999681,0.0243556866899,0.0244526321666,0.0244675468554,0.0246340942128,0.0246390657757,0.0245172624845,0.0246763524975,0.0247186107823,0.0250019898681,0.0249696747091,0.0249373595502,0.0251561083182,0.0251809661328,0.0250765633117,0.0250144187753,0.0252455964506,0.0252033381659,0.0250989353448,0.0251561083182,0.0253077409869,0.0256060347615,0.0254718025629,0.0256209494502,0.0257899825891,0.0261355062112,0.0262747099727,0.0263741412309,0.0264710867076,0.0264561720189,0.0265506317141,0.0264959445221,0.0266227193763,0.026719664853,0.0266972928199,0.0266873496941,0.0267047501643,0.0267445226676,0.0270055297203,0.0271521908261,0.0271447334817,0.0272864230246,0.027403254753,0.0273734253755,0.0274877713224,0.027622003521,0.02780843713,0.0279650413617,0.0280222143351,0.0282210768515,0.0284696549969,0.0285094275002,0.0286461454802,0.0288723515925,0.0291259013009,0.0293695078834,0.0295633988368,0.0299163798033,0.0303215621804,0.0306123986106,0.0311418700603,0.0318652324636,0.032469277357,0.0330136634955,0.0335207629122,0.0339905756071,0.0343758717325,0.0347885114539,0.0350122317848,0.0354422719764,0.0354994449499,0.0356162766782,0.0356237340226,0.0359071131084,0.0362178357902,0.0364216698694,0.0368939683458,0.0371897763388,0.0373911246366,0.037644674345,0.0381244301657,0.0382188898609,0.0386116433307,0.0388030485027,0.0390491408667,0.0391386289991,0.0391808872838,0.039170944158,0.0394046076147,0.0394468658994,0.0397203018594,0.0401478562695,0.0403268325342,0.0403541761302,0.0405232092691,0.0408886191429,0.0412366285465,0.0415423796654,0.0418058724996,0.0422433700356,0.0424049458301,0.0428076424257,0.0432675119948,0.0438864715769,0.0443040828612,0.0447192083641,0.044888241503,0.0453406537277,0.0460167862833,0.046305136932,0.046715290872,0.0469216107327,0.0473317646727,0.0474784257785,0.047776719553,0.0481073284864,0.0485796269628,0.0491066126311,0.0494993661009,0.0501009252128,0.0507646288611,0.0513537590658,0.0517887708203,0.0523356427403,0.0530739198323,0.0536754789442,0.0544187275991,0.0550849170288,0.0556317889488,0.0562582058753,0.0566907318484,0.0572898051789,0.0578416486617,0.0588757337468,0.0595270084878,0.0601459680699,0.0610756503339,0.0617194677306,0.0623632851272,0.0631289058152,0.0640337302646,0.0650280428463,0.0662634762291,0.0668550922153,0.0678146038567,0.0687219140875,0.0692762433518,0.0705862501783,0.0717073376142,0.07253758862,0.0732684083676,0.0740762873402,0.0749910549154,0.0762811754903,0.0774097202705,0.0784661773886,0.0797065823344,0.0806834944459,0.081986043928,0.0835868871846,0.0852424176333,0.0870893532539,0.0885062486828,0.0897889119133,0.0909348571638,0.0928389657578,0.0944348374515,0.0959685646089,0.0974401472299,0.0990086753276,0.100634376399,0.101879752907,0.103465681475,0.105228100526,0.107308699604,0.108834969417,0.11084099505,0.112633243479,0.114552266762,0.116535920362,0.118353026605,0.120209905352,0.122193558952,0.123968406911,0.125907316445,0.128057517403,0.129596216124,0.131835905214,0.134217283847,0.136456972938,0.138361081532,0.140623142655,0.143019435977,0.145733909325,0.148045686078,0.150297804076,0.153076907742,0.155575118103,0.157707918591,0.159940150337,0.16254276352,0.165016116067,0.167700760038,0.170469920578,0.173199308615,0.176005755877,0.178672999377,0.181032005977,0.184206348895,0.186605127998,0.18980432873,0.193180019945,0.196018782366,0.198574165701,0.201708736115,0.204917879972,0.208159338989,0.211572316926,0.214853548446,0.218850685024,0.222629072835,0.226310515169,0.230290251277,0.23437936177,0.238232323024,0.242018168179,0.24602027632,0.250420109495,0.25451419155,0.258449183592,0.262414005012,0.266264480485,0.269826605309,0.273848599702,0.277726418771,0.281815529263,0.285827580531,0.289270387845,0.292864827828,0.29664570142,0.300483747986,0.304264621578,0.307836689528,0.310869342902,0.314458811322,0.317901618636,0.321043646395,0.323927152882,0.327138782521,0.330039689478,0.332314179509,0.335103226301,0.33802401951,0.341474284168,0.344442307225,0.347124465414,0.349657476716,0.352533525859,0.355494091571,0.358171278197,0.360826092791,0.363135383762,