# R script for Peak Model
#  -- generated by MACS
p <- c(0.0100629807445,0.0117320026317,0.0134213784444,0.0151311081825,0.0167472098635,0.0167512806486,0.0166820773021,0.0166250863108,0.0168449087057,0.016857121061,0.0169711030435,0.0169792446137,0.0169670322584,0.0168082716399,0.0167594222188,0.0168449087057,0.0168326963505,0.0167472098635,0.0165518121792,0.016409334701,0.0162709280079,0.0163279189992,0.0163523437097,0.0166088031705,0.0167024312275,0.0167960592846,0.0168204839952,0.0168856165566,0.0169059704821,0.0170240232497,0.0172234917192,0.0170728726708,0.0170484479603,0.0170077401094,0.0170891558112,0.0169670322584,0.0171827838683,0.0171502175875,0.0171461468024,0.0171827838683,0.0170769434559,0.0171868546534,0.0172641995701,0.0170565895304,0.0170321648199,0.0171054389515,0.0168449087057,0.0168774749865,0.0168082716399,0.0167716345741,0.0167879177145,0.0167146435828,0.0165965908152,0.016633227881,0.0164500425519,0.0163401313545,0.016274998793,0.0160877426788,0.0160755303236,0.0162180078017,0.0160796011087,0.0160755303236,0.0160592471832,0.0161488044552,0.0162261493719,0.0162261493719,0.016319777429,0.0163767684203,0.0163482729246,0.0162057954465,0.0163157066439,0.0163319897843,0.0162912819334,0.0162790695781,0.0163157066439,0.0163319897843,0.0162709280079,0.0162831403632,0.0162017246614,0.0161935830912,0.0160836718937,0.0161162381745,0.0161203089596,0.0160022561919,0.0160022561919,0.0160185393323,0.0160836718937,0.0162465032974,0.0162709280079,0.0161080966043,0.0161365920999,0.016230220157,0.016274998793,0.0164419009817,0.0163442021396,0.0163157066439,0.0162831403632,0.0161650875956,0.0162912819334,0.0163523437097,0.0163686268501,0.0161935830912,0.0161040258192,0.0160144685472,0.0161976538763,0.0162383617272,0.0161976538763,0.0161162381745,0.0161650875956,0.0162098662316,0.016230220157,0.0162098662316,0.0163238482141,0.0163279189992,0.0162831403632,0.0160999550341,0.0162261493719,0.0164622549072,0.0164581841221,0.0164866796177,0.0164134054861,0.0164785380476,0.0163726976352,0.0163075650737,0.0160877426788,0.0162057954465,0.0161080966043,0.0158597787138,0.0157702214418,0.0156440271039,0.0155951776828,0.0155096911959,0.0157498675163,0.0158923449945,0.0161243797447,0.0161121673894,0.0161121673894,0.0161569460254,0.016051105613,0.0161691583807,0.0162465032974,0.016185441521,0.0158516371436,0.0158882742094,0.0157742922268,0.0157987169374,0.0159004865647,0.0160022561919,0.0161528752403,0.0160836718937,0.016185441521,0.016274998793,0.0163808392054,0.0161895123061,0.0161610168105,0.0161528752403,0.0162220785868,0.0160673887534,0.016051105613,0.0160918134639,0.0160836718937,0.0162261493719,0.0163971223457,0.0165477413941,0.0166576525915,0.0167838469294,0.0167757053592,0.0169711030435,0.0169955277541,0.0170403063901,0.0169507491181,0.0169059704821,0.0166169447406,0.0164500425519,0.0165518121792,0.016409334701,0.0163279189992,0.0162098662316,0.0162424325123,0.0163849099905,0.0164622549072,0.016319777429,0.0164948211879,0.0165721661046,0.0164866796177,0.0165518121792,0.0164948211879,0.0165640245345,0.0165395998239,0.0164622549072,0.0164703964774,0.016767563789,0.0168408379206,0.0169751738286,0.0169995985392,0.0170280940348,0.0171339344472,0.0171542883726,0.0171583591577,0.0173334029166,0.0174433141141,0.0174595972544,0.0176794196493,0.0178259679126,0.0178300386977,0.0179236667548,0.0179073836144,0.018155701505,0.0182737542726,0.0182045509261,0.018249329562,0.0181027812988,0.0179887993162,0.0177893308468,0.0179643746057,0.0180417195224,0.0181027812988,0.0179155251846,0.0179358791101,0.0180417195224,0.0180905689435,0.0182574711322,0.0181516307199,0.0180539318777,0.0179440206802,0.0178218971275,0.0178218971275,0.0179440206802,0.0179887993162,0.0179847285311,0.0179725161759,0.0180620734479,0.0183510991893,0.0186726912115,0.0188029563344,0.0189576461678,0.0190675573653,0.0190512742249,0.0190064955889,0.0191937517031,0.0195234852955,0.0195275560806,0.0195967594271,0.0196171133526,0.0196741043438,0.0197799447562,0.0199631300853,0.0201788816951,0.0203498546689,0.0203742793794,0.0204964029322,0.0207202961122,0.0205859602042,0.0207040129718,0.0209767555729,0.0209564016474,0.0208749859456,0.0208668443754,0.0208994106562,0.0209645432176,0.0207202961122,0.0206999421867,0.0208749859456,0.0210541004896,0.0209523308623,0.0210459589194,0.0211843656125,0.0210825959852,0.0212983475951,0.0212332150336,0.0213187015205,0.0212779936696,0.02129427681,0.0211925071827,0.0213064891652,0.0215710901961,0.0216810013936,0.0220758675474,0.0219171069289,0.0220717967623,0.0222142742405,0.022373034859,0.0225562201881,0.0226172819645,0.0225562201881,0.0226457774601,0.0228940953507,0.0228818829954,0.0232808199343,0.0235209962546,0.0236675445179,0.0239687826146,0.0240786938121,0.0242740914964,0.0245834711633,0.0247096655011,0.0249539126066,0.0253243540499,0.0254586899579,0.0256662999975,0.0260245290855,0.0261344402829,0.0266921378404,0.0271806320513,0.0275999229156,0.0279947890694,0.0283733720829,0.0287600966665,0.0294032807108,0.0297615097988,0.0300627478955,0.030486109545,0.0306611533039,0.0310885857384,0.0316300001555,0.032102211226,0.0322935381253,0.0325988470071,0.0327942446915,0.033221677126,0.0335391983631,0.0339055690213,0.0342434441838,0.0344551250085,0.0346342395525,0.0349843270703,0.0351390169038,0.0352041494652,0.035375122439,0.0356967144612,0.0358961829307,0.0362666243739,0.0366859152383,0.0368650297823,0.0370807813921,0.0373616655633,0.0378338766339,0.0385951134459,0.0391487402182,0.0394825445957,0.0402315690524,0.0405897981404,0.0410294429302,0.041648202264,0.0422099706065,0.0426251906858,0.0429834197737,0.0432032421686,0.0432927994406,0.0437080195199,0.0440458946824,0.0444081945555,0.0447216450075,0.0449129719068,0.0453078380606,0.0457841199162,0.0465331443729,0.047119337426,0.0479660607249,0.0484097762998,0.0484952627867,0.0493338445154,0.0500503026914,0.0510964944597,0.0518373773462,0.0526189680837,0.0533761341105,0.0541373709225,0.0549433863705,0.056176834253,0.0574713439119,0.0580901032457,0.0589734636104,0.059449745466,0.0604755833089,0.0612897403271,0.0621649591216,0.0630320363459,0.0640049539826,0.0647173413735,0.0656658342997,0.0666713182171,0.0677826425469,0.0689753825785,0.0701559102548,0.070880510001,0.0718737815631,0.072899619406,0.0742592616263,0.075769522895,0.0768604932994,0.0785173028313,0.0797100428629,0.0811999502062,0.0824211857334,0.0841919772479,0.0855231239726,0.087379401974,0.0886047082863,0.0899195718706,0.0920567340433,0.0934041639084,0.0946498241462,0.0961356607043,0.0979960094908,0.0994574213384,0.101395115042,0.102803606683,0.104179532044,0.105970677484,0.107468726397,0.109426774026,0.111905882146,0.114266937499,0.115671358355,0.117617193628,0.120047452328,0.122331162764,0.124382838449,0.126145488394,0.127912209123,0.130297689186,0.132125471692,0.133981749693,0.136473070169,0.139102797338,0.140755536085,0.143132874578,0.145815521952,0.148139940239,0.150639402285,0.152764352102,0.155483636543,0.15846345123,0.161113532324,0.163482729246,0.166527676494,0.169291739571,0.17215350149,0.174734379237,0.177583928801,0.180128169483,0.183417363836,0.185692932702,0.188570977761,0.191982295667,0.194603881266,0.197217325294,0.200465811796,0.204044031891,0.207528623929,0.210671270019,0.213292855617,0.217274083436,0.220498145228,0.22371406545,0.227589452856,0.231635813237,0.235152971555,0.238629422023,0.242659499262,0.246665151792,0.25085398965,0.254200174995,0.25825874773,0.262349886747,0.2662944775,0.269424911234,0.273296227856,0.277391437657,0.281217975643,0.284954956356,0.288700078639,0.292803430011,0.296646251137,0.299691198385,0.302972251168,0.30690055878,0.310600902428,0.314077352895,0.317126370928,0.320838926931,0.324225820127,0.327046874195,0.330234298921,0.333845085296,0.337170916716,0.339788431529,0.342234973369,0.344608241076,0.346484873003,0.348410354351,0.350433534541,0.352196184486,0.354239718601,0.355351042931,0.356922365976,0.358318645262,0.359808552605,0.36113155776,0.362763942581,0.363297215428,0.363565887244,0.363895620837,0.364017744389,