# R script for Peak Model
#  -- generated by MACS
p <- c(0.0135950319209,0.0158817316951,0.0181563962074,0.020445503034,0.0226214783981,0.0226503630268,0.022737016913,0.0225877796646,0.0225998149266,0.0226070360837,0.0225853726122,0.0225300104071,0.0225974078742,0.0225276033547,0.0227177604939,0.0227779368037,0.0227610874369,0.0228068214324,0.0228525554279,0.0229488375237,0.022963279838,0.0230210490955,0.0230764113006,0.0231125170865,0.0229729080476,0.0229801292048,0.0230475266718,0.02314621582,0.0230306773051,0.0230066067811,0.023066783091,0.0231414017152,0.0231630651867,0.0233508152735,0.0234254338977,0.0234133986357,0.023463946736,0.0235722640937,0.023678174399,0.0237985270187,0.0238803668001,0.023928507848,0.0239140655336,0.0239020302717,0.0239790559483,0.0239597995291,0.0240175687866,0.0239333219528,0.0238587033286,0.0236685461895,0.0235626358841,0.0234254338977,0.0233267447495,0.0232039850774,0.0231510299248,0.0230595619338,0.0228116355372,0.0226912829175,0.0226118501885,0.0225396386167,0.0225877796646,0.0225492668263,0.0225853726122,0.0225685232454,0.0224361353638,0.0225083469356,0.0226816547079,0.0227105393367,0.022749052175,0.0229151387902,0.0228669977423,0.0230378984622,0.0229488375237,0.0230186420431,0.0231414017152,0.0231799145535,0.0231919498155,0.0233363729591,0.0234856102075,0.0234206197929,0.0234687608408,0.0233772928498,0.0234470973692,0.023439876212,0.0235698570413,0.0235265300982,0.023531344203,0.0234591326312,0.0233195235923,0.0233796999022,0.0233484082211,0.0232473120205,0.0234037704261,0.0233989563213,0.0232617543349,0.0232352767586,0.0232280556014,0.0232160203394,0.0232473120205,0.0232761966492,0.0233989563213,0.0236035557748,0.0235963346176,0.023690209661,0.0239044373241,0.0241042226728,0.0242197611877,0.0242703092879,0.0243088221262,0.0243016009691,0.0243569631741,0.0243641843313,0.0242967868643,0.0242654951832,0.024154770773,0.0241764342446,0.0242125400305,0.024313636231,0.0243617772789,0.0243978830648,0.0243352997026,0.0242751233927,0.0242053188733,0.024246238764,0.0242293893972,0.0241812483494,0.024154770773,0.023995905315,0.0239549854243,0.0239549854243,0.0241258861443,0.0241258861443,0.0241523637206,0.0241571778254,0.0242703092879,0.0243064150738,0.0242245752925,0.0242221682401,0.024337706755,0.0244099183268,0.0242366105544,0.0244412100079,0.0246193318851,0.0245254568417,0.0245062004225,0.0245567485228,0.0245711908372,0.0246265530422,0.0246891364045,0.0246337741994,0.0247517197667,0.0248480018625,0.0247830114478,0.0249370628011,0.0249057711199,0.0248480018625,0.024790232605,0.0249442839582,0.0251031494162,0.0252210949835,0.0251681398309,0.0250622295255,0.0252235020359,0.0253534828652,0.0254473579086,0.0255412329519,0.0256736208336,0.0256230727333,0.025505127166,0.0255412329519,0.0256375150477,0.0256447362049,0.0255990022094,0.0256543644144,0.0257025054623,0.0257337971434,0.0258541497631,0.0257915664009,0.0257506465102,0.0258758132347,0.0257410183006,0.0257963805057,0.0258734061823,0.0255412329519,0.0256928772527,0.0256447362049,0.0257265759863,0.0259239542826,0.0260876338454,0.0261429960504,0.0262489063557,0.026232056989,0.0263259320324,0.0266677334723,0.0266605123151,0.0268362271399,0.0269084387117,0.0271563651083,0.0272020991037,0.027264682466,0.0274283620288,0.0274428043431,0.0272670895184,0.0273031953043,0.0274139197144,0.0275896345392,0.0275342723341,0.0275487146485,0.0276474037966,0.0275631569628,0.0276570320062,0.0279025513504,0.0282275034236,0.0284585804534,0.0284465451914,0.0286391093829,0.0287089139023,0.0287859395789,0.0288653723079,0.0289760967181,0.0291542185952,0.0292095808003,0.0293154911056,0.029385295625,0.0296043373929,0.0294912059304,0.0297246900126,0.0298811484182,0.0299244753613,0.0302253569105,0.0300688985049,0.030100190186,0.0301579594435,0.0301724017578,0.0301098183956,0.0303360813206,0.0304010717353,0.0305238314074,0.030600857084,0.0306465910794,0.0309595078907,0.0310485688292,0.0312724247019,0.0313855561644,0.0315372004652,0.0315131299413,0.0317249505519,0.0316479248753,0.0318982583243,0.0318284538049,0.0320763802014,0.0324181816414,0.0326396304616,0.0328249734959,0.0330608646306,0.033198066617,0.0334026660705,0.0338046438203,0.0339779515926,0.0344473268095,0.0344786184906,0.0344497338618,0.0344064069188,0.0344232562855,0.0342884613515,0.0345002819621,0.0343919646044,0.0344762114382,0.0345026890145,0.034456955019,0.034481025543,0.0346326698438,0.0346037852151,0.0347650577254,0.0350346475936,0.0351381508465,0.0351381508465,0.0351237085321,0.0351237085321,0.0352272117851,0.0351670354752,0.0352464682042,0.0354318112386,0.0355593850154,0.035715843421,0.0357014011067,0.0360552378086,0.0361467057996,0.0365246130254,0.036669036169,0.0369723247707,0.0372130300101,0.0374898410354,0.0375885301835,0.0377594309035,0.0380097643525,0.0383010176921,0.0385513511411,0.0386644826036,0.0388666750047,0.0391290437156,0.0394756592604,0.0396248965088,0.0401038999352,0.0405708680996,0.0411605959361,0.0416420064149,0.0421571156272,0.0425759427437,0.0430260615414,0.0434184110816,0.0435098790726,0.044147747957,0.0444221519299,0.0448409790464,0.0451779663816,0.0454138575162,0.0456858544367,0.0460348770338,0.0463189092163,0.0466342330799,0.0471180506111,0.0473852334268,0.0475537270944,0.0477703618098,0.0479388554774,0.0480110670492,0.0481891889264,0.0484587787945,0.0486874487719,0.0492049650366,0.0492916189228,0.0493854939661,0.0498885679165,0.0502351834612,0.0505938342679,0.0510969082182,0.0514387096582,0.0519104919274,0.0522426651577,0.0524761492399,0.0530803193908,0.0533113964206,0.0536628260701,0.0536989318561,0.0538433549997,0.0542453327495,0.0546569387088,0.0549457849961,0.0553212851696,0.055525884623,0.0558965706917,0.0564525997947,0.0568064364966,0.0575261451624,0.0580268120603,0.0584239757053,0.0588307675599,0.0592158959429,0.0600920630143,0.0607708517894,0.0612763327921,0.0618155125284,0.0624413461508,0.0632501157551,0.0638831705348,0.0647136036107,0.0654934885863,0.0662757806143,0.0667908898266,0.0674576433397,0.0683458456731,0.0691185094915,0.0698213687906,0.07034369916,0.0714774208376,0.0721923153986,0.073135879937,0.073771341769,0.0745801113734,0.0753262976155,0.0760050863906,0.0768740323048,0.0777622346381,0.0789152127348,0.079716761182,0.0807108738207,0.0816592524639,0.0829542466518,0.0838929970854,0.0850965232824,0.0863144917937,0.0875228320955,0.0889405859555,0.0899900607993,0.0908830772374,0.0919710649195,0.0929916551345,0.0939929889304,0.095225399756,0.0963904131147,0.09763245215,0.0991561163153,0.100123751378,0.101589646286,0.103178300866,0.104810282389,0.106350795921,0.107896123558,0.109532919186,0.111239519333,0.112780032865,0.11407262,0.115808104776,0.117153647065,0.118795256797,0.120191347186,0.121982194167,0.123568441694,0.125414650881,0.127186241443,0.12882303707,0.130854589291,0.132934282559,0.135035639299,0.136756681761,0.138805083348,0.140706654739,0.142690065912,0.144630150141,0.146563013214,0.148883411721,0.15090292868,0.152864676381,0.154917892073,0.157108309751,0.159305948587,0.161700965719,0.164387236191,0.166471743564,0.168818619648,0.171468784334,0.17392879188,0.176648761085,0.179202643675,0.181970753928,0.184401876846,0.18691965365,0.189348369516,0.192470316471,0.195455061439,0.197532347655,0.200016425726,0.202430699277,0.205246950578,0.207995804411,0.211269395667,0.213934002667,0.216935597002,0.220026252276,0.222575320761,0.226253296819,0.229794070891,0.233385393063,0.23656992338,0.240036078827,0.243357811131,0.24666510112,0.250001275738,0.253137665007,0.257106894405,0.260457511337,0.263548166611,0.266491991689,0.269804095783,0.273082501143,0.275694152991,0.279345651472,0.282385758646,0.285257372152,0.288109729238,0.290485489951,0.293578552277,0.296488678622,0.29937232739,0.302003235656,0.305247942283,0.307493722167,0.31008130349,0.312892740686,0.315213139194,0.31791385198,0.320154817759,0.322585940677,0.324523617854,0.326485365555,0.327953667515,0.330223517922,0.332392272129,0.334469558345,0.33640482847,0.338419531324,0.339991336537,0.341288737777,0.343303440631,0.344694716915,