# R script for Peak Model
#  -- generated by MACS
p <- c(0.00992616408067,0.011618998265,0.0132713340238,0.0148912710423,0.0166772516051,0.0168878434175,0.0171146346001,0.0172037311361,0.0170781860172,0.0172685286169,0.017276628302,0.0171429834979,0.0172644787743,0.0173252264125,0.0171470333405,0.0170984352299,0.0169526408983,0.0167906471964,0.0168797437324,0.0167015506604,0.0167784976688,0.0168513948346,0.0167663481412,0.016661052235,0.0167865973539,0.0168513948346,0.0168878434175,0.0167217998731,0.0167096503455,0.0168594945197,0.0170052888514,0.0170660364896,0.0170903355448,0.0172644787743,0.0171348838129,0.017061986647,0.0169404913706,0.0171105847576,0.0171267841278,0.0169850396386,0.0169566907408,0.0170336377492,0.0169485910557,0.0169121424728,0.0168675942048,0.0168149462517,0.0168270957793,0.0166853512902,0.0166651020775,0.0167865973539,0.0166084042818,0.0162722673505,0.0162074698698,0.0161710212869,0.0162560679803,0.0161629216018,0.016098124121,0.0160171272701,0.0160130774276,0.0158186849853,0.0157619871897,0.015919931049,0.0159563796319,0.0159887783723,0.0159928282148,0.0159766288446,0.0160333266403,0.0161345727039,0.0160738250658,0.0160576256956,0.0160940742785,0.0161953203421,0.016179120972,0.0159928282148,0.0158672830959,0.015741737977,0.0157336382919,0.0156769404962,0.015660741126,0.0156445417559,0.015697189709,0.0155959436453,0.015652641441,0.0156931398664,0.0157214887642,0.016053575853,0.0160130774276,0.0160940742785,0.0161953203421,0.0160454761679,0.0160171272701,0.0159361304192,0.0159280307341,0.0160778749083,0.0160819247508,0.0158956319937,0.0160373764828,0.016053575853,0.0159523297894,0.0162398686101,0.0162074698698,0.0164869090055,0.0165719556989,0.0165922049117,0.0166408030222,0.0167137001881,0.016750148771,0.016705600503,0.0166124541244,0.0164707096353,0.0165517064862,0.0163006162483,0.016098124121,0.0158834824661,0.0159523297894,0.0158713329384,0.0159037316788,0.0158672830959,0.0158389341981,0.0158429840406,0.0158024856152,0.0159320805766,0.0159766288446,0.0160657253807,0.0160576256956,0.0161143234912,0.016009027585,0.0160211771127,0.0161143234912,0.0161305228614,0.0160859745934,0.015964479317,0.0161143234912,0.0160900244359,0.0159361304192,0.0158713329384,0.0156364420708,0.01557164459,0.0157336382919,0.0157943859301,0.0158713329384,0.0159118313639,0.0157579373472,0.0157214887642,0.0158834824661,0.0158348843555,0.016053575853,0.0161669714443,0.0160900244359,0.0161143234912,0.0160940742785,0.0161224231763,0.0162074698698,0.0161750711294,0.0161183733338,0.0163613638865,0.0163289651462,0.0164140118396,0.0163208654611,0.0163087159334,0.016401862312,0.0163897127844,0.0165233575884,0.0166003045968,0.0166286534946,0.0165436068011,0.0165476566437,0.0164221115247,0.0164990585331,0.0163208654611,0.0162520181378,0.0163006162483,0.0160778749083,0.0159847285297,0.0158713329384,0.0158591834108,0.0158591834108,0.0158672830959,0.0156809903388,0.0158875323086,0.0157012395515,0.0155999934879,0.0156323922282,0.0158591834108,0.0159401802617,0.015964479317,0.0158834824661,0.015964479317,0.0160819247508,0.0161062238061,0.0163330149887,0.0166732017626,0.0168108964092,0.0167420490859,0.0169364415281,0.0170903355448,0.0172644787743,0.0172644787743,0.0174588712165,0.0176208649184,0.0177504598799,0.0175317683824,0.0175925160206,0.017633014446,0.0175277185398,0.0174467216889,0.0174953197995,0.0175520175951,0.0176046655482,0.0175560674377,0.0173333260976,0.017454821374,0.0175641671227,0.0176289646035,0.0177666592501,0.0178557557861,0.0179489021646,0.0181392447643,0.0180420485432,0.0180541980708,0.0183903350022,0.0184065343724,0.0184105842149,0.0184551324829,0.0184713318531,0.0186009268146,0.0186454750826,0.0185766277593,0.0186495249251,0.0187062227208,0.0187386214611,0.0187872195717,0.0188236681546,0.0189937615415,0.0190099609117,0.0189087148481,0.0189127646906,0.019123356503,0.0194554435918,0.0195566896555,0.01951619123,0.0197186833573,0.019819929421,0.0198887767442,0.0198806770592,0.0201155679268,0.0201641660374,0.0201074682417,0.0199738234377,0.0200305212334,0.0202694619436,0.0202087143054,0.0202411130458,0.0201520165098,0.0204274058029,0.0203828575349,0.0205408013942,0.0206622966706,0.0206663465131,0.0208040411597,0.0207675925768,0.0211239787208,0.0213467200609,0.0216099598264,0.021666657622,0.0216504582518,0.0217233554177,0.0216950065198,0.0219784954981,0.0219946948683,0.0220311434512,0.0217922027409,0.0216504582518,0.0215735112435,0.0216707074646,0.0217841030559,0.0216059099838,0.0217071560475,0.0216464084093,0.0216950065198,0.0218570002217,0.0218327011664,0.0219460967577,0.0220351932937,0.0220027945534,0.0222174362083,0.0225819220375,0.0226953176287,0.0229099592837,0.0231691492066,0.0232865946405,0.0235984325165,0.0236915788951,0.0239143202351,0.0242666565367,0.024388151813,0.0243841019705,0.0246756906338,0.0250199272502,0.0252264692201,0.0255342572536,0.0259878396188,0.0264697708818,0.0268221071833,0.0271865930125,0.0277211722285,0.0283853464061,0.0287984303458,0.0292236638132,0.0296772461783,0.0301105793308,0.0303738190963,0.030572261381,0.0308193017764,0.0309448468953,0.0310258437462,0.0313052828819,0.0315968715452,0.0317183668216,0.0318884602086,0.031973506902,0.032143600289,0.0325931328116,0.033107462815,0.0333788022655,0.0338931322689,0.0340146275453,0.0343183657363,0.0347112004632,0.0347881474716,0.0350594869222,0.0353632251132,0.035784408738,0.0362177418904,0.0366146264599,0.0368940655956,0.037274750795,0.0375703893008,0.0378133798536,0.0384411054483,0.0388663389156,0.0395224134081,0.0397289553779,0.0401460891602,0.0407130671167,0.0411706993244,0.0418308236594,0.0424099511435,0.0428635335087,0.0434872092608,0.0441270843831,0.0447143115523,0.0453825355724,0.0457672706143,0.0461641551838,0.0466015381788,0.0469012265272,0.0475087029091,0.047982534487,0.0485778613413,0.0491205402425,0.0498414122157,0.0503557422191,0.0510280160818,0.051704339787,0.0523280155391,0.0532108812141,0.0538345569663,0.0548591671304,0.05547879304,0.0564062069831,0.0568476398206,0.0578762998273,0.0587591655024,0.0595691340116,0.0604277006314,0.061314616149,0.0622582294623,0.0630479487588,0.0639713128593,0.0648946769599,0.0662513742128,0.0671828379984,0.0681021522564,0.0694912482498,0.0709572912515,0.0721965430706,0.0734195955195,0.0747438940321,0.0759871956938,0.0774856374359,0.0784737990172,0.079510558709,0.0810332995063,0.082580339359,0.083633298421,0.0848037029168,0.0864398393055,0.0880030785283,0.0894853209002,0.0909756629572,0.0926846965117,0.0946488701466,0.0962971560629,0.0975688066224,0.0992575909641,0.10111241885,0.102618960277,0.104024255641,0.106296217309,0.107713662201,0.109451044653,0.111200576633,0.113116152157,0.115529858315,0.117903066047,0.120008984171,0.122098702925,0.124471910657,0.126201193424,0.128566301471,0.131032655581,0.133057576854,0.135050099387,0.136904927273,0.138654459253,0.14078062659,0.14295944188,0.144838568821,0.146879689465,0.149216448614,0.151456011542,0.154112708252,0.157024545043,0.159822986242,0.162836069096,0.164913638323,0.167153201251,0.170259430484,0.173628899482,0.176455689579,0.179391825425,0.182570951824,0.185588084521,0.18832172824,0.191022973218,0.194821725526,0.198596178779,0.202224837701,0.204853185513,0.207789321359,0.211507076816,0.214378415182,0.216852868977,0.220368132307,0.224207383041,0.228330122753,0.231505199309,0.234348188777,0.238049744864,0.242431674499,0.245663448851,0.249474350687,0.254208616623,0.257776527906,0.261275591866,0.264774655826,0.269581818928,0.273311723913,0.277944743786,0.281346611525,0.285347855961,0.289045362205,0.292309535298,0.29625813178,0.300133831097,0.303195512062,0.306002052946,0.309326973677,0.311821676685,0.314968404343,0.318204228538,0.321087716431,0.324153447238,0.32676559568,0.329721980739,0.332828209972,0.336072133852,0.339449702535,0.342219794837,0.344916989972,0.346893313135,0.34974845213,0.352064962066,0.354462468854,0.356325396425,0.357831937852,0.358463713289,0.360095799835,0.361347201182,0.362278664968,0.363465268834,0.364214489705,0.364441280887,0.36490701278,0.364882713725,