# R script for Peak Model
#  -- generated by MACS
p <- c(0.0340938522932,0.0350971591181,0.0361562052112,0.0369365549639,0.0378655427648,0.0388131103218,0.0397606778787,0.0405410276314,0.0415071749444,0.0424175829893,0.0434394695703,0.0444427763952,0.0454089237082,0.0466166078494,0.047304058822,0.0484002644271,0.04936641174,0.0506669946613,0.0515588229502,0.0525992892872,0.053435378308,0.0543829458649,0.0553862526899,0.0563709797588,0.0574114460959,0.0584704921889,0.0597710751102,0.0608487009592,0.0619077470522,0.0628738943652,0.0638028821661,0.064731869967,0.0656794375239,0.0664783670327,0.0673144560535,0.0672587167854,0.0669986002012,0.0668871216651,0.0669057014211,0.066812802641,0.0671472382493,0.066794222885,0.0669428609331,0.0669242811771,0.0670729192253,0.0674630941016,0.0674816738577,0.0674630941016,0.0674445143456,0.0671472382493,0.0674259345896,0.0675931523938,0.0674073548336,0.0674259345896,0.0674630941016,0.0673330358095,0.0674073548336,0.0676117321498,0.0677789499539,0.0677232106859,0.067871848734,0.0679647475141,0.0681505450743,0.0681505450743,0.0681691248303,0.0681505450743,0.0682062843424,0.0683920819025,0.0681133855623,0.0681877045863,0.0679833272701,0.067816109466,0.0680019070262,0.0681133855623,0.0680204867822,0.0683735021465,0.0685964592187,0.0687822567789,0.0687079377548,0.0686336187308,0.0684664009266,0.0684664009266,0.0683363426345,0.0683363426345,0.0685407199507,0.0684292414146,0.0684292414146,0.0683735021465,0.0684292414146,0.0682434438544,0.0682434438544,0.0683920819025,0.0682620236104,0.0684106616586,0.0682991831224,0.0684292414146,0.0681133855623,0.0679647475141,0.06789042849,0.0679090082461,0.0680390665382,0.0681133855623,0.0681505450743,0.0684106616586,0.0685592997067,0.0686893579988,0.0691166923872,0.0693953887275,0.0694139684835,0.0693024899474,0.0689866340951,0.0691910114113,0.068837996047,0.0687822567789,0.0687822567789,0.0686150389748,0.0691724316553,0.0692095911673,0.0691166923872,0.0690052138511,0.0689866340951,0.0689866340951,0.0693953887275,0.0692839101914,0.0692281709234,0.0694511279956,0.0696926648238,0.0697112445798,0.0696369255557,0.0694511279956,0.0694511279956,0.0694139684835,0.0693953887275,0.0692839101914,0.0693953887275,0.0692467506794,0.0694325482395,0.0694882875076,0.0697112445798,0.0697298243358,0.0703429562844,0.0705659133567,0.0706030728687,0.0706216526247,0.0705473336006,0.0701757384803,0.0698413028719,0.0697112445798,0.0699527814081,0.0700642599442,0.0700085206761,0.0701757384803,0.0703243765284,0.0700456801881,0.0698227231159,0.0698227231159,0.0697855636039,0.0698227231159,0.0697112445798,0.0697298243358,0.0700456801881,0.069878462384,0.0700456801881,0.0699527814081,0.0701199992122,0.0698413028719,0.0700456801881,0.0700642599442,0.0701571587243,0.0702872170164,0.0704730145766,0.0705101740886,0.0707145514048,0.0705287538446,0.0703429562844,0.0703429562844,0.0701199992122,0.0700085206761,0.069915621896,0.0702314777483,0.0706030728687,0.0705287538446,0.0707331311608,0.0705287538446,0.0703801157965,0.0705659133567,0.0702872170164,0.0705473336006,0.070937508477,0.0712533643293,0.0713648428654,0.0714949011576,0.0713091035974,0.0714020023775,0.0716249594497,0.0716249594497,0.0714763214015,0.0714205821335,0.0713834226214,0.0717178582298,0.0717178582298,0.0716621189617,0.0723124104224,0.0726468460307,0.0725353674946,0.0727397448108,0.0724796282265,0.0725353674946,0.0727954840788,0.073018441151,0.0728512233469,0.0726282662747,0.0724238889585,0.0726840055427,0.072999861395,0.0728883828589,0.0730741804191,0.0733714565154,0.0735015148075,0.0736129933436,0.074040327732,0.0737987909038,0.0740589074881,0.0740774872441,0.0744305026084,0.0745419811445,0.0745977204126,0.0741889657802,0.0743190240723,0.0744305026084,0.0745234013885,0.0746348799246,0.0747277787047,0.0746348799246,0.0744862418765,0.0747463584607,0.0746163001686,0.0747649382167,0.0748020977288,0.0750993738251,0.0751365333371,0.0751179535811,0.075062214313,0.0754709689454,0.0759354628459,0.0763442174783,0.0765114352824,0.0766229138185,0.0768458708908,0.0769016101588,0.077068827963,0.0773846838153,0.0777005396676,0.078072134788,0.0785552084444,0.0785737882004,0.0786852667366,0.0787224262486,0.0786295274685,0.0788896440528,0.0790011225889,0.079168340393,0.0792983986851,0.0796514140495,0.0797628925856,0.0800415889259,0.0804503435583,0.0807104601425,0.0807476196546,0.0805618220944,0.0805989816064,0.0806733006305,0.0803388650222,0.0805432423384,0.0808962577027,0.081174954043,0.0815837086754,0.0816951872115,0.0818066657476,0.0819181442837,0.0818624050156,0.0823083191601,0.0826613345244,0.0825684357443,0.0826984940365,0.0834231045212,0.0839061781776,0.0839061781776,0.0840362364698,0.0841662947619,0.0841662947619,0.0845564696383,0.0845936291503,0.0847980064665,0.0851324420748,0.0852253408549,0.0856712549993,0.0859313715836,0.0862286476799,0.0867488808484,0.0868417796285,0.0871762152368,0.0876035496252,0.0880308840136,0.0886997552303,0.0888112337664,0.0891085098627,0.089405785959,0.0899631786395,0.0901303964437,0.0902976142478,0.090446252296,0.0906134701002,0.0906320498562,0.0908364271724,0.0910222247326,0.0913752400969,0.0916353566812,0.0918768935094,0.0920441113135,0.0922299088737,0.0923785469219,0.0923413874098,0.0928616205783,0.0928244610663,0.0925643444821,0.0927129825302,0.0927315622862,0.0928987800904,0.0929545193584,0.0931588966746,0.0934747525269,0.0937348691112,0.0937534488672,0.0941436237436,0.0939764059394,0.0937348691112,0.0937348691112,0.0938277678913,0.094552378376,0.094552378376,0.0950540317885,0.0949611330084,0.0951469305686,0.0955185256889,0.0957043232491,0.095630004225,0.0956857434931,0.0958529612973,0.0958343815412,0.0960573386135,0.0961130778815,0.0961502373935,0.0965218325139,0.096670470562,0.096614731294,0.0968748478782,0.0974136608028,0.097673777387,0.0984169676277,0.0988628817722,0.0992530566486,0.099661811281,0.100033406401,0.100126305181,0.100237783718,0.10036784201,0.100535059814,0.100702277618,0.10073943713,0.100906654934,0.101092452494,0.101148191762,0.101073872738,0.100943814446,0.101371148835,0.101872802247,0.102225817611,0.102207237855,0.102040020051,0.102188658099,0.102634572244,0.10283894956,0.103284863704,0.103136225656,0.102950428096,0.103043326876,0.103359182729,0.103656458825,0.104195271749,0.104306750285,0.104269590773,0.104306750285,0.104511127602,0.104994201258,0.105644492719,0.105811710523,0.106276204423,0.106740698324,0.10722377198,0.107372410028,0.107335250516,0.107465308809,0.107799744417,0.107725425393,0.108004121733,0.108301397829,0.108505775146,0.109379023678,0.109397603434,0.109936416359,0.110326591235,0.110939723184,0.111032621964,0.111069781476,0.111497115864,0.111924450253,0.112258885861,0.112463263177,0.112909177322,0.113262192686,0.113782425855,0.113931063903,0.113726686587,0.114023962683,0.114023962683,0.113763846099,0.113893904391,0.114172600731,0.113949643659,0.113763846099,0.113819585367,0.113949643659,0.114098281707,0.114804312436,0.115287386092,0.115324545604,0.115696140725,0.116272113161,0.116532229745,0.116866665354,0.117052462914,0.117516956814,0.117851392423,0.118167248275,0.118167248275,0.118668901687,0.118631742175,0.118613162419,0.118966177784,0.119133395588,0.119653628756,0.119858006073,0.119858006073,0.120656935581,0.121065690214,0.12089847241,0.120731254605,0.12099137119,0.120619776069,0.120619776069,0.12117716875,0.12173456143,0.121623082894,0.12173456143,0.121827460211,0.121976098259,0.122124736307,0.122031837527,0.122254794599,0.122514911183,0.122867926548,0.122979405084,0.123258101424,0.123536797764,0.123685435812,0.124242828493,0.124670162881,0.124763061661,0.125041758002,0.125078917514,0.124855960441,0.124763061661,0.125060337758,0.12528329483,0.125134656782,0.124893119954,0.125023178246,0.125116077026,0.125357613854,0.125524831658,0.125710629218,0.125989325559,0.126249442143,0.126435239703,0.127048371652,0.127605764332,0.12756860482,0.127865880916,0.127977359453,0.128033098721,0.128367534329,0.128609071157,0.128739129449,0.128627650913,0.128683390181,0.128869187741,0.129129304326,