# R script for Peak Model
#  -- generated by MACS
p <- c(0.0146096903068,0.0153258515963,0.0160420128859,0.0169372144978,0.0176175677229,0.018297920948,0.018978274173,0.019801859656,0.0202673644942,0.0210909499772,0.0218429193312,0.0226306967497,0.0234542822327,0.0240988273933,0.024671756425,0.0252446854566,0.0258892306172,0.0266053919067,0.0266411999712,0.0267128161002,0.0265337757778,0.0263547354554,0.0264263515843,0.0263189273909,0.0262115031975,0.0262831193264,0.026175695133,0.0259966548106,0.0259966548106,0.0258892306172,0.0257101902948,0.0256743822303,0.0252446854566,0.0255311499724,0.0255311499724,0.02535210965,0.025423725779,0.0252804935211,0.0252804935211,0.0249940290052,0.0251730693276,0.0256027661014,0.0256385741658,0.0255669580369,0.0259966548106,0.0259250386817,0.0260324628751,0.0259250386817,0.0256027661014,0.0257101902948,0.0257459983593,0.0259966548106,0.0260324628751,0.0262115031975,0.0258534225527,0.0255311499724,0.0258534225527,0.0259608467461,0.0258176144882,0.0256385741658,0.0255669580369,0.0254595338435,0.0254595338435,0.0254953419079,0.02535210965,0.0252804935211,0.0257101902948,0.0255311499724,0.025423725779,0.0253163015855,0.02535210965,0.0253879177145,0.0249582209408,0.0251372612632,0.0251372612632,0.0252446854566,0.0250656451342,0.0247075644894,0.0244569080381,0.0242778677157,0.0242420596512,0.0242778677157,0.0242420596512,0.024600140296,0.0249940290052,0.0247075644894,0.024671756425,0.024528524167,0.0245643322315,0.0243494838447,0.0248507967473,0.0251014531987,0.0248149886829,0.0249582209408,0.0250656451342,0.0255311499724,0.0251372612632,0.0252804935211,0.02535210965,0.0253879177145,0.0253879177145,0.0253879177145,0.0251014531987,0.0251730693276,0.0255311499724,0.0254953419079,0.0254953419079,0.0257101902948,0.026175695133,0.026247311262,0.026247311262,0.0262115031975,0.0266411999712,0.0267128161002,0.0272857451318,0.0275005935187,0.0272857451318,0.0273931693252,0.0272857451318,0.026927664487,0.0268202402936,0.0273215531963,0.0275722096476,0.0277154419055,0.0277870580345,0.027822866099,0.0276438257766,0.0278944822279,0.0281809467437,0.0284316031951,0.0284316031951,0.0282883709372,0.0288971080333,0.0286464515819,0.0288254919043,0.0290045322267,0.029398420936,0.0295774612584,0.0299713499676,0.0303294306124,0.03015039029,0.0302578144834,0.0306875112572,0.0304726628703,0.0307233193216,0.0305800870637,0.0307233193216,0.0310455919019,0.0307949354506,0.0304010467413,0.030078774161,0.030078774161,0.0302936225479,0.0303294306124,0.0304368548058,0.0303652386769,0.0301861983545,0.0299355419031,0.0300429660966,0.0298281177097,0.0300429660966,0.0302936225479,0.0304010467413,0.0302936225479,0.0305800870637,0.0302936225479,0.030222006419,0.0300071580321,0.0299713499676,0.0302936225479,0.0302936225479,0.0305442789993,0.0302936225479,0.0304010467413,0.0301145822255,0.0300429660966,0.0304010467413,0.0307949354506,0.0308307435151,0.0310097838375,0.0306517031927,0.0308307435151,0.0311172080309,0.0307949354506,0.030973975773,0.0312962483533,0.0314752886757,0.0315110967401,0.0314036725467,0.0312962483533,0.0312604402888,0.0315469048046,0.0316901370625,0.0316543289981,0.0316543289981,0.0320124096428,0.0317617531915,0.0315469048046,0.0315827128691,0.0316185209336,0.0316543289981,0.0318691773849,0.0318691773849,0.0316543289981,0.031797561256,0.0315827128691,0.0312246322243,0.0308307435151,0.030902359644,0.0308665515795,0.0308665515795,0.0307949354506,0.0308307435151,0.0308665515795,0.0305442789993,0.0305442789993,0.0304726628703,0.0304010467413,0.0301861983545,0.0306158951282,0.0303294306124,0.0308307435151,0.0307591273861,0.0310097838375,0.0311172080309,0.0311172080309,0.0308307435151,0.030902359644,0.0311888241598,0.0310813999664,0.0309381677085,0.0307591273861,0.0310813999664,0.0311888241598,0.0315110967401,0.0314036725467,0.0311888241598,0.0307949354506,0.0310455919019,0.0312962483533,0.0314036725467,0.0315469048046,0.0319049854494,0.0320482177073,0.0321914499652,0.0321556419007,0.0326211467389,0.0328359951258,0.0327643789969,0.0325853386745,0.0327643789969,0.0330508435127,0.0332298838351,0.0332298838351,0.0332656918995,0.0334447322219,0.0339460451246,0.0338386209312,0.0342325096404,0.034125085447,0.0339818531891,0.0342325096404,0.0346980144786,0.0346622064142,0.0346263983497,0.0350202870589,0.0350560951234,0.0351635193168,0.0354499838327,0.0355215999616,0.0351277112524,0.0354499838327,0.0354499838327,0.0361303370577,0.0363093773801,0.0366316499604,0.0367032660894,0.0372403870565,0.0378133160882,0.0381713967329,0.0386369015712,0.0388159418935,0.0387443257646,0.0387443257646,0.0392814467317,0.0394246789897,0.0394962951186,0.039675335441,0.0402482644726,0.0410718499556,0.0417522031807,0.0418596273741,0.0419312435031,0.0421818999544,0.0419312435031,0.0423609402768,0.0429696773729,0.0433993741466,0.043650030598,0.0440439193072,0.044401999952,0.0450465451126,0.0458701305956,0.0465146757562,0.0462640193048,0.0465146757562,0.0471234128523,0.0473382612392,0.0473024531747,0.0475173015616,0.0478037660774,0.0480902305932,0.0485915434959,0.0485199273669,0.0484841193024,0.0487347757538,0.0489496241407,0.0492718967209,0.0495583612368,0.050023866075,0.0497732096236,0.0504535628487,0.0508116434935,0.0511697241383,0.0513845725251,0.0514203805896,0.0514919967185,0.0518142692988,0.0522797741371,0.0529601273621,0.0537120967161,0.0538195209096,0.0541417934899,0.0546431063926,0.0552518434887,0.0559680047782,0.056254469294,0.0564335096164,0.0566841660678,0.0568990144546,0.0577584080021,0.0582597209048,0.0586894176785,0.0592981547746,0.0604798209024,0.0604440128379,0.060372396709,0.0609095176761,0.0610885579985,0.0617331031591,0.0625924967066,0.0630580015448,0.0632728499316,0.064203859608,0.0648484047686,0.0653855257358,0.0659584547674,0.0664239596056,0.0675340096044,0.0684650192809,0.0692527966994,0.0695392612152,0.0703628466982,0.0708999676653,0.0710790079877,0.0703986547626,0.0710073918588,0.0717951692773,0.0726545628247,0.0727977950826,0.072976835405,0.0730842595984,0.0736213805656,0.0741943095972,0.0746598144354,0.0760563289501,0.0767008741107,0.0778467321739,0.0789925902372,0.0794939031399,0.0800668321715,0.0810694579769,0.0819288515244,0.0823943563626,0.0830389015232,0.0836476386193,0.0841847595864,0.0849367289405,0.0856170821655,0.0863690515196,0.0869061724867,0.0876223337763,0.0878371821631,0.0882310708724,0.088803999904,0.0886249595816,0.0889472321619,0.090379554741,0.0906660192569,0.0909882918372,0.0914537966754,0.092778695061,0.0932083918348,0.0938887450598,0.094425866027,0.095177835381,0.0966459660246,0.0970756627983,0.0978992482813,0.0981857127971,0.0989376821511,0.0989734902156,0.0989018740867,0.0989018740867,0.0986870256998,0.0994389950538,0.0996896515052,0.100441620859,0.101444246665,0.101981367632,0.102196216019,0.102983993437,0.104416316016,0.105597982144,0.106063486982,0.106672224078,0.107710657948,0.108104546657,0.109429445043,0.110575303106,0.11100499988,0.111936009556,0.11308186762,0.113296716007,0.113833836974,0.115337775682,0.116376209552,0.117557875679,0.119348278903,0.12092383374,0.12228454019,0.124504640188,0.125149185349,0.12708282083,0.128371911152,0.131057515987,0.13227499018,0.133850545017,0.135819988563,0.137682007916,0.140475036945,0.14219382404,0.144378115973,0.146204327261,0.147779882098,0.150286446612,0.153580788544,0.154869878865,0.156015736928,0.15827164499,0.161601794987,0.162783461114,0.164359015951,0.167259469174,0.169586993365,0.172165174007,0.174528506263,0.178037696582,0.180615877224,0.183802794963,0.187634257862,0.190212438504,0.194330365919,0.197839556238,0.200919049783,0.20385531107,0.206433491712,0.208725207839,0.211733085255,0.215242275574,0.218930506215,0.221759343309,0.225877270724,0.228777723946,0.232036257814,0.236154185229,0.23984241587,0.243888727156,0.247469533604,0.251766501341,0.25592023682,0.258928114236,0.262508920684,0.266805888421,0.271210280352,0.2747910868,0.279446135182,0.285211233563,0.290116938396,0.294807794843,0.29942703516,0.303365922253,0.307627081926,0.310813999664,0.315970360949,