# R script for Peak Model
#  -- generated by MACS
p <- c(0.0187179002336,0.0204368910714,0.0219648829272,0.0225378798731,0.023683873765,0.0250208666388,0.0263578595126,0.0282678493324,0.0288408462783,0.030750836098,0.031323833044,0.0326608259178,0.0336158208277,0.0332338228637,0.0341888177736,0.0336158208277,0.0336158208277,0.0338068198097,0.0336158208277,0.0332338228637,0.0345708157376,0.0345708157376,0.0343798167556,0.0339978187916,0.0339978187916,0.0339978187916,0.0341888177736,0.0334248218457,0.0328518248998,0.0330428238817,0.0332338228637,0.0324698269358,0.0330428238817,0.0336158208277,0.0343798167556,0.0343798167556,0.0347618147195,0.0343798167556,0.0341888177736,0.0339978187916,0.0334248218457,0.0338068198097,0.0339978187916,0.0338068198097,0.0345708157376,0.0353348116655,0.0343798167556,0.0339978187916,0.0332338228637,0.0338068198097,0.0322788279538,0.0317058310079,0.0318968299899,0.0315148320259,0.031132834062,0.031132834062,0.0317058310079,0.0322788279538,0.0317058310079,0.0301778391521,0.03094183508,0.0294138432242,0.0296048422062,0.0301778391521,0.0299868401701,0.0301778391521,0.030750836098,0.0305598371161,0.0296048422062,0.0288408462783,0.0286498472963,0.0286498472963,0.0290318452603,0.0292228442422,0.0296048422062,0.0294138432242,0.030750836098,0.030750836098,0.0301778391521,0.03094183508,0.0317058310079,0.0318968299899,0.0317058310079,0.0315148320259,0.03094183508,0.0324698269358,0.0315148320259,0.0324698269358,0.0318968299899,0.0315148320259,0.0320878289719,0.0320878289719,0.0320878289719,0.0315148320259,0.03094183508,0.031323833044,0.0303688381341,0.0301778391521,0.031132834062,0.030750836098,0.0301778391521,0.030750836098,0.0305598371161,0.030750836098,0.0317058310079,0.031132834062,0.0315148320259,0.0326608259178,0.0320878289719,0.0324698269358,0.0326608259178,0.0324698269358,0.0320878289719,0.0317058310079,0.0318968299899,0.0318968299899,0.0318968299899,0.0332338228637,0.0324698269358,0.0332338228637,0.0347618147195,0.0359078086114,0.0378177984311,0.0378177984311,0.0368628035213,0.0378177984311,0.038581794359,0.038581794359,0.0383907953771,0.039154791305,0.038581794359,0.0397277882509,0.038581794359,0.0376267994492,0.0383907953771,0.039154791305,0.0397277882509,0.0380087974131,0.0393457902869,0.0395367892689,0.0403007851968,0.0412557801067,0.0418287770526,0.0412557801067,0.0416377780706,0.0412557801067,0.0410647811247,0.0406827831608,0.0406827831608,0.0406827831608,0.0408737821427,0.0399187872329,0.038772793341,0.0397277882509,0.0401097862148,0.0397277882509,0.0401097862148,0.039154791305,0.0401097862148,0.0403007851968,0.039154791305,0.039154791305,0.038772793341,0.0393457902869,0.0383907953771,0.038963792323,0.039154791305,0.038581794359,0.038772793341,0.0381997963951,0.0378177984311,0.0376267994492,0.0368628035213,0.0359078086114,0.0338068198097,0.0345708157376,0.0339978187916,0.0345708157376,0.0345708157376,0.0332338228637,0.0339978187916,0.0338068198097,0.0338068198097,0.0357168096294,0.0351438126835,0.0355258106474,0.0359078086114,0.0349528137015,0.0353348116655,0.0353348116655,0.0364808055573,0.0368628035213,0.0383907953771,0.038772793341,0.038772793341,0.0401097862148,0.0403007851968,0.0408737821427,0.0416377780706,0.0425927729805,0.0437387668724,0.0441207648363,0.0446937617822,0.0441207648363,0.0445027628003,0.0443117638183,0.0443117638183,0.0456487566921,0.0456487566921,0.0450757597462,0.0454577577102,0.0452667587282,0.046794750584,0.0473677475299,0.0473677475299,0.0473677475299,0.04641275262,0.046794750584,0.0445027628003,0.0448847607642,0.0448847607642,0.0441207648363,0.0439297658543,0.0433567689084,0.0427837719625,0.0435477678904,0.0435477678904,0.0425927729805,0.0427837719625,0.0439297658543,0.0439297658543,0.0448847607642,0.0446937617822,0.0435477678904,0.0433567689084,0.0427837719625,0.0429747709445,0.0425927729805,0.0404917841788,0.0403007851968,0.0410647811247,0.0414467790887,0.0416377780706,0.0403007851968,0.0404917841788,0.0397277882509,0.0401097862148,0.0403007851968,0.0406827831608,0.0414467790887,0.0427837719625,0.0433567689084,0.0437387668724,0.0446937617822,0.0448847607642,0.0437387668724,0.0448847607642,0.0450757597462,0.0450757597462,0.0456487566921,0.0475587465119,0.0475587465119,0.046985749566,0.0477497454939,0.0487047404037,0.0496597353136,0.0488957393857,0.0487047404037,0.0498507342956,0.0517607241153,0.0521427220793,0.0529067180072,0.0517607241153,0.0527157190252,0.0532887159711,0.0530977169892,0.0527157190252,0.0506147302235,0.0500417332776,0.0492777373497,0.0487047404037,0.0492777373497,0.0487047404037,0.0481317434578,0.0479407444758,0.0494687363316,0.0483227424398,0.0492777373497,0.0511877271694,0.0513787261514,0.0521427220793,0.0517607241153,0.0521427220793,0.0525247200432,0.0517607241153,0.0508057292055,0.0509967281874,0.0502327322595,0.0513787261514,0.0492777373497,0.0496597353136,0.0519517230973,0.0515697251334,0.0532887159711,0.0534797149531,0.0536707139351,0.054434709863,0.0561537007008,0.0571086956107,0.0571086956107,0.0578726915386,0.0565356986647,0.0571086956107,0.0571086956107,0.0555807037548,0.0567266976467,0.0572996945926,0.0574906935746,0.0588276864484,0.0601646793223,0.0607376762682,0.0607376762682,0.0615016721961,0.0616926711781,0.0615016721961,0.0628386650699,0.0647486548897,0.0639846589618,0.0643666569257,0.0645576559077,0.0668496436914,0.0693326304571,0.0693326304571,0.0687596335112,0.0695236294391,0.0706696233309,0.0714336192588,0.0727706121326,0.0739166060245,0.0733436090786,0.0742986039884,0.0735346080605,0.0733436090786,0.0741076050065,0.0727706121326,0.0752535988983,0.0754445978803,0.0769725897361,0.0783095826099,0.0804105714117,0.0804105714117,0.0815565653035,0.0804105714117,0.0813655663215,0.0832755561413,0.0842305510512,0.0838485530872,0.0840395520692,0.0846125490151,0.0844215500331,0.0844215500331,0.085185545961,0.0844215500331,0.0840395520692,0.0840395520692,0.085567543925,0.085758542907,0.0865225388349,0.085758542907,0.0861405408709,0.0867135378168,0.085185545961,0.0861405408709,0.085376544943,0.0846125490151,0.0828935581773,0.0838485530872,0.0844215500331,0.0859495418889,0.0861405408709,0.0867135378168,0.0870955357808,0.0886235276366,0.0895785225465,0.0891965245825,0.0911065144023,0.0922525082941,0.0924435072761,0.0954994909877,0.0945444960778,0.0954994909877,0.0947354950598,0.0956904899697,0.0985554746993,0.101802457393,0.102375454339,0.104094445177,0.104094445177,0.104476443141,0.105240439068,0.106768430924,0.108869419726,0.110588410564,0.113835393257,0.113262396311,0.113453395293,0.113644394275,0.113453395293,0.114408390203,0.114217391221,0.115745383077,0.118037370861,0.118992365771,0.119756361699,0.119374363735,0.123194343374,0.122239348464,0.12281234541,0.126059328104,0.12567733014,0.125295332176,0.126059328104,0.127205321996,0.127014323014,0.127969317924,0.129497309779,0.130452304689,0.131025301635,0.132935291455,0.135036280257,0.135800276185,0.137710266004,0.137137269058,0.139047258878,0.13828326295,0.137519267022,0.140384251752,0.139620255824,0.13828326295,0.140384251752,0.141530245644,0.140384251752,0.144586229355,0.148215210013,0.147642213067,0.148979205941,0.151080194743,0.15279918558,0.153181183544,0.155282172346,0.159675148931,0.162158135697,0.164068125517,0.166360113301,0.16731510821,0.166360113301,0.169607095994,0.170562090904,0.174955067489,0.177247055273,0.181449032877,0.18565101048,0.186033008444,0.187179002336,0.192144975867,0.196155954489,0.197492947363,0.200357932092,0.20207692293,0.202649919876,0.205705903588,0.207615893407,0.208570888317,0.207806892389,0.208952886281,0.213345862867,0.212963864903,0.213345862867,0.215064853704,0.216401846578,0.220985822146,0.223659807893,0.225760796695,0.226906790587,0.226715791605,0.228816780407,0.228434782443,0.229007779389,0.232827759028,0.235119746812,0.237602733577,0.237029736632,0.240658717289,0.244287697947,0.245051693874,0.24848967555,0.24944467046,0.249826668424,0.253455649081,0.257275628721,0.262241602252,0.264342591054,0.268353569675,0.272555547279,0.276184527936,0.279622509612,0.279622509612,