# R script for Peak Model
#  -- generated by MACS
p <- c(0.023327388016,0.0241190414555,0.0249106948949,0.0255440176465,0.0261245635021,0.0265731671178,0.0272328783173,0.0279717548608,0.0286578545083,0.0293175657079,0.0299508884595,0.030584211211,0.0311383686186,0.0316133606823,0.032009187402,0.0327216754976,0.0333549982491,0.0338036018648,0.0345160899603,0.0352813549518,0.0361257852872,0.0367327195908,0.0373396538944,0.0378410344061,0.0385007456056,0.0390549030132,0.0396882257648,0.0402423831724,0.0406382098921,0.0417729131554,0.0426437319388,0.0432242777944,0.0439631543379,0.0446492539854,0.0452825767369,0.0459422879365,0.0462061724163,0.0461533955203,0.0458895110405,0.0461797839683,0.0463381146562,0.0462589493123,0.0461270070724,0.0462589493123,0.0460742301764,0.0460742301764,0.0461797839683,0.0458895110405,0.0461533955203,0.0461006186244,0.0460478417284,0.0461797839683,0.0463645031042,0.04668116448,0.0469978258558,0.0469450489598,0.0470769911997,0.0468131067199,0.046733941376,0.0468922720638,0.0469186605118,0.0473672641275,0.0476311486073,0.0479478099831,0.0479478099831,0.048079752223,0.0484228020468,0.0485811327347,0.0487394634226,0.0490033479024,0.0488450172145,0.0485811327347,0.0487922403185,0.0488186287665,0.0485283558387,0.0485019673907,0.0485547442867,0.0487922403185,0.0489241825584,0.0487130749746,0.0489241825584,0.0490561247984,0.0491089016943,0.0492672323822,0.0494519515181,0.0497422244459,0.0501380511656,0.0501380511656,0.0502963818535,0.0508505392611,0.0507449854692,0.0505602663333,0.0503755471975,0.0504547125414,0.0506130432293,0.0505338778853,0.0505602663333,0.0507185970212,0.0506658201253,0.0508769277091,0.0513519197728,0.0509033161571,0.0507449854692,0.0508241508131,0.0509033161571,0.0509033161571,0.0509560930531,0.051088035293,0.0508769277091,0.050982481501,0.0512199775329,0.0511144237409,0.0509560930531,0.051008869949,0.0509297046051,0.0507977623652,0.0509033161571,0.0507977623652,0.050982481501,0.0514046966687,0.0511672006369,0.0511935890849,0.0511408121889,0.0509560930531,0.051035258397,0.0511408121889,0.0511144237409,0.0512727544288,0.0513255313248,0.0518005233885,0.0518269118365,0.0522227385562,0.0526185652759,0.05243384614,0.0523810692441,0.0521699616602,0.0523282923481,0.0521171847643,0.0521435732122,0.0522491270042,0.0523282923481,0.0524074576921,0.0527241190678,0.0529088382037,0.0527768959638,0.0526185652759,0.0530935573396,0.0531727226835,0.0535157725073,0.0535421609553,0.0533574418194,0.0536213262992,0.0536213262992,0.0534366071634,0.0534102187154,0.0534629956113,0.0534366071634,0.0532782764755,0.0531991111315,0.0533310533714,0.0532254995795,0.0529616150997,0.0533574418194,0.0536741031952,0.053911599227,0.0542018721548,0.0543865912907,0.0546504757705,0.0547824180104,0.0549671371463,0.0553101869701,0.055389352314,0.0549935255943,0.0550726909382,0.0551518562822,0.0555740714499,0.0558379559297,0.0559435097216,0.0559171212737,0.0560226750656,0.0562337826494,0.0565240555772,0.0563129479934,0.0565240555772,0.0567351631611,0.056867105401,0.0572629321207,0.0573948743606,0.0573948743606,0.0574476512566,0.0573420974647,0.0572629321207,0.0576587588405,0.0578434779763,0.0582393046961,0.0584504122799,0.0584504122799,0.0586615198638,0.0588726274476,0.0594795617512,0.0595851155431,0.0596378924391,0.0599545538149,0.0598753884709,0.059796223127,0.0600337191588,0.0602712151907,0.0605087112225,0.0609573148382,0.0613531415579,0.0615906375898,0.06119481087,0.06119481087,0.0613267531099,0.0615642491418,0.0618809105176,0.0618809105176,0.0623031256853,0.0623295141333,0.0623822910292,0.062646175509,0.0628572830929,0.0633322751566,0.0636753249803,0.0635961596364,0.064123928596,0.0645725322117,0.0645989206597,0.0650475242754,0.0651794665153,0.0652322434113,0.0653377972032,0.0654697394431,0.065575293235,0.065601681683,0.0657600123709,0.0658391777149,0.0657864008189,0.0657072354749,0.065680847027,0.0657864008189,0.0657864008189,0.0659711199548,0.0659711199548,0.0663933351225,0.0667099964983,0.0673433192498,0.0672377654579,0.067053046322,0.067053046322,0.0676863690736,0.0675808152817,0.0675016499377,0.0675808152817,0.0680821957933,0.0682669149292,0.0681613611373,0.0683724687211,0.068609964753,0.0688738492328,0.0692432875045,0.0701404947359,0.0708002059354,0.0710904788632,0.0713015864471,0.0713543633431,0.0712751979991,0.0716446362709,0.0722515705745,0.0720404629906,0.0721724052305,0.0723571243664,0.072858504878,0.0728321164301,0.0732807200457,0.0737293236614,0.0742834810691,0.0746001424448,0.0750487460605,0.0752598536444,0.0752334651964,0.0756029034682,0.0755765150202,0.0760778955318,0.0759195648439,0.0760778955318,0.0759723417399,0.0763153915637,0.0768431605233,0.0768167720753,0.0772125987951,0.0779778637865,0.0781098060264,0.0784264674022,0.078690351882,0.0786111865381,0.0792181208417,0.0793500630816,0.0796403360094,0.0803000472089,0.0800625511771,0.0805375432408,0.0813555851282,0.0817778002959,0.0823055692556,0.0826750075273,0.0828597266632,0.0832555533829,0.0833347187269,0.0837305454466,0.08460136423,0.0858152328372,0.0867916054125,0.0871346552362,0.087556870404,0.0880846393636,0.0885860198753,0.0890610119389,0.088902681251,0.0890610119389,0.0891929541788,0.0895887808986,0.0895887808986,0.0906179303699,0.0913304184654,0.0917262451851,0.0923331794887,0.0929137253443,0.0938900979196,0.0944706437752,0.0953150741106,0.0953942394546,0.0960803391021,0.0960275622061,0.096291446686,0.0967928271976,0.0970303232295,0.0973469846052,0.0979539189088,0.0986136301084,0.0985872416604,0.0993525066519,0.0996427795797,0.0995636142357,0.0998274987155,0.100302490779,0.100355267675,0.100381656123,0.100724705947,0.100592763707,0.100645540603,0.100830259739,0.101331640251,0.101938574554,0.102677451098,0.103337162297,0.104234369529,0.104630196248,0.105553791928,0.10552740348,0.105844064855,0.106187114679,0.106714883639,0.106635718295,0.106609329847,0.106899602775,0.107084321911,0.10774403311,0.107981529142,0.108430132758,0.108878736373,0.109063455509,0.109828720501,0.110250935668,0.110567597044,0.110778704628,0.111675911859,0.112098127027,0.112678672883,0.113048111154,0.11415642597,0.114710583377,0.115053633201,0.115106410097,0.115211963889,0.11597722888,0.115924451985,0.116056394224,0.116689716976,0.117323039728,0.118167470063,0.118748015919,0.11964522315,0.120647984173,0.121597968301,0.12212573726,0.122363233292,0.122996556044,0.123365994315,0.123788209483,0.123814597931,0.123814597931,0.123893763275,0.124632639819,0.124659028267,0.125371516362,0.125635400842,0.126374277385,0.127007600137,0.127640922888,0.128168691848,0.128327022536,0.129197841319,0.130068660103,0.131176974918,0.132021405253,0.132839447141,0.133815819716,0.134501919364,0.134765803844,0.135135242115,0.136058837795,0.13690326813,0.137721310018,0.138354632769,0.138671294145,0.139067120865,0.139832385856,0.140333766368,0.140782369983,0.140967089119,0.141547634975,0.141996238591,0.14278789203,0.142946222718,0.143817041501,0.144450364253,0.14540034838,0.146165613372,0.146825324571,0.147194762843,0.147696143355,0.147907250939,0.14840863145,0.149015565754,0.149859996089,0.150334988153,0.1510210878,0.15141691452,0.152261344856,0.152894667607,0.154055759318,0.154187701558,0.154108536214,0.154794635862,0.155533512405,0.156430719637,0.157090430836,0.158409853235,0.159570944947,0.160283433042,0.160600094418,0.161470913201,0.162341731985,0.163502823696,0.16371393128,0.164188923343,0.164294477135,0.165244461263,0.165904172462,0.166616660558,0.166801379694,0.167856917613,0.168912455532,0.1693346707,0.170205489483,0.171076308267,0.171656854122,0.17194712705,0.172237399978,0.173002664969,0.173847095305,0.174585971848,0.175562344424,0.176010948039,0.176116501831,0.176195667175,0.176697047687,0.177040097511,0.177778974054,0.178649792837,0.179547000069,0.180549761092,0.181024753156,0.181710852803,0.182740002275,0.183531655714,0.184481639841,0.185167739489,0.185378847073,0.185695508449,0.18672465792,0.187595476703,0.188519072383,0.189231560478,0.18973294099,0.190920421149,0.191131528733,0.192424562684,0.19260928182,