# R script for Peak Model
#  -- generated by MACS
p <- c(0.0261999761303,0.0275575928362,0.0288949466062,0.0304551926711,0.0320154387361,0.0334946330575,0.0349535644429,0.0364732846361,0.0378714272138,0.0392493068556,0.0406069235615,0.0417416479724,0.0429168982551,0.0441934632174,0.0454295023078,0.0467060672701,0.0481042098478,0.049846822336,0.0498062964642,0.0493807748101,0.0493199860024,0.0492591971946,0.0498062964642,0.0492186713228,0.0493402489383,0.0499278740796,0.0498873482078,0.0500494516951,0.0502318181183,0.0503939216055,0.0503331327978,0.0505357621569,0.0508194432596,0.0509410208751,0.0507181285801,0.0503331327978,0.0505965509646,0.0507789173878,0.0508194432596,0.050738391516,0.0505560250928,0.050515499221,0.0505762880287,0.0507181285801,0.0506168139005,0.0509004950033,0.050961283811,0.0513260166573,0.0516096977601,0.0517920641833,0.0520554823501,0.0522378487733,0.0521365340937,0.0516907495037,0.051852852991,0.0519744306064,0.0518933788628,0.0521162711578,0.0517312753755,0.0518123271192,0.0517920641833,0.0515286460164,0.0514678572087,0.0514881201446,0.0514881201446,0.0514273313369,0.0512652278496,0.0514881201446,0.0512652278496,0.0511436502342,0.0510423355546,0.0509004950033,0.0508397061955,0.0506168139005,0.0508194432596,0.0506776027083,0.0506776027083,0.0507181285801,0.0507586544519,0.0508599691314,0.0512247019778,0.0511436502342,0.0512044390419,0.0513665425292,0.0516907495037,0.0519744306064,0.0522581117092,0.0524404781323,0.052744422171,0.0529267885942,0.0528659997864,0.0530888920814,0.0536967801587,0.0538791465819,0.0543857199796,0.0548112416337,0.0552165003519,0.055398866775,0.0554393926469,0.0554393926469,0.05562175907,0.0557028108137,0.0557838625573,0.0557028108137,0.0559662289805,0.0564322765064,0.0566146429296,0.0568780610964,0.0570604275196,0.0573035827505,0.0573643715582,0.0576885785328,0.0580127855073,0.058073574315,0.0582154148664,0.0582762036741,0.0581343631228,0.0584585700973,0.0587219882641,0.0591677728541,0.0590867211105,0.0589854064309,0.0590461952387,0.0590056693668,0.0589448805591,0.0592893504696,0.0592690875337,0.0594514539568,0.0590867211105,0.0589854064309,0.0589854064309,0.0590259323027,0.0585598847768,0.0586004106487,0.0591069840464,0.05918803579,0.0592082987259,0.0591069840464,0.0589854064309,0.0590056693668,0.0593298763414,0.0591475099182,0.0591475099182,0.0592285616618,0.0593298763414,0.0591272469823,0.0586409365205,0.0586206735846,0.0581748889946,0.0580938372509,0.0580938372509,0.0578912078918,0.0577898932123,0.0575062121096,0.0573643715582,0.0568172722887,0.0569388499041,0.0571414792632,0.0568577981605,0.0568375352246,0.0567159576091,0.0563106988909,0.0565538541219,0.056290435955,0.0561688583396,0.0563106988909,0.0564120135705,0.05651332825,0.0568983240323,0.0569996387119,0.0566956946732,0.0565741170578,0.0567767464169,0.056736220545,0.0569388499041,0.0572022680709,0.0568577981605,0.0566956946732,0.0568983240323,0.0570199016478,0.0574454233018,0.0577898932123,0.05829646661,0.0583167295459,0.0590867211105,0.0593501392773,0.0592893504696,0.0593298763414,0.0592488245977,0.0593906651491,0.0597959238673,0.0599175014827,0.0599377644186,0.059856712675,0.0599985532264,0.0602011825855,0.0604443378164,0.0605861783677,0.0604240748805,0.0604848636882,0.0608293335986,0.0609509112141,0.0607077559832,0.0605659154318,0.0603430231368,0.0602417084573,0.0602822343291,0.0604848636882,0.0601809196496,0.0604240748805,0.0607685447909,0.06052538956,0.0606064413036,0.0611535405732,0.0610319629577,0.0611130147014,0.0607077559832,0.0608090706627,0.0609306482782,0.06097117415,0.06097117415,0.0608901224064,0.0611130147014,0.0611332776373,0.0615790622273,0.061639851035,0.0614574846118,0.0613966958041,0.0615587992914,0.0614372216759,0.0613966958041,0.061639851035,0.0617614286505,0.0623693167277,0.0621666873686,0.0623895796636,0.0626124719586,0.0622882649841,0.0625516831509,0.0626935237023,0.0629164159973,0.0631798341641,0.0631393082923,0.0635243040745,0.0635445670104,0.0637877222413,0.0640511404082,0.0643550844468,0.0644766620623,0.0643550844468,0.0645982396777,0.0644969249982,0.0645171879341,0.0648616578445,0.0647806061009,0.0648616578445,0.0646792914213,0.0648819207804,0.0648211319727,0.0652263906909,0.0654087571141,0.0653074424345,0.0652871794986,0.0658545417041,0.0657532270245,0.0661382228068,0.0664219039095,0.0665840073968,0.0667055850122,0.0666650591404,0.067435050705,0.0678403094231,0.06810372759,0.0687318786031,0.0685495121799,0.0689952967699,0.0692992408086,0.0697044995268,0.0701300211808,0.0706163316427,0.0713052714636,0.071203956784,0.0714471120149,0.0720144742204,0.0721563147717,0.0726426252336,0.072764202849,0.0732505133108,0.0735139314776,0.073655772029,0.0741623454267,0.0745676041449,0.0748310223117,0.0751349663504,0.0759657467226,0.0763102166331,0.0765938977358,0.0768978417744,0.0777691480185,0.0777083592108,0.0777894109544,0.0777894109544,0.0781744067367,0.0782757214162,0.0785391395831,0.0788430836217,0.0789038724294,0.079450971699,0.0795522863785,0.0801601744558,0.080768062533,0.0810922695076,0.0810922695076,0.0814164764821,0.0820851533671,0.0820041016235,0.0816191058412,0.0822675197903,0.0823080456621,0.0822472568544,0.0826727785085,0.082774093188,0.0829361966753,0.0833414553935,0.0836859253039,0.084111446958,0.0842532875094,0.0846180203557,0.0849017014585,0.0856919559589,0.0855906412794,0.0858135335744,0.0859756370616,0.0867456286262,0.0864011587157,0.0866443139466,0.0873737796394,0.0880221935884,0.0881437712039,0.0886300816657,0.0893190214866,0.0898053319484,0.089906646628,0.0899876983716,0.0905145347052,0.0903929570898,0.0904334829616,0.0905145347052,0.0911832115902,0.0913858409493,0.0915074185648,0.0920747807702,0.0925003024243,0.0929460870143,0.093006875822,0.093452660412,0.0939592338098,0.0941416002329,0.0947494883102,0.0949723806052,0.0954181651952,0.0956005316184,0.0957626351057,0.0963907861188,0.0963907861188,0.0963299973111,0.0965326266702,0.0965934154779,0.0966744672216,0.0966947301575,0.0973431441066,0.0979307692479,0.0983157650302,0.0984981314534,0.0986399720047,0.0987210237484,0.0989033901715,0.0993897006334,0.099916536967,0.100017851647,0.100240743942,0.100706791467,0.101233627801,0.101618623583,0.101922567622,0.102287300468,0.102368352212,0.102388615148,0.103422024879,0.103422024879,0.103969124149,0.104151490572,0.104637801034,0.104739115713,0.105063322688,0.105306477919,0.105610421957,0.105590159021,0.106258835906,0.105853577188,0.10678567224,0.107049090407,0.107596189676,0.107839344907,0.108467495921,0.109176698677,0.109359065101,0.109683272075,0.109845375562,0.110230371345,0.110858522358,0.111040888781,0.11079773355,0.111020625845,0.111527199243,0.11213508732,0.112601134846,0.112601134846,0.113229285859,0.113512966962,0.114060066231,0.114445062014,0.11491110954,0.114931372476,0.115073213027,0.115093475963,0.11570136404,0.116309252117,0.116613196156,0.117058980746,0.117423713592,0.117768183503,0.11837607158,0.119004222593,0.119389218375,0.119855265901,0.119835002965,0.120179472876,0.12050367985,0.120807623889,0.12094946444,0.121293934351,0.121820770685,0.121901822428,0.122185503531,0.122469184634,0.122914969224,0.123847064275,0.125042577494,0.12550862502,0.126015198418,0.12684597879,0.127534918611,0.128487276599,0.128993849996,0.129358582843,0.13031094083,0.13075672542,0.131729346344,0.133026174242,0.133674588191,0.134464842692,0.135437463615,0.136004825821,0.136795080321,0.137767701245,0.138760585104,0.139449524925,0.140178990618,0.140867930439,0.141881077234,0.143096853389,0.144028948441,0.145285250467,0.145953927352,0.146744181853,0.148466531405,0.148912315995,0.149763359303,0.151404657112,0.152377278035,0.153795683549,0.155072248511,0.155538296037,0.156288024666,0.157179593846,0.158091425962,0.158739839911,0.159347727988,0.160077193681,0.160583767078,0.162042698464,0.162427694246,0.163440841042,0.164312147286,0.165001087107,0.166237126197,0.167473165287,0.168668678506,0.169823665853,0.170796286776,0.171829696508,0.172883369175,0.174078882394,0.174970451574,0.176429382959,0.176854904613,