# R script for Peak Model
#  -- generated by MACS
p <- c(0.0226048274997,0.0241967167602,0.0254065525982,0.0268074151475,0.0274441708517,0.0290360601123,0.0303732470911,0.0315194073587,0.0324745409151,0.0338754034643,0.035339941584,0.0369318308446,0.038205342253,0.0397335559431,0.0410070673516,0.0428536588938,0.0443181970135,0.0452096549994,0.0450823038585,0.0452733305698,0.0455280328515,0.0458464107036,0.0455917084219,0.0460374374149,0.0467378686895,0.0466741931191,0.0469925709712,0.0473746243937,0.0480113800979,0.0479477045275,0.0476930022458,0.0476293266754,0.0481387312388,0.0483297579501,0.0487118113726,0.0491575403655,0.0494759182176,0.0495395937881,0.0495395937881,0.0494122426472,0.0502400250627,0.0497306204993,0.0497306204993,0.0501763494923,0.0503673762035,0.0501763494923,0.0500489983514,0.0497306204993,0.0500489983514,0.0497306204993,0.049985322781,0.0496032693585,0.0495395937881,0.049985322781,0.0505584029148,0.0504947273444,0.0507494296261,0.0511314830486,0.051640887612,0.0517045631824,0.0514498609007,0.0515772120416,0.0510678074782,0.0514498609007,0.0513861853303,0.0521502921754,0.052404994457,0.0522776433162,0.0520866166049,0.0525323455979,0.0522139677458,0.0518319143232,0.0515135364711,0.0510041319078,0.0512588341895,0.0515772120416,0.0518319143232,0.0520866166049,0.0520866166049,0.0515135364711,0.0515772120416,0.051640887612,0.0520866166049,0.0526596967387,0.0525323455979,0.0524686700275,0.0522776433162,0.0524686700275,0.0521502921754,0.052404994457,0.0522139677458,0.052404994457,0.0524686700275,0.0525960211683,0.0518955898937,0.0517045631824,0.0520229410345,0.0520229410345,0.0527233723091,0.051640887612,0.0517045631824,0.0509404563373,0.0506220784852,0.0503037006331,0.0502400250627,0.0498579716402,0.0497942960698,0.0497942960698,0.0494759182176,0.0501126739219,0.0499216472106,0.0491575403655,0.048775486943,0.0495395937881,0.0504947273444,0.0509404563373,0.051195158619,0.0513861853303,0.0506220784852,0.0506857540557,0.0504947273444,0.0504947273444,0.0504947273444,0.0501763494923,0.0504947273444,0.0510041319078,0.0507494296261,0.0511314830486,0.0507494296261,0.0504947273444,0.0511314830486,0.0511314830486,0.0511314830486,0.0506857540557,0.0505584029148,0.0510678074782,0.0510678074782,0.0512588341895,0.0513861853303,0.0518955898937,0.0518955898937,0.0525323455979,0.0525960211683,0.0526596967387,0.05285072345,0.0520866166049,0.0519592654641,0.0523413188866,0.0525960211683,0.0518319143232,0.0505584029148,0.0501126739219,0.0506220784852,0.0501126739219,0.0506220784852,0.0503673762035,0.0499216472106,0.0501763494923,0.0501763494923,0.0500489983514,0.0506857540557,0.0497942960698,0.0497942960698,0.0489665136543,0.0490301892247,0.0489665136543,0.0490938647951,0.0489665136543,0.0485207846613,0.0481387312388,0.0480113800979,0.0481387312388,0.0478203533867,0.0475019755346,0.0480113800979,0.0483934335205,0.0484571090909,0.0479477045275,0.0483934335205,0.0487118113726,0.0484571090909,0.048775486943,0.0490938647951,0.0488391625134,0.0488391625134,0.0488391625134,0.0487118113726,0.048775486943,0.0480113800979,0.0480113800979,0.0483297579501,0.0485207846613,0.0491575403655,0.0490938647951,0.049221215936,0.049221215936,0.048775486943,0.048775486943,0.048775486943,0.0491575403655,0.0489665136543,0.0488391625134,0.0484571090909,0.0488391625134,0.049221215936,0.0497306204993,0.0494122426472,0.0496032693585,0.0495395937881,0.0499216472106,0.0493485670768,0.0494122426472,0.0496669449289,0.0502400250627,0.0499216472106,0.0495395937881,0.0500489983514,0.0498579716402,0.0501126739219,0.0505584029148,0.049985322781,0.0503037006331,0.0515772120416,0.0517682387528,0.0520229410345,0.0523413188866,0.0525323455979,0.0522139677458,0.0524686700275,0.0524686700275,0.0522776433162,0.0522776433162,0.0520866166049,0.052404994457,0.0525323455979,0.0529143990204,0.0533601280134,0.0543152615697,0.0550156928443,0.0548246661331,0.0547609905626,0.0547609905626,0.0552067195556,0.0550156928443,0.055270395126,0.055270395126,0.0560981775415,0.0556524485485,0.0554614218373,0.0550793684148,0.0552067195556,0.0557797996894,0.0557797996894,0.0560981775415,0.0562255286823,0.0567349332457,0.0567986088161,0.0565439065345,0.0562255286823,0.0560345019711,0.0559708264007,0.0562255286823,0.0553340706964,0.055270395126,0.0558434752598,0.0562255286823,0.0568622843866,0.0576263912316,0.0582631469358,0.0586452003584,0.0592182804922,0.0589635782105,0.0590272537809,0.0583904980767,0.0580721202246,0.0580084446541,0.0578810935133,0.0574990400908,0.0577537423725,0.0590272537809,0.0592182804922,0.0588362270696,0.0584541736471,0.0590272537809,0.0600460629076,0.0609375208935,0.0614469254569,0.0617016277386,0.0620836811611,0.0618289788795,0.0623383834428,0.0624657345837,0.0637392459921,0.0644396772667,0.0645033528372,0.0653948108231,0.0664136199498,0.0671140512244,0.0673687535061,0.0679418336399,0.0680055092104,0.0684512382033,0.0683875626329,0.0679418336399,0.0681328603512,0.0676871313582,0.067050375654,0.0675597802174,0.0681328603512,0.0692790206188,0.0695973984709,0.0702978297455,0.0709982610202,0.0713803144427,0.0715076655835,0.0704251808864,0.0706162075976,0.0722717724286,0.0734816082666,0.0737363105483,0.0732269059849,0.0731632304145,0.0737363105483,0.07399101283,0.0745640929638,0.0749461463863,0.0746914441046,0.0750734975272,0.0749461463863,0.075200848668,0.075646577661,0.0759012799426,0.0757102532314,0.0757102532314,0.0766653867877,0.0762196577947,0.0759649555131,0.0763470089356,0.0769200890694,0.0777478714849,0.0777478714849,0.0785119783299,0.0796581385975,0.0801675431609,0.0801675431609,0.0795307874567,0.0787030050412,0.0781936004778,0.0783846271891,0.0791487340341,0.0794671118863,0.0801038675905,0.0802312187313,0.0792124096046,0.0782572760482,0.0781299249074,0.0781299249074,0.0783846271891,0.0778752226257,0.0774294936328,0.078066249337,0.079276085175,0.0791487340341,0.0791487340341,0.0787666806116,0.0786393294708,0.0786393294708,0.0790850584637,0.0788940317525,0.0795307874567,0.0793397607454,0.0791487340341,0.0791487340341,0.078066249337,0.0774931692032,0.0781936004778,0.0785756539004,0.0781936004778,0.0783209516187,0.0778115470553,0.0778115470553,0.0781299249074,0.0798491653088,0.0806132721538,0.0808679744355,0.0807406232947,0.080485921013,0.0797854897384,0.0799128408792,0.0811226767172,0.0818867835623,0.082141485844,0.0822688369848,0.0820141347031,0.0825872148369,0.0830966194003,0.0820141347031,0.0812500278581,0.0818231079919,0.0819504591327,0.0832239705411,0.0832239705411,0.0836060239637,0.083351321682,0.0836060239637,0.0835423483932,0.0843064552383,0.0851979132242,0.0855162910763,0.0864714246326,0.0872992070481,0.0861530467805,0.0860893712101,0.0865351002031,0.0864714246326,0.0871081803369,0.0876812604707,0.0879359627523,0.0871718559073,0.0869171536256,0.0865987757735,0.0871081803369,0.0879359627523,0.0890184474495,0.0895915275833,0.0892731497312,0.0888274207382,0.0887637451678,0.0899735810058,0.0909287145622,0.0911197412734,0.0908013634213,0.091501794696,0.0921385504002,0.0921385504002,0.0925842793931,0.0922022259706,0.0936030885199,0.0937304396607,0.094685573217,0.0953223289213,0.0953223289213,0.0947492487875,0.0955770312029,0.0964048136184,0.0972962716043,0.097996702879,0.0986334585832,0.0991428631466,0.0997796188508,0.100225347844,0.100671076837,0.101880912675,0.102772370661,0.103854855358,0.105446744618,0.106147175893,0.107293336161,0.108375820858,0.109649332266,0.110413439111,0.11168695052,0.112387381794,0.113342515351,0.113788244344,0.113915595484,0.114679702329,0.116589969442,0.117927156421,0.118945965548,0.119901099104,0.121556663935,0.12238444635,0.122129744069,0.123084877625,0.124231037893,0.125886602724,0.127032762991,0.128688327822,0.129197732386,0.130280217083,0.131044323928,0.130980648357,0.131999457484,0.133846049026,0.135246911576,0.136584098555,0.137157178688,0.137602907681,0.139131121371,0.140149930498,0.140786686202,0.141423441907,0.142123873181,0.143015331167,0.143652086871,0.145562353984,0.146772189822,0.147727323378,0.148618781364,0.149955968343,0.151929911026,