# R script for Peak Model
#  -- generated by MACS
p <- c(0.0340717546354,0.0352714643056,0.0358713191408,0.0373109707451,0.0386306513824,0.0394704481515,0.0407901287888,0.041509954591,0.0425896932942,0.0439093739315,0.0446291997337,0.0453490255358,0.0466687061731,0.0477484448763,0.0485882416455,0.0495480093817,0.050867690019,0.0520673996893,0.0525472835574,0.0533870803266,0.0543468480628,0.055546557733,0.0567462674033,0.0581859190076,0.0592656577108,0.06010545448,0.0614251351173,0.0626248447876,0.0640644963919,0.0651442350951,0.0659840318643,0.0676636254027,0.069343218941,0.0703029866772,0.0711427834464,0.0712627544134,0.0727024060177,0.0734222318199,0.0727024060177,0.0735422027869,0.0731822898858,0.0728223769848,0.0718626092486,0.0722225221496,0.0718626092486,0.0721025511826,0.0723424931167,0.0718626092486,0.0712627544134,0.0711427834464,0.0715026963475,0.0715026963475,0.0713827253805,0.0719825802156,0.0717426382815,0.0715026963475,0.0717426382815,0.0718626092486,0.0721025511826,0.0727024060177,0.0729423479518,0.0730623189188,0.0745019705231,0.0748618834242,0.0746219414902,0.0743819995561,0.0745019705231,0.0742620285891,0.073902115688,0.0746219414902,0.0741420576221,0.073902115688,0.073662173754,0.073782144721,0.0730623189188,0.0727024060177,0.0722225221496,0.0728223769848,0.0723424931167,0.0717426382815,0.0721025511826,0.0721025511826,0.0717426382815,0.0715026963475,0.0721025511826,0.0718626092486,0.0711427834464,0.0710228124794,0.0713827253805,0.0716226673145,0.0711427834464,0.0711427834464,0.0710228124794,0.0701830157102,0.0700630447432,0.0700630447432,0.0697031318421,0.0700630447432,0.0699430737761,0.0701830157102,0.0699430737761,0.0695831608751,0.069223247974,0.069103277007,0.0697031318421,0.0697031318421,0.0682634802378,0.0683834512048,0.0683834512048,0.0670637705675,0.0673037125016,0.0670637705675,0.0675436544356,0.0674236834686,0.0677835963697,0.0680235383037,0.0676636254027,0.0677835963697,0.0679035673367,0.069223247974,0.069463189908,0.0695831608751,0.0700630447432,0.0697031318421,0.0697031318421,0.0700630447432,0.069343218941,0.069223247974,0.0695831608751,0.0688633350729,0.069103277007,0.0687433641059,0.0681435092708,0.0680235383037,0.0679035673367,0.0676636254027,0.0674236834686,0.0680235383037,0.0686233931389,0.0680235383037,0.0683834512048,0.0686233931389,0.0699430737761,0.0695831608751,0.0700630447432,0.0710228124794,0.0710228124794,0.0706628995783,0.0709028415124,0.0715026963475,0.0711427834464,0.0715026963475,0.0711427834464,0.0719825802156,0.0715026963475,0.0727024060177,0.0734222318199,0.0733022608529,0.0735422027869,0.073662173754,0.0741420576221,0.073662173754,0.073662173754,0.073902115688,0.0741420576221,0.073782144721,0.0748618834242,0.0742620285891,0.0735422027869,0.0733022608529,0.073662173754,0.0734222318199,0.0730623189188,0.0730623189188,0.0723424931167,0.0722225221496,0.0722225221496,0.0717426382815,0.0718626092486,0.0722225221496,0.0719825802156,0.0723424931167,0.0722225221496,0.0718626092486,0.0721025511826,0.0716226673145,0.0713827253805,0.0711427834464,0.0712627544134,0.0705429286113,0.0704229576443,0.0703029866772,0.0697031318421,0.0704229576443,0.0707828705453,0.0704229576443,0.0711427834464,0.0715026963475,0.0716226673145,0.0723424931167,0.0721025511826,0.0727024060177,0.0730623189188,0.0735422027869,0.0735422027869,0.073782144721,0.0729423479518,0.0722225221496,0.0717426382815,0.0716226673145,0.0721025511826,0.0716226673145,0.0704229576443,0.0699430737761,0.0695831608751,0.069463189908,0.0700630447432,0.0695831608751,0.0695831608751,0.0688633350729,0.0688633350729,0.0687433641059,0.0687433641059,0.0683834512048,0.0682634802378,0.0668238286335,0.0664639157324,0.0659840318643,0.0662239737983,0.0655041479962,0.0658640608973,0.0656241189632,0.0653841770292,0.0655041479962,0.0657440899302,0.0662239737983,0.0652642060621,0.0651442350951,0.0653841770292,0.0651442350951,0.0651442350951,0.0651442350951,0.0653841770292,0.0661040028313,0.0662239737983,0.0669437996005,0.0674236834686,0.0679035673367,0.0677835963697,0.0682634802378,0.0689833060399,0.069223247974,0.0695831608751,0.0701830157102,0.0699430737761,0.0701830157102,0.0706628995783,0.0709028415124,0.0711427834464,0.0709028415124,0.0712627544134,0.0718626092486,0.0721025511826,0.0715026963475,0.0718626092486,0.0722225221496,0.0724624640837,0.0728223769848,0.0728223769848,0.0731822898858,0.073782144721,0.073662173754,0.0745019705231,0.0735422027869,0.0734222318199,0.073782144721,0.0741420576221,0.0745019705231,0.0751018253583,0.0755817092264,0.0752217963253,0.0763015350285,0.0769013898637,0.0777411866328,0.0782210705009,0.078341041468,0.078341041468,0.0797806930723,0.0807404608085,0.0811003737096,0.0813403156436,0.0813403156436,0.0823000833798,0.0820601414458,0.082899938215,0.0836197640171,0.0833798220831,0.0846995027203,0.0851793865884,0.0855392994895,0.0851793865884,0.0858992123906,0.0858992123906,0.0858992123906,0.0864990672257,0.0867390091598,0.0867390091598,0.0870989220609,0.0880586897971,0.0880586897971,0.0884186026981,0.0888984865663,0.0884186026981,0.0881786607641,0.0885385736652,0.0891384285003,0.0892583994673,0.0897382833354,0.0909379930057,0.0909379930057,0.0906980510716,0.0909379930057,0.0908180220387,0.0914178768738,0.0917777897749,0.092497615577,0.0928575284781,0.0938172962143,0.0941772091154,0.0956168607197,0.0959767736208,0.0963366865219,0.0975363961921,0.0987361058624,0.0983761929613,0.0976563671591,0.0980162800602,0.0981362510273,0.0981362510273,0.0987361058624,0.0981362510273,0.0984961639283,0.0978963090932,0.0981362510273,0.0984961639283,0.0981362510273,0.0990960187635,0.0988560768294,0.0994559316645,0.0995759026316,0.100655641335,0.0998158445656,0.100775612302,0.0998158445656,0.100175757467,0.100535670368,0.100415699401,0.100415699401,0.0996958735986,0.0996958735986,0.100895583269,0.102095292939,0.10245520584,0.103295002609,0.103295002609,0.104014828412,0.104254770346,0.104254770346,0.10449471228,0.105454480016,0.105814392917,0.106414247752,0.10689413162,0.107493986455,0.107493986455,0.107973870323,0.107973870323,0.108693696126,0.108333783224,0.109293550961,0.10893363806,0.108813667093,0.110493260631,0.111093115466,0.1113330574,0.1113330574,0.1113330574,0.110613231598,0.110373289664,0.11013334773,0.109773434829,0.109173579994,0.10893363806,0.10893363806,0.108333783224,0.107853899356,0.107014102587,0.107014102587,0.106774160653,0.105814392917,0.106294276785,0.106054334851,0.104974596148,0.104374741313,0.105334509049,0.106174305818,0.106654189686,0.106294276785,0.106174305818,0.106054334851,0.106174305818,0.106054334851,0.105454480016,0.105934363884,0.105934363884,0.106174305818,0.105334509049,0.105214538082,0.104014828412,0.104134799379,0.103175031642,0.104014828412,0.102935089708,0.104014828412,0.103414973576,0.103055060675,0.10449471228,0.10449471228,0.10569442195,0.106414247752,0.106174305818,0.105814392917,0.105814392917,0.104854625181,0.104734654214,0.104854625181,0.105574450983,0.105574450983,0.10569442195,0.105214538082,0.105454480016,0.104854625181,0.104614683247,0.104734654214,0.103534944543,0.103894857444,0.104254770346,0.103534944543,0.103055060675,0.102575176807,0.102935089708,0.10245520584,0.101015554236,0.100295728434,0.100895583269,0.1000557865,0.100535670368,0.100535670368,0.0995759026316,0.0998158445656,0.0999358155326,0.1000557865,0.100175757467,0.100535670368,0.100775612302,0.100655641335,0.101615409071,0.100775612302,0.100415699401,0.100895583269,0.100175757467,0.100295728434,0.100655641335,0.100895583269,0.1000557865,0.100415699401,0.0995759026316,0.0995759026316,0.100535670368,0.0996958735986,0.101375467137,0.101015554236,0.101735380038,0.101975321972,0.102215263906,0.103295002609,0.104734654214,0.105574450983,0.106054334851,0.106534218719,0.107493986455,0.107134073554,0.107613957422,0.108453754191,0.109413521928,0.109893405796,0.109173579994,0.109773434829,0.109293550961,0.11013334773,0.109533492895,0.110253318697,0.109893405796,0.110733202565,0.110613231598,0.11013334773,0.111453028367,0.111213086433,0.112412796103,