# R script for Peak Model
#  -- generated by MACS
p <- c(0.0374661367184,0.0384265028812,0.0394698636505,0.0405369371647,0.0415447288169,0.0426355150758,0.0435721684938,0.0446629547526,0.0457655973839,0.0468089581533,0.0479827390188,0.049049812533,0.0501050296747,0.0512432414231,0.052144325724,0.0531165482591,0.0542191908903,0.0553218335216,0.0565430398767,0.057586400646,0.0586534741602,0.0596849785572,0.0605030682513,0.0614752907864,0.0624830824387,0.0636924324213,0.0647713623079,0.0657198720982,0.0669529348256,0.0679725828503,0.0688973798958,0.069810320569,0.0710433832965,0.072217164162,0.0730708229733,0.073248668559,0.0733079504209,0.0731182484629,0.0732368121866,0.0731063920905,0.0731775303247,0.0732130994419,0.0729404028772,0.0730471102286,0.0730115411114,0.0731656739524,0.07315381758,0.0732960940485,0.0731775303247,0.0732723813038,0.073248668559,0.0731775303247,0.0729759719943,0.0728455518981,0.0729996847391,0.072809982781,0.0727744136639,0.0727625572915,0.0725372862163,0.0724187224925,0.0725491425886,0.0724187224925,0.0724187224925,0.0724187224925,0.0722764460239,0.0723001587687,0.0721460259278,0.0720630313211,0.0718851857354,0.0718140475011,0.0716243455431,0.071683627405,0.0714820690745,0.0714939254469,0.0714583563298,0.0713516489783,0.071339792606,0.0712923671164,0.0711738033927,0.0711026651584,0.0708062558489,0.070746973987,0.0706758357527,0.0704387083051,0.0704387083051,0.0705809847737,0.0704861337947,0.070308288209,0.0699763097823,0.0699051715481,0.069810320569,0.0696324749834,0.0697510387071,0.0698577460586,0.0697510387071,0.0694901985148,0.0693597784186,0.0695139112596,0.0691819328329,0.0691700764606,0.0691582200882,0.069122650971,0.0686721088206,0.0684231250007,0.0686246833311,0.0686721088206,0.0684942632349,0.0685535450968,0.0686365397035,0.0685535450968,0.0684705504902,0.0684705504902,0.0685179759797,0.0686602524483,0.0685654014692,0.068683965193,0.0686483960759,0.0687313906825,0.0687195343101,0.0686365397035,0.0686958215654,0.0686365397035,0.0686483960759,0.0687313906825,0.0686009705864,0.0686246833311,0.0686128269587,0.0684705504902,0.0684824068626,0.0686128269587,0.0684824068626,0.0687195343101,0.0687551034273,0.0688025289168,0.0688736671511,0.0687432470549,0.0689685181301,0.0690633691091,0.0691463637158,0.069276783812,0.0694901985148,0.0695494803767,0.0697747514519,0.0695850494938,0.0697036132176,0.0697984641967,0.0697628950795,0.0697273259624,0.0697036132176,0.0699051715481,0.0700237352719,0.0701067298785,0.0701897244852,0.0703438573261,0.070403139188,0.0702252936023,0.070308288209,0.0705217029118,0.0704742774223,0.0704268519328,0.070403139188,0.0707114048699,0.070746973987,0.0705335592842,0.0706876921251,0.0708181122213,0.0710196705517,0.0709366759451,0.0710196705517,0.0710315269241,0.0711738033927,0.0713635053507,0.0714820690745,0.0716362019154,0.0715057818193,0.0713042234888,0.0712449416269,0.071185659765,0.0713160798612,0.0713990744679,0.0714464999574,0.0714583563298,0.0715769200535,0.0715769200535,0.0718377602459,0.0716717710326,0.0716954837773,0.0715650636812,0.0717666220116,0.0717666220116,0.0716006327983,0.0718970421078,0.0720037494592,0.0720037494592,0.0721460259278,0.072122313183,0.0722883023963,0.0721934514173,0.0723120151411,0.0721460259278,0.0722764460239,0.0721934514173,0.0723120151411,0.0722290205344,0.0723357278858,0.0723238715134,0.0721934514173,0.0721697386725,0.072371297003,0.0723120151411,0.0722883023963,0.0722645896515,0.0722290205344,0.0723950097477,0.0723950097477,0.0722408769068,0.0724898607268,0.072371297003,0.0725491425886,0.0724780043544,0.0725847117058,0.0726439935677,0.0728692646429,0.0728218391534,0.0727744136639,0.0729641156219,0.0731182484629,0.0731301048352,0.073248668559,0.0732605249314,0.0734265141447,0.0732842376762,0.0734620832618,0.0737584925713,0.0739600509018,0.0739126254123,0.0738889126675,0.073936338157,0.0741260401151,0.0743157420732,0.0743868803074,0.0744343057969,0.0745410131484,0.0745054440312,0.0746477204998,0.0747070023617,0.0750389807883,0.0751931136292,0.0749796989264,0.0750745499054,0.0753472464702,0.0754895229387,0.0755013793111,0.0756080866625,0.075560661173,0.0757977886206,0.0758452141101,0.0760823415577,0.0761653361643,0.0763550381224,0.0766514474319,0.0764736018462,0.0764617454738,0.0765684528252,0.0764498891014,0.0766514474319,0.0766633038042,0.0768411493899,0.0770782768375,0.0772086969337,0.0772679787956,0.0772205533061,0.0772086969337,0.0775999572222,0.0776118135946,0.0778015155527,0.0779082229041,0.0782046322136,0.0782639140754,0.0784773287783,0.0784417596611,0.0784536160335,0.0786433179916,0.0787025998535,0.0787974508325,0.0790820037696,0.079093860142,0.0794614076858,0.0794851204305,0.0796629660162,0.0798289552295,0.0797933861124,0.0797103915057,0.079876380719,0.0803032101247,0.0803269228694,0.080220215518,0.0803980611037,0.0804810557104,0.0807774650198,0.0808604596265,0.0812991454045,0.0813702836388,0.081500703735,0.0817141184378,0.0820816659816,0.0820698096092,0.0822476551949,0.0824255007806,0.0825440645044,0.0825440645044,0.0826507718558,0.08297089391,0.0832435904747,0.083409579688,0.0836941326251,0.0836941326251,0.0839431164451,0.0840616801689,0.0842750948717,0.0843106639889,0.0842750948717,0.084441084085,0.0846426424155,0.0849271953526,0.0850457590764,0.0854488757373,0.0855318703439,0.0855318703439,0.0856148649506,0.0855911522058,0.0857927105363,0.0860298379839,0.0862551090591,0.0866345129752,0.0867175075819,0.0868953531675,0.087096911498,0.0871087678704,0.0874051771799,0.0875474536484,0.0879387139369,0.088223266874,0.0882351232464,0.0885552453006,0.0885552453006,0.0889465055892,0.0890413565682,0.0893614786224,0.0894681859738,0.0897645952833,0.0899305844966,0.0902151374337,0.0904641212537,0.0906893923289,0.0909028070317,0.0911517908517,0.0913059236926,0.0916497584916,0.0917090403535,0.0920173060354,0.0923018589725,0.0926575501439,0.0930013849429,0.0932740815076,0.0936653417961,0.0940210329675,0.0942344476703,0.0946375643312,0.0947679844274,0.0950525373645,0.0950525373645,0.0953608030463,0.0955505050044,0.0955860741215,0.0957994888244,0.0962500309748,0.0965345839119,0.0965582966566,0.0967479986147,0.0973171044889,0.0977913593841,0.098040343204,0.0983248961411,0.0986450181954,0.0988584328982,0.0992022676972,0.0994038260277,0.0997002353371,0.0997239480819,0.0997713735714,0.10016263386,0.100565750521,0.100328623073,0.100399761308,0.100435330425,0.100233772094,0.10061317601,0.100921441692,0.101288989236,0.101763244131,0.101976658834,0.102237499026,0.102415344612,0.10240348824,0.1028066049,0.103020019603,0.103233434306,0.103458705381,0.103660263712,0.103814396553,0.103980385766,0.104134518607,0.104359789682,0.104454640661,0.104822188205,0.10479847546,0.104881470067,0.105189735749,0.105640277899,0.105865548974,0.106363516614,0.10649393671,0.106636213179,0.106861484254,0.107027473468,0.10728831366,0.107478015618,0.107466159246,0.1077862813,0.107774424927,0.107964126885,0.108094546982,0.108189397961,0.108070834237,0.108177541588,0.108355387174,0.108545089132,0.108770360207,0.108971918538,0.108971918538,0.109102338634,0.109126051379,0.109137907751,0.109078625889,0.109090482262,0.109102338634,0.109161620496,0.109434317061,0.109292040592,0.109220902358,0.10923275873,0.109090482262,0.109007487655,0.109090482262,0.109054913144,0.109007487655,0.1090312004,0.10898377491,0.109410604316,0.10977815186,0.109837433721,0.109837433721,0.11022869401,0.110382826851,0.110335401361,0.11067923616,0.110774087139,0.110940076353,0.1111772038,0.111141634683,0.11122462929,0.111295767524,0.111295767524,0.111639602323,0.111521038599,0.111532894972,0.111544751344,0.111592176834,0.111532894972,0.111651458695,0.111805591536,0.111853017026,0.111888586143,0.111912298888,0.112078288101,0.112102000846,0.112457692017,0.112374697411,0.112125713591,0.112256133687,0.1124221229,0.112457692017,0.112659250348,0.112754101327,0.11296751603,0.113014941519,0.113263925339,0.113572191021,0.113690754745,0.113833031213,0.114046445916,0.114153153267,0.11436656797,0.114817110121,0.114947530217,0.11511351943,