# R script for Peak Model
#  -- generated by MACS
p <- c(0.00782694193082,0.00809305795647,0.00824959679509,0.00843744340143,0.00865659777549,0.00882879049797,0.00922013759451,0.00937667643312,0.00961148469105,0.00983063906511,0.00997152401987,0.0102063322778,0.0103941788841,0.0105820254905,0.0107855259807,0.0109264109354,0.0110986036579,0.0113490657997,0.0114899507544,0.0116151818253,0.0117873745478,0.0121004522251,0.012335260483,0.0126326842763,0.0127735692311,0.0129927236052,0.0131962240954,0.0133840707017,0.013571917308,0.013916302753,0.0140884954755,0.0143076498495,0.0145581119913,0.0145268042236,0.014479842572,0.0145424581075,0.0144015731527,0.0144015731527,0.0143546115011,0.014370265385,0.0142450343141,0.0142450343141,0.0143233037334,0.014260688198,0.0142763420818,0.0141824187786,0.0142763420818,0.0142763420818,0.014260688198,0.0141980726625,0.0142763420818,0.0143546115011,0.0142450343141,0.0142450343141,0.0141824187786,0.0142919959657,0.0141667648948,0.0142137265464,0.0142137265464,0.0143076498495,0.014260688198,0.0142137265464,0.0143233037334,0.0143233037334,0.0143233037334,0.014260688198,0.0141980726625,0.0141354571271,0.0142137265464,0.0142919959657,0.0142763420818,0.0142919959657,0.0141041493593,0.0141824187786,0.0141198032432,0.0140571877078,0.0141980726625,0.0141980726625,0.0142763420818,0.0142450343141,0.0142763420818,0.0143859192689,0.0144641886882,0.0144641886882,0.0146050736429,0.0147616124815,0.0147772663654,0.0147146508299,0.0146989969461,0.0146363814106,0.0147616124815,0.014824228017,0.0148711896686,0.0148085741331,0.0148085741331,0.0147303047138,0.0148398819008,0.0149024974363,0.014824228017,0.0148085741331,0.0148711896686,0.0148868435524,0.0151529595781,0.0151529595781,0.0152468828812,0.0151373056942,0.0152155751135,0.0152625367651,0.0152155751135,0.0151999212297,0.0151999212297,0.0151216518103,0.0150590362749,0.0151529595781,0.0153251523005,0.0154347294876,0.0154034217199,0.0152938445328,0.0153251523005,0.0153721139521,0.0155286527908,0.0155912683262,0.0157008455132,0.0157947688164,0.015841730468,0.0158104227003,0.0159356537712,0.0159356537712,0.0159356537712,0.0159982693066,0.0160139231905,0.0161548081452,0.0162800392161,0.0164522319386,0.0164365780547,0.0164522319386,0.0164209241709,0.016514847474,0.0165774630095,0.0165461552418,0.0166244246611,0.016749655732,0.0167026940804,0.016749655732,0.0167809634997,0.0168435790351,0.0168279251513,0.016749655732,0.0168435790351,0.0169061945706,0.0169061945706,0.0168279251513,0.0171096950608,0.0171879644801,0.0172036183639,0.0172975416671,0.0172662338994,0.0172975416671,0.0173758110864,0.0175949654605,0.0177984659507,0.017986312557,0.0179550047893,0.0179706586732,0.0181271975118,0.018221120815,0.0184246213052,0.0185655062599,0.0184715829567,0.0185968140276,0.018549852376,0.0187533528662,0.0186907373308,0.0188472761694,0.0190194688919,0.0191290460789,0.0192542771498,0.0194264698723,0.0196925858979,0.0197552014334,0.0196612781302,0.0196299703625,0.0196769320141,0.0198491247366,0.019911740272,0.0199900096913,0.0199430480397,0.0200839329945,0.0200995868784,0.0201152407622,0.0201622024138,0.0201778562977,0.0201778562977,0.0203343951363,0.0204126645556,0.0205692033942,0.0207413961167,0.0206787805812,0.0206161650458,0.020475280091,0.0205848572781,0.020710088349,0.0209605504907,0.0210701276778,0.0212892820518,0.0214301670066,0.0216336674968,0.0218215141031,0.0221502456642,0.0224163616899,0.0226198621801,0.0228390165541,0.0230112092766,0.0233712486054,0.0234495180247,0.0235747490956,0.0238878267729,0.0242791738694,0.0242791738694,0.0244200588242,0.0246079054305,0.0248114059207,0.0249835986432,0.0250931758302,0.0252966763204,0.0254375612752,0.0253749457397,0.0252810224366,0.0254688690429,0.0257662928363,0.0259384855587,0.0261263321651,0.026251563236,0.0262359093521,0.0264394098423,0.0264550637262,0.0265802947971,0.0270029496613,0.027269065687,0.0273473351063,0.027488220061,0.0276291050158,0.0279891443446,0.0283648375573,0.0284744147443,0.0285213763959,0.02874053077,0.028959685144,0.0290536084472,0.0292258011697,0.0294606094276,0.0296954176855,0.0298206487564,0.0300398031305,0.0303685346916,0.0305094196463,0.0306503046011,0.0309790361622,0.031448652678,0.0316991148198,0.0320278463809,0.0323252701743,0.0324505012452,0.032920117761,0.0334053881607,0.0337028119541,0.0342506978893,0.0343759289602,0.0345637755665,0.0348768532437,0.0352212386887,0.0354560469466,0.0357065090884,0.0359726251141,0.0362700489074,0.0364109338622,0.0364578955138,0.0364578955138,0.0366927037717,0.0367553193071,0.0368962042619,0.0371623202875,0.0374597440809,0.0375693212679,0.0378823989452,0.0382111305063,0.0386807470221,0.0389468630478,0.0394947489829,0.0398391344279,0.0401052504535,0.0405905208532,0.0412479839754,0.0417332543751,0.0421559092394,0.0425472563359,0.0429699112002,0.043329950529,0.0436273743224,0.0442848374446,0.0447544539604,0.0453179937795,0.0458815335985,0.0461946112757,0.0466798816754,0.0472121137267,0.0477756535457,0.048542693855,0.0488401176483,0.049325388048,0.0499515434025,0.050796853131,0.0515169317887,0.052268318214,0.0529101274524,0.0537710910647,0.0544285541869,0.0551173250768,0.0559782886892,0.0567140212307,0.0573401765852,0.0581228707783,0.0590151421584,0.0597978363515,0.0605961844284,0.0616763024149,0.0625842276789,0.0633669218719,0.0643218087875,0.0651827723999,0.0657932738705,0.0666229297152,0.0676873938177,0.0684700880108,0.0696128215327,0.0702859385388,0.070599016216,0.0717887113895,0.072868829376,0.073541946382,0.0741211400849,0.0752795274906,0.0766414153866,0.0780502649342,0.0794121528301,0.0802731164425,0.0814784654999,0.0825272757186,0.0837326247759,0.084624896156,0.0858458990973,0.0867225165935,0.0877087112768,0.088585328773,0.0893367151984,0.0905420642557,0.0917474133131,0.0925770691578,0.0936258793765,0.0946277279436,0.0956921920462,0.0969445027552,0.098212467348,0.0995900091278,0.101014512559,0.102204207733,0.10361305728,0.104927983525,0.106446410259,0.107823952039,0.109170186051,0.110766882205,0.111674807469,0.112911464294,0.114570775983,0.115776125041,0.116856243027,0.118202477039,0.119533057168,0.121020176134,0.12238206403,0.123180412107,0.124871031564,0.126107688389,0.127438268518,0.128862771949,0.130443814219,0.132337934166,0.133903322553,0.135672211429,0.137112368744,0.138458602756,0.13985179842,0.141182378548,0.142622535863,0.144172270366,0.146144659732,0.148117049099,0.149259782621,0.151185210336,0.152672329303,0.154253371573,0.156084875984,0.157571994951,0.158933882847,0.160921926098,0.162972584884,0.164224895593,0.166103361656,0.168122712674,0.169985524854,0.17195791422,0.173898995819,0.176231424514,0.177890736204,0.179957048873,0.181866822705,0.184152289748,0.186155986883,0.188300568972,0.190742574854,0.192323617124,0.194264698723,0.19623708809,0.19822513134,0.200260136242,0.202373410563,0.204361453814,0.206584305322,0.208181001476,0.210356891333,0.212282319048,0.214552132208,0.216540175458,0.218199487147,0.219999683792,0.22194076539,0.22352180766,0.22607339073,0.228280588354,0.230033823347,0.231834019991,0.234244718106,0.235794452608,0.237798149742,0.239285268709,0.24127331196,0.243793587261,0.245640745557,0.247879250949,0.250055140806,0.251949260753,0.25392165012,0.255862731719,0.258022967691,0.259588356078,0.261372898838,0.263110479947,0.265082869313,0.267243105286,0.26932507184,0.27151661558,0.273410735527,0.275132662752,0.277418129796,0.279140057021,0.281190715807,0.283116143522,0.285323341146,0.287546192655,0.28987862135,0.291991895671,0.293557284057,0.295764481682,0.297251600649,0.299270951667,0.301071148311,0.3032157304,0.304749811018,0.30597081396,0.307332701856,0.30892939801,0.310823517957,0.312263675272,0.314189102987,0.316271069541,0.317883419578,0.32020019439,0.322156929873,0.32425455031,0.325741669277,0.327526212037,0.329404678101,0.33106398979,0.332504147105,0.334601767543,0.336480233606,0.338609161811,0.340033665243,0.34192778519,0.343837559021,0.345950833342,0.348111069315,0.350740921804,0.352525464564,0.354263045673,0.356501551065,0.35911574967,