# R script for Peak Model
#  -- generated by MACS
p <- c(0.00605917356733,0.00627365758742,0.0064988658085,0.00664900462256,0.00697073065268,0.00719593887377,0.00738897449184,0.00760345851193,0.00774287312498,0.00795735714506,0.00813966856213,0.00841849778824,0.00869732701435,0.00895470783845,0.00921208866255,0.00943729688363,0.00958743569769,0.00981264391878,0.00994133433083,0.0101129215469,0.010370302371,0.0105955105921,0.0108099946122,0.0110566512353,0.0112067900493,0.0113998256674,0.0115392402804,0.0117215516975,0.0119467599186,0.0121505197377,0.0123542795568,0.0125687635768,0.0127617991949,0.0127403507929,0.0127617991949,0.0127403507929,0.0127617991949,0.0127832475969,0.0127939717979,0.0128583170039,0.013019180019,0.012976283215,0.012890489607,0.0128368686019,0.012869041205,0.012879765406,0.012879765406,0.012869041205,0.0128261444009,0.0128261444009,0.012901213808,0.012987007416,0.013019180019,0.0131585946321,0.0132872850441,0.0132336640391,0.0133623544511,0.0134266996572,0.0134266996572,0.0134588722602,0.0134481480592,0.0134374238582,0.0135446658682,0.0135768384712,0.0135339416672,0.0135232174662,0.0135339416672,0.0135982868732,0.0137162530843,0.0137805982903,0.0137484256873,0.0137269772853,0.0137805982903,0.0138342192953,0.0138985645014,0.0138771160993,0.0139629097074,0.0138449434963,0.0138234950943,0.0136733562803,0.0135768384712,0.0135232174662,0.0135982868732,0.0136304594762,0.0136626320793,0.0136519078783,0.0136090110742,0.0135339416672,0.0135124932652,0.0134588722602,0.0134481480592,0.0134481480592,0.0134588722602,0.0134695964612,0.0135017690642,0.0135661142702,0.0135768384712,0.0135875626722,0.0135553900692,0.0136840804813,0.0136733562803,0.0137913224913,0.0137913224913,0.0138234950943,0.0138127708933,0.0138020466923,0.0137055288833,0.0137377014863,0.0138449434963,0.0139092887024,0.0139307371044,0.0139736339084,0.0139736339084,0.0140379791144,0.0141666695265,0.0142417389335,0.0142953599385,0.0142953599385,0.0144026019485,0.0144133261495,0.0143597051445,0.0144347745516,0.0144562229536,0.0144776713556,0.0146278101696,0.0146814311747,0.0147243279787,0.0147993973857,0.0147779489837,0.0148637425917,0.0149817088028,0.0150353298078,0.0151211234158,0.0150782266118,0.0149817088028,0.0150246056068,0.0149495361998,0.0149602604008,0.0150460540088,0.0149495361998,0.0150889508128,0.0151425718178,0.0151854686218,0.0152176412249,0.0152819864309,0.0153785042399,0.015528643054,0.015582264059,0.015657333466,0.015689506069,0.0157538512751,0.0159039900891,0.0159897836972,0.0161613709132,0.0162900613253,0.0163651307323,0.0164830969433,0.0166010631544,0.0167404777674,0.0169764101895,0.0169656859885,0.0169013407825,0.0170193069936,0.0170943764006,0.0172016184106,0.0171479974056,0.0172766878177,0.0173303088227,0.0173839298277,0.0175447928428,0.0176949316568,0.0177485526618,0.0178128978679,0.0178879672749,0.0180488302899,0.0181560723,0.018198969104,0.0183276595161,0.0184134531241,0.0184992467321,0.0184992467321,0.0185421435361,0.0186493855462,0.0187137307522,0.0187244549532,0.0187351791542,0.0188424211643,0.0190247325813,0.0190354567823,0.0191319745914,0.0190247325813,0.0190140083803,0.0191426987924,0.0192392166014,0.0194537006215,0.0195823910335,0.0198075992546,0.0200006348727,0.0200971526817,0.0202365672948,0.0203974303099,0.0206119143299,0.020847846752,0.0209658129631,0.0209979855661,0.0214055052042,0.0214805746113,0.0217379554354,0.0219202668524,0.0223492348926,0.0224886495057,0.0227245819277,0.0228639965408,0.0231642741689,0.0232286193749,0.023443103395,0.0236361390131,0.0238184504302,0.0239471408422,0.0239685892442,0.0240436586513,0.0243224878774,0.0245369718974,0.0246334897065,0.0248158011236,0.0248372495256,0.0251160787517,0.0255343225908,0.0256630130029,0.0258131518169,0.025963290631,0.0263171892641,0.0265745700882,0.0267890541083,0.0270142623294,0.0271429527414,0.0274003335655,0.0276684385907,0.0278078532037,0.0281295792338,0.0283226148519,0.028612168279,0.0289767911132,0.0292127235352,0.0294486559573,0.0296202431734,0.0299526934045,0.0301779016256,0.0304996276557,0.0308856988919,0.03107873451,0.0315291509521,0.0318079801782,0.0321511546104,0.0325908468515,0.0326873646606,0.0330627116957,0.0334595071329,0.033791957364,0.0339206477761,0.0341458559971,0.0345748240373,0.0347678596554,0.0350788614845,0.0354649327207,0.0359582459668,0.036355041404,0.0366553190321,0.0369663208612,0.0374274615044,0.0379958441576,0.0383497427908,0.0387465382279,0.0391004368611,0.0394221628912,0.0396151985093,0.0401299601574,0.0405160313936,0.0409342752328,0.0412881738659,0.0416956935041,0.0419852469312,0.0425107327804,0.0429611492225,0.0436474980868,0.0443123985491,0.0449665748103,0.0453848186495,0.0461462369208,0.046768240579,0.0473473474332,0.0480444204985,0.0485806305487,0.0491061163979,0.0498568104682,0.0505109867294,0.0512724050007,0.051915857061,0.0525485849202,0.0532885547895,0.0541357666688,0.0547470461261,0.0554012223873,0.0560768470506,0.057052749342,0.0577069256032,0.0582967566584,0.0591010717338,0.059819593201,0.0605166662663,0.0612995329396,0.062296883633,0.0629403356932,0.0639269621856,0.0645167932408,0.0652889357131,0.0661361475925,0.0669619110698,0.0678305713511,0.0688386462455,0.0695142709088,0.0707153814212,0.0717985257226,0.072785152215,0.0734822252803,0.0745439211797,0.0755627202751,0.0764313805564,0.0773751102448,0.0783831851392,0.0796271924557,0.08063526735,0.0817291358525,0.0829409705659,0.0843136682945,0.0854611578019,0.0866086473093,0.0875738253997,0.0887749359122,0.0902012546457,0.0914452619622,0.0927750628867,0.0938796555901,0.0952201807157,0.0964749122331,0.0978797825647,0.0998423113484,0.101215009077,0.102791466625,0.104400096775,0.105590483087,0.107070422825,0.108711225579,0.110180441116,0.111531690443,0.113033078584,0.11481329595,0.116486271307,0.118148522462,0.119553392794,0.121065505136,0.122856446703,0.124368559045,0.12581632618,0.127875372773,0.129419657718,0.131124805677,0.133087334461,0.134856827627,0.136733562803,0.138545952772,0.140540654159,0.142567528149,0.144701644149,0.146503309917,0.14856235651,0.15080371452,0.152734070701,0.154836014098,0.156702025072,0.159072073494,0.161367052509,0.163640583122,0.165839044328,0.168016057132,0.170182345735,0.172573842558,0.174418405131,0.176531072729,0.178933293754,0.181271169573,0.183512527583,0.186107784226,0.188306245431,0.19085860527,0.193228653692,0.195266251883,0.197593403501,0.199652450094,0.201797290295,0.203942130496,0.206183488505,0.20847846752,0.211062999962,0.213207840163,0.215041678535,0.21755114157,0.219835396384,0.222023133388,0.224403906011,0.226655988222,0.228918794634,0.230656115197,0.233047612021,0.234892174593,0.236736737166,0.239138958191,0.241541179216,0.24361095001,0.245820135417,0.248082941829,0.250410093446,0.252436967436,0.254656877044,0.256919683456,0.259193214069,0.261348778471,0.263279134651,0.265777873485,0.267954886289,0.269745827857,0.271944289063,0.274035508258,0.276330487273,0.278518224278,0.280630891876,0.28270066267,0.284566673645,0.286593547634,0.288598973222,0.291108436257,0.293070965041,0.294786837201,0.296738641784,0.29893710299,0.301017597985,0.303130265583,0.305039173361,0.307130392557,0.309200163351,0.311484418165,0.313221738728,0.315109198104,0.31741490132,0.319624086727,0.3214686493,0.323752904114,0.325876295912,0.327613616475,0.32990859549,0.331785330666,0.333876549862,0.335849802846,0.337630020213,0.339549652193,0.341501456775,0.343421088755,0.345297823931,0.347324697921,0.349158536292,0.351206858684,0.353040697056,0.354456291588,0.356375923568,0.358274107146,0.359861288895,0.361705851467,0.363496793035,0.365437873417,0.367110848773,0.368762375728,0.370746352914,0.372376431466,0.373609714582,0.375111102722,0.376773353878,0.378381984029,0.379668888149,0.380805653456,0.38181372835,0.382929045254,0.384344639787,0.385878200531,0.387250898259,0.388141006942,0.389846154902,0.391326094641,0.392666619766,0.393781936671,0.394875805173,0.395905328469,0.397009921173,0.397792787846,0.399015346761,0.400334423484,0.401020772348,0.401578430801,0.402565057293,