# R script for Peak Model
#  -- generated by MACS
p <- c(0.0370364008777,0.0378952159705,0.0386466791767,0.0395591702129,0.0403643093624,0.0413841522851,0.0420282636047,0.0427797268109,0.0433701621872,0.0439605975635,0.0448194126564,0.0455171999193,0.0462686631255,0.0471274782183,0.0480936451977,0.0491671640637,0.0505627385896,0.0513678777391,0.0518509612288,0.052602424435,0.0534075635845,0.0537832951876,0.0545884343371,0.0556619532032,0.0563597404661,0.0571112036723,0.0578089909352,0.0584531022548,0.0595266211208,0.0604927881003,0.0614589550797,0.0625324739457,0.0634449649818,0.0645184838478,0.0646795116777,0.0642501041313,0.0639280484715,0.0640354003581,0.0637133446983,0.0640354003581,0.0633912890385,0.0630692333787,0.063122909322,0.0626935017756,0.063122909322,0.0630692333787,0.0632839371519,0.063122909322,0.063122909322,0.0634986409251,0.063659668755,0.0636059928117,0.0637133446983,0.0633376130952,0.0634986409251,0.0634449649818,0.0636059928117,0.0631765852653,0.0630155574354,0.0626398258323,0.062586149889,0.0624787980024,0.0625324739457,0.0628545296055,0.0624787980024,0.0621567423426,0.0621030663993,0.0622640942292,0.0622104182859,0.0621567423426,0.0623714461158,0.062586149889,0.0626398258323,0.062586149889,0.0629082055488,0.0630692333787,0.0632839371519,0.0637133446983,0.0636059928117,0.0639280484715,0.0639817244148,0.0643037800746,0.0640890763014,0.0643037800746,0.0640890763014,0.0639817244148,0.0645721597911,0.0641427522447,0.0641427522447,0.064733187621,0.0646258357344,0.0640354003581,0.0640890763014,0.0639817244148,0.0639817244148,0.0643574560179,0.0641427522447,0.0637670206416,0.0634449649818,0.0632302612086,0.063122909322,0.0629618814921,0.0628008536622,0.0628545296055,0.0629618814921,0.0628545296055,0.0630155574354,0.062586149889,0.0626935017756,0.0619957145127,0.0614589550797,0.0615663069663,0.0609221956467,0.0608685197034,0.0608685197034,0.06097587159,0.0608685197034,0.0611905753632,0.0612979272498,0.06097587159,0.0607611678168,0.0610832234766,0.0608685197034,0.0607074918735,0.0606001399869,0.0609221956467,0.0608685197034,0.0609221956467,0.06097587159,0.06097587159,0.0606538159302,0.0606538159302,0.0604927881003,0.0605464640436,0.0607611678168,0.0607611678168,0.0613516031931,0.0616736588529,0.0617273347962,0.0614589550797,0.0616736588529,0.0617273347962,0.0616199829096,0.0616736588529,0.062049390456,0.062049390456,0.0621030663993,0.062049390456,0.0618883626261,0.0615663069663,0.0619957145127,0.0616199829096,0.0612442513065,0.061512631023,0.0612442513065,0.062049390456,0.0621030663993,0.062049390456,0.0621567423426,0.0625324739457,0.0628545296055,0.063122909322,0.0637133446983,0.0638743725282,0.0637670206416,0.064196428188,0.0646258357344,0.0649478913942,0.0655383267706,0.0655383267706,0.0655920027139,0.0661287621469,0.065967734317,0.0661824380902,0.065967734317,0.0656993546005,0.0655920027139,0.0663971418634,0.0667191975232,0.0667728734665,0.0668802253531,0.0669875772397,0.0666655215799,0.0666655215799,0.0666118456366,0.0661824380902,0.0659140583737,0.0665581696933,0.0667191975232,0.0667728734665,0.0672022810129,0.0675243366727,0.0676316885593,0.0673096328995,0.0676316885593,0.0681684479923,0.0684368277088,0.0684905036521,0.0687588833686,0.0685978555387,0.0690272630851,0.0694029946882,0.0694029946882,0.0690809390284,0.0682221239356,0.0680610961057,0.0682221239356,0.068651531482,0.0683831517655,0.0679537442191,0.0682221239356,0.0684905036521,0.0684905036521,0.0683831517655,0.0683831517655,0.0682757998789,0.0685441795954,0.0688125593119,0.0684905036521,0.0687588833686,0.0689735871418,0.0688662352552,0.069188290915,0.0690272630851,0.0688662352552,0.0690272630851,0.0692956428016,0.0690272630851,0.0685978555387,0.0685441795954,0.0682757998789,0.0681684479923,0.0684905036521,0.0679000682758,0.0674169847861,0.0672022810129,0.0662897899768,0.0661824380902,0.0657530305438,0.0651625951674,0.065269947054,0.0650015673375,0.0650552432808,0.0654846508273,0.0656456786572,0.065430974884,0.0649478913942,0.0650015673375,0.0648942154509,0.0648405395076,0.0651625951674,0.064733187621,0.064733187621,0.0643574560179,0.0651089192241,0.0651089192241,0.0652162711107,0.0647868635643,0.0641427522447,0.0634986409251,0.063659668755,0.064196428188,0.064733187621,0.0643574560179,0.0643574560179,0.0638743725282,0.0638743725282,0.0639817244148,0.0637133446983,0.0633912890385,0.0637670206416,0.0643574560179,0.0645721597911,0.0651625951674,0.0649478913942,0.0648405395076,0.0651625951674,0.0652162711107,0.0650552432808,0.0650015673375,0.0652162711107,0.0657530305438,0.0660750862036,0.0667728734665,0.0672022810129,0.0672559569562,0.067578012616,0.067578012616,0.0677927163892,0.0682221239356,0.0685978555387,0.0687588833686,0.0695640225181,0.0699397541212,0.0705301894976,0.0709059211007,0.071496356477,0.0717647361935,0.0717647361935,0.0720867918533,0.0719257640234,0.0726772272296,0.0735897182657,0.0738044220389,0.0743411814719,0.0749852927915,0.0753073484513,0.0760051357143,0.0763808673174,0.076488219204,0.077024978637,0.0774543861834,0.0779374696731,0.0785279050494,0.0787426088226,0.0792256923123,0.0800308314618,0.0806212668381,0.0805139149515,0.0813727300444,0.0819631654207,0.0830366842867,0.0827683045702,0.0826609526836,0.0828756564568,0.0832513880599,0.0838418234362,0.0842175550393,0.084163879096,0.0845396106991,0.0836807956063,0.084163879096,0.0838954993795,0.0845932866424,0.0845396106991,0.084700638529,0.0848079904156,0.0852910739053,0.0847543144723,0.0842712309826,0.0843785828692,0.0834660918331,0.0835734437197,0.083627119663,0.0837881474929,0.0843249069259,0.0849690182455,0.0851300460754,0.0846469625857,0.0843785828692,0.0842712309826,0.0839491753228,0.0836807956063,0.0840565272094,0.0841102031527,0.0842175550393,0.0841102031527,0.0839491753228,0.0835197677764,0.0831977121166,0.0828219805135,0.0826609526836,0.0821241932506,0.0821778691939,0.0822315451372,0.0822852210805,0.0822852210805,0.0822315451372,0.0823925729671,0.0827683045702,0.0824462489104,0.0823925729671,0.0823925729671,0.0820705173073,0.0822315451372,0.0817484616475,0.0813727300444,0.0815337578743,0.0817484616475,0.081480081931,0.0813190541011,0.0809969984413,0.0813190541011,0.0808359706113,0.080245535235,0.0796550998587,0.0800845074051,0.0798698036319,0.0793867201422,0.0788499607092,0.0789573125958,0.0792793682556,0.0790646644824,0.0795477479721,0.0795477479721,0.0798161276886,0.079708775802,0.0793867201422,0.0795477479721,0.0790109885391,0.0793330441989,0.0792256923123,0.0789573125958,0.0785815809927,0.0787426088226,0.0784742291061,0.0789036366525,0.0794940720288,0.0799234795752,0.0809433224979,0.0809969984413,0.0808896465546,0.080782294668,0.0806749427814,0.0800845074051,0.0796014239154,0.0798698036319,0.079708775802,0.0799771555185,0.079708775802,0.0798698036319,0.0792793682556,0.079172016369,0.0787426088226,0.0789573125958,0.078635256936,0.0787962847659,0.0788499607092,0.0789573125958,0.0787426088226,0.0791183404257,0.0792793682556,0.0791183404257,0.079172016369,0.0793330441989,0.0794403960855,0.0796014239154,0.0793867201422,0.079172016369,0.0798698036319,0.0801918592917,0.0801918592917,0.0802992111783,0.0802992111783,0.0805675908948,0.0811043503279,0.0807286187247,0.0810506743846,0.0813190541011,0.0812653781578,0.0812653781578,0.0815337578743,0.0816947857042,0.0818558135341,0.0815337578743,0.0817484616475,0.0823388970238,0.0824462489104,0.0823925729671,0.0819631654207,0.0819094894774,0.081480081931,0.0812653781578,0.0808359706113,0.0810506743846,0.0806749427814,0.0809433224979,0.081480081931,0.0815337578743,0.0818021375908,0.082016841364,0.0823388970238,0.0824462489104,0.0828756564568,0.0827146286269,0.0822852210805,0.0820705173073,0.0811580262712,0.0815874338176,0.0811580262712,0.0815337578743,0.0815337578743,0.0816947857042,0.0821241932506,0.0823388970238,0.0827146286269,0.0826072767403,0.0833587399465,0.0834660918331,0.0840028512661,0.0846469625857,0.0854521017352,0.0858278333383,0.086471944658,0.0870623800343,0.0874917875807,0.0875991394673,0.0884579545601,0.0884042786168,0.0895314734261,