# R script for Peak Model
#  -- generated by MACS
p <- c(0.0360995535147,0.0371442351277,0.0381889167406,0.0393496740884,0.0405104314361,0.0414390373143,0.0426578325294,0.0441087792141,0.0450954229597,0.0463142181748,0.0475330133899,0.048751808605,0.0500866795549,0.050841171831,0.0518858534439,0.0529885729243,0.0538591409351,0.0553100876198,0.0564128071001,0.0573994508457,0.0582700188565,0.0589664732651,0.0596048898064,0.0606495714194,0.0615781772976,0.0624487453084,0.0634353890539,0.0648282978712,0.065989055219,0.0670917746993,0.0681944941797,0.0691231000579,0.070341895273,0.0710383496816,0.0707481603447,0.0706901224773,0.0710383496816,0.0714446147533,0.0719089176924,0.0716767662229,0.0717928419577,0.0714446147533,0.0710383496816,0.071386576886,0.0715606904881,0.0710383496816,0.0711544254164,0.0713285390186,0.071386576886,0.0713285390186,0.0719669555598,0.0722571448968,0.0727794857032,0.0729535993054,0.0725473342337,0.0731277129076,0.0733598643771,0.0731277129076,0.0741143566531,0.0743465081227,0.0748688489292,0.0752751140009,0.0753331518683,0.0752751140009,0.0752170761335,0.0745786595922,0.0742884702553,0.0741143566531,0.0737080915814,0.0733598643771,0.0730116371728,0.0731277129076,0.0730696750402,0.0724892963663,0.0727214478359,0.0721991070294,0.0720249934272,0.0717348040903,0.0715026526207,0.0712705011512,0.0710383496816,0.0710383496816,0.0708061982121,0.0706320846099,0.0705160088752,0.0706901224773,0.071096387549,0.0713285390186,0.0720830312946,0.0724312584989,0.0721991070294,0.0723732206315,0.0722571448968,0.0719089176924,0.0718508798251,0.0713285390186,0.071386576886,0.0711544254164,0.0709803118142,0.0704579710078,0.0707481603447,0.0708642360795,0.0703999331404,0.0698195544665,0.0697034787317,0.0695293651296,0.06929721366,0.0692391757926,0.0691811379253,0.0686007592514,0.0680784184449,0.0684266456492,0.0683686077818,0.0679043048427,0.0683105699144,0.0682525320471,0.0678462669754,0.0673239261689,0.0665694338928,0.0665113960255,0.0666274717602,0.0665113960255,0.0665113960255,0.0669756989645,0.0663953202907,0.0661631688211,0.0655827901473,0.0650604493408,0.0650024114734,0.0646541842691,0.0648282978712,0.0648282978712,0.0647122221365,0.0648863357386,0.065698865882,0.0658729794842,0.0662212066885,0.0665113960255,0.0666855096276,0.066743547495,0.0662212066885,0.0663953202907,0.0662212066885,0.0662212066885,0.0658729794842,0.0662212066885,0.0662212066885,0.065989055219,0.0663953202907,0.0658729794842,0.0658729794842,0.0655827901473,0.0652926008103,0.0651184872082,0.0646541842691,0.0639577298604,0.0646541842691,0.0650604493408,0.0652926008103,0.0655827901473,0.065698865882,0.0658729794842,0.0659310173516,0.0665113960255,0.0669756989645,0.0668596232298,0.0666274717602,0.0663372824233,0.0665694338928,0.0666855096276,0.0666855096276,0.0668596232298,0.0666855096276,0.0670337368319,0.0672078504341,0.0674400019036,0.0672658883015,0.0668015853624,0.0670337368319,0.0679623427101,0.067498039771,0.067498039771,0.0673819640363,0.0674400019036,0.0679043048427,0.0679043048427,0.0680203805775,0.0680784184449,0.0676141155058,0.0671498125667,0.0671498125667,0.0673819640363,0.0676141155058,0.0679043048427,0.0679043048427,0.0680203805775,0.068542721384,0.0689489864557,0.0694713272622,0.0690070243231,0.0686587971188,0.0684846835166,0.0684846835166,0.0681364563123,0.0678462669754,0.067788229108,0.0680203805775,0.0677301912406,0.0678462669754,0.0676721533732,0.0678462669754,0.0679623427101,0.0681944941797,0.0680203805775,0.0681364563123,0.0684266456492,0.0684846835166,0.0686587971188,0.0686007592514,0.0689489864557,0.0688909485883,0.0691811379253,0.0686587971188,0.0681944941797,0.0676141155058,0.0670917746993,0.0665113960255,0.0663953202907,0.0660470930864,0.0655827901473,0.0648863357386,0.0650604493408,0.0648282978712,0.0647122221365,0.0643059570647,0.0640738055952,0.0636095026561,0.0636675405235,0.0640157677278,0.0630871618496,0.0629130482475,0.0630871618496,0.0630291239822,0.0634353890539,0.0630871618496,0.062390707441,0.0622165938388,0.0619264045019,0.0616942530323,0.0612299500932,0.0610558364911,0.0611138743585,0.0609397607563,0.0607656471541,0.0612299500932,0.0611719122259,0.0611719122259,0.0608236850215,0.0604754578172,0.0601272306129,0.0601272306129,0.0601272306129,0.0596048898064,0.0596048898064,0.0597790034086,0.0605334956846,0.0603593820824,0.0603593820824,0.0607076092868,0.0612299500932,0.0612299500932,0.0621585559714,0.0626808967779,0.0636675405235,0.0643059570647,0.0650024114734,0.0651184872082,0.0655827901473,0.0658729794842,0.0665694338928,0.0671498125667,0.067498039771,0.0676721533732,0.0680203805775,0.0684846835166,0.0688909485883,0.0691231000579,0.06929721366,0.0701097438034,0.0705740467425,0.0713285390186,0.0721991070294,0.072895561438,0.0737661294488,0.0745206217249,0.0751010003987,0.0755072654704,0.0753911897357,0.076493909216,0.0771903636247,0.0778868180333,0.0788734617789,0.0791056132484,0.0793958025854,0.0798601055245,0.0807306735353,0.0814851658113,0.0817753551482,0.0821235823525,0.0823557338221,0.0828200367612,0.0829941503633,0.0838066805068,0.0845031349154,0.0851995893241,0.0860121194675,0.0859540816001,0.0863023088044,0.0867085738761,0.0868246496109,0.0867085738761,0.086998763213,0.0868246496109,0.0874050282848,0.0882175584282,0.089088126439,0.0894943915107,0.0901328080519,0.0899586944498,0.0897845808476,0.0901328080519,0.0900167323172,0.0897845808476,0.0904810352563,0.0902488837867,0.0904229973889,0.0905390731237,0.0904810352563,0.0906551488584,0.0903649595215,0.0901908459193,0.089842618715,0.0901908459193,0.0899006565824,0.0897845808476,0.0893202779085,0.088797937102,0.0886818613673,0.0886238234999,0.0890300885716,0.0883916720303,0.0881014826934,0.0875791418869,0.0874630661521,0.0868826874783,0.0864183845392,0.0864183845392,0.0860121194675,0.0854317407936,0.0848513621197,0.084445097048,0.0843290213132,0.0843870591806,0.0843870591806,0.0839227562415,0.0841549077111,0.0837486426394,0.0835745290372,0.0839227562415,0.083690604772,0.0834004154351,0.0833423775677,0.0831682639655,0.0832263018329,0.0830521882307,0.0831102260981,0.0835164911698,0.0835745290372,0.0829941503633,0.0827039610264,0.0822976959547,0.0816592794134,0.081891430883,0.081136938607,0.0809047871374,0.0807887114026,0.0807306735353,0.0806726356679,0.0804985220657,0.0796859919223,0.0787573860441,0.0781189695028,0.0774805529616,0.077248401492,0.0778868180333,0.0780609316355,0.0776546665637,0.0776546665637,0.0784671967072,0.0783511209724,0.0780609316355,0.0774805529616,0.0774805529616,0.0769001742877,0.0763778334812,0.0760876441443,0.0758554926748,0.0760876441443,0.07573941694,0.0759135305421,0.0756233412052,0.0759715684095,0.0757974548074,0.0761456820117,0.0761456820117,0.0759135305421,0.0765519470834,0.0766680228182,0.0774805529616,0.0779448559007,0.0779448559007,0.0781770073702,0.0781189695028,0.077538590829,0.0781189695028,0.078293083105,0.0787573860441,0.0780609316355,0.077538590829,0.0771323257573,0.0767840985529,0.0764358713486,0.0763197956138,0.0761456820117,0.07573941694,0.0753911897357,0.0746366974596,0.0748688489292,0.0746366974596,0.0742884702553,0.0748108110618,0.0750429625313,0.0744045459901,0.0739982809184,0.0738822051836,0.073650053714,0.0738241673162,0.0737661294488,0.0735920158467,0.0737080915814,0.0738822051836,0.0742884702553,0.0753331518683,0.0749849246639,0.0752170761335,0.0757974548074,0.0763197956138,0.0764358713486,0.0763778334812,0.0762037198791,0.0759135305421,0.0762617577465,0.0766099849508,0.0763778334812,0.0760876441443,0.0756813790726,0.0756813790726,0.07573941694,0.0755653033378,0.0758554926748,0.0756233412052,0.07573941694,0.0753331518683,0.0753911897357,0.0762617577465,0.0761456820117,0.0765519470834,0.076493909216,0.0763197956138,0.0759135305421,0.0760296062769,0.0760296062769,0.0759715684095,0.0756813790726,0.075449227603,0.0748108110618,0.0749268867966,0.0751010003987,0.0751590382661,0.0760296062769,0.0756813790726,0.0759135305421,0.0752751140009,0.0763778334812,0.0767840985529,0.0776546665637,0.0781770073702,0.0786413103093,0.0792216889832,