# R script for Peak Model
#  -- generated by MACS
p <- c(0.0141101628264,0.0147481875803,0.0156070670566,0.0164414071194,0.0173984442503,0.0180610084178,0.0186008755172,0.0192143608575,0.0199014644386,0.0205640286061,0.021324750428,0.0218891569411,0.0226989575902,0.023533297653,0.0240977041661,0.0248338865744,0.0253246748466,0.0258400025325,0.0257173054644,0.0256682266372,0.0257663842916,0.0255209901555,0.02561914781,0.0254719113283,0.0253982930875,0.0250302018833,0.0249320442289,0.0247848077472,0.0249811230561,0.0245639530247,0.0239504676844,0.0238277706164,0.0237541523755,0.0236069158939,0.0235823764802,0.023533297653,0.0231652064489,0.0230425093808,0.0227480364175,0.0225762605222,0.0222572481452,0.0224290240405,0.022649878763,0.0229198123127,0.0229198123127,0.0231652064489,0.0231406670352,0.0235087582394,0.0234351399986,0.0232879035169,0.0235823764802,0.0237050735483,0.0241713224069,0.024294019475,0.0244657953702,0.0242449406477,0.0243185588886,0.0242204012341,0.0241958618205,0.0241958618205,0.0244657953702,0.0246130318519,0.0247602683336,0.0247111895064,0.0245148741975,0.0245884924383,0.0249565836425,0.0249320442289,0.0249565836425,0.0250547412969,0.025177438365,0.025300135433,0.0254719113283,0.0255209901555,0.0255455295691,0.0254228325011,0.0255209901555,0.0254228325011,0.0252510566058,0.0251283595377,0.0250792807105,0.0248829654016,0.024858425988,0.0246866500927,0.02473572892,0.02473572892,0.0245394136111,0.024416716543,0.0240731647525,0.0241222435797,0.0241958618205,0.0243430983022,0.0240486253389,0.0241222435797,0.0243676377158,0.0242449406477,0.0240240859252,0.0239259282708,0.0238768494436,0.0241467829933,0.0242449406477,0.0243185588886,0.0243921771294,0.0245148741975,0.0245394136111,0.0247111895064,0.0249320442289,0.024858425988,0.0248829654016,0.0250056624697,0.025300135433,0.0255700689827,0.0256436872236,0.0255209901555,0.0254719113283,0.02561914781,0.0257173054644,0.0259872390141,0.026183554323,0.0262571725639,0.0259381601869,0.0261344754958,0.0261099360822,0.0261344754958,0.0263798696319,0.0263307908047,0.0259626996005,0.0255946083964,0.0255946083964,0.0254964507419,0.0255209901555,0.0254719113283,0.0254719113283,0.0253737536739,0.0252265171922,0.0250056624697,0.0250792807105,0.0251038201241,0.0250547412969,0.0251038201241,0.0250547412969,0.0251283595377,0.0252265171922,0.0251528989514,0.0249565836425,0.0249565836425,0.0247602683336,0.0246866500927,0.0245639530247,0.02473572892,0.0251528989514,0.0249320442289,0.0250547412969,0.024858425988,0.0244903347839,0.0243676377158,0.0245148741975,0.0243676377158,0.0244657953702,0.0242449406477,0.0241958618205,0.0243430983022,0.0247848077472,0.0252019777786,0.0254719113283,0.0255455295691,0.0254473719147,0.0255209901555,0.0256436872236,0.0259136207733,0.0262080937366,0.0264534878727,0.0263798696319,0.0264534878727,0.0263798696319,0.0264534878727,0.0263798696319,0.0259872390141,0.0257173054644,0.0259136207733,0.0262817119775,0.0263307908047,0.0263307908047,0.0262326331502,0.0262326331502,0.026060857255,0.0258400025325,0.0258890813597,0.025741844878,0.0255455295691,0.0256436872236,0.0255946083964,0.0256436872236,0.025741844878,0.0258645419461,0.0261099360822,0.0263307908047,0.0263307908047,0.0262080937366,0.0262817119775,0.0259872390141,0.0260117784277,0.026183554323,0.0263553302183,0.0263553302183,0.0264289484591,0.0263062513911,0.0262817119775,0.0262817119775,0.0262080937366,0.0263307908047,0.0264534878727,0.0267234214225,0.026944276145,0.027066973213,0.0271896702811,0.0270915126266,0.0270915126266,0.0269197367314,0.0267970396633,0.0265516455272,0.0267725002497,0.0267725002497,0.0266498031816,0.0265761849408,0.026944276145,0.0272387491083,0.0273614461764,0.02738598559,0.0272142096947,0.026944276145,0.026944276145,0.0267725002497,0.0266498031816,0.0266988820089,0.026625263768,0.0267479608361,0.0267970396633,0.0266988820089,0.0265271061136,0.0264289484591,0.0264780272864,0.0265025667,0.0264044090455,0.026625263768,0.0267725002497,0.026625263768,0.0265271061136,0.0263798696319,0.0265025667,0.0268461184905,0.0267234214225,0.0267234214225,0.0267479608361,0.0271405914539,0.0275332220716,0.0279013132758,0.0278522344486,0.0277049979669,0.0277786162077,0.0279013132758,0.0276804585533,0.0276068403125,0.0277540767941,0.0277295373805,0.0277540767941,0.0279749315166,0.0280976285847,0.0279994709302,0.0283184833072,0.0284902592025,0.0286374956841,0.0286374956841,0.0290055868883,0.0293000598516,0.0296436116422,0.0295209145741,0.0293245992652,0.0295454539877,0.0299135451919,0.0298644663647,0.0301343999144,0.0304288728777,0.0305515699458,0.0307478852547,0.030600648773,0.0303307152233,0.0304288728777,0.0306251881866,0.0308951217364,0.0307969640819,0.0307724246683,0.0309442005636,0.03091966115,0.0312877523541,0.0315822253175,0.0316558435583,0.0319503165216,0.0321220924169,0.0319993953488,0.0325147230347,0.0328337354116,0.0329809718933,0.033250905443,0.0336680754744,0.0335208389927,0.0336189966472,0.0339625484377,0.0341097849194,0.0339380090241,0.0339380090241,0.0342570214011,0.0346005731916,0.0350668220502,0.0352385979455,0.0352140585319,0.0354349132544,0.0355085314952,0.0357539256313,0.035778465045,0.0362447139036,0.0368581992438,0.0371772116208,0.0373980663433,0.0376189210658,0.0377170787202,0.0377170787202,0.0377170787202,0.0379624728563,0.0382569458197,0.0383551034741,0.0386741158511,0.038993128228,0.0390422070552,0.0394102982594,0.0399501653588,0.0399992441861,0.0401955594949,0.0404900324583,0.0404900324583,0.040759966008,0.0411280572122,0.0411525966258,0.0414961484163,0.0420605549294,0.0427967373377,0.0432629861963,0.0431648285419,0.0433611438508,0.0441709444999,0.0444654174633,0.0449807451491,0.0457660063847,0.0463549523113,0.0466494252747,0.0476310018191,0.0479009353688,0.0482935659866,0.0486616571908,0.0492506031174,0.0494469184263,0.0499377066985,0.0506984285205,0.0512873744472,0.0516554656513,0.0525879633685,0.0533241457769,0.0537413158083,0.0542811829077,0.055017365316,0.0552872988658,0.0559989418605,0.0564406513055,0.0572995307819,0.0579130161221,0.0584774226352,0.0590663685619,0.0596062356613,0.0603914968969,0.0609068245827,0.0615693887502,0.0619129405408,0.062845438258,0.0636797783208,0.0645631972108,0.0649312884149,0.0659128649594,0.0667226656085,0.0667717444357,0.0667717444357,0.0679987151163,0.0688330551791,0.0694956193466,0.0697410134827,0.0705017353046,0.0710170629905,0.0723421913255,0.0732010708019,0.074010871451,0.0748206721002,0.0755568545085,0.0760231033671,0.0766856675346,0.0773973105293,0.0781580323513,0.0788205965188,0.0798267124768,0.0807101313668,0.0820107202882,0.0828205209374,0.0835076245185,0.084611898131,0.0851517652304,0.0863541964974,0.0873112336282,0.0883909678271,0.0893970837852,0.0905013573977,0.0914093157013,0.092562668141,0.0939123358896,0.0946239788843,0.0955319371879,0.0966362108004,0.0980349573763,0.0992373886432,0.0999735710515,0.100783371701,0.102034881795,0.103605404266,0.104905993187,0.106525594486,0.107826183407,0.109151311742,0.110623676559,0.112439593166,0.114010115637,0.115507019867,0.117126621166,0.118623525396,0.120243126694,0.122034503888,0.123874959909,0.125200088244,0.126917847197,0.12843929084,0.130966850442,0.132807306463,0.135531181374,0.13808328039,0.140414524683,0.142598532494,0.144733461478,0.147702730525,0.150033974818,0.152708770902,0.155678039949,0.158107441896,0.160806777393,0.163457034063,0.165886436011,0.169640966293,0.172291222963,0.175235952597,0.178205221644,0.182205146062,0.18524803335,0.188315460051,0.191014795549,0.195014719967,0.198033067841,0.201861216365,0.205934759024,0.210400932301,0.21467079027,0.218670714688,0.222866954416,0.227284048866,0.231333052112,0.236388171316,0.240510792802,0.245762227315,0.250056624697,0.254645495042,0.259283444215,0.264044090455,0.269589997931,0.274105250036,0.278865896276,0.283282990726,0.288215412862,0.293147834998,0.297908481239,0.303331691647,0.308779441468,0.313785481845,0.319135074012,0.324092035562,0.329318930661,0.335232929341,0.340803376231,0.345343167749,0.350839996398,0.356655837423,0.362987006135,