# R script for Peak Model
#  -- generated by MACS
p <- c(0.0371777377388,0.0391649664821,0.0406553880395,0.0417318036088,0.0424770143875,0.0437190323521,0.0442986407355,0.0456234598977,0.0472794838505,0.0483558994197,0.0498463209772,0.0511711401394,0.0523303569063,0.0532411700803,0.0551455976259,0.0563876155905,0.0577952359503,0.0587888503219,0.0592856575078,0.0605276754723,0.0616868922392,0.0622665006227,0.063094512599,0.0637569221801,0.0650817413423,0.0661581569116,0.0678141808643,0.0688905964336,0.0704638191887,0.0709606263745,0.0727822527225,0.0735274635012,0.0746866802681,0.0754318910469,0.0762599030232,0.0765083066161,0.0765911078138,0.0761771018256,0.0762599030232,0.076094300628,0.0762599030232,0.0756802946398,0.0759286982327,0.0754318910469,0.0757630958374,0.0749350838611,0.0750178850587,0.075183487454,0.075183487454,0.075183487454,0.0763427042209,0.076094300628,0.0754318910469,0.0756802946398,0.0759286982327,0.0767567102091,0.0769223126043,0.0765083066161,0.0763427042209,0.0761771018256,0.076094300628,0.0761771018256,0.076094300628,0.0765911078138,0.0765911078138,0.0759286982327,0.0760114994303,0.0761771018256,0.0756802946398,0.0753490898492,0.0758458970351,0.0744382766752,0.0740242706871,0.0741070718847,0.0749350838611,0.0751006862563,0.0754318910469,0.0750178850587,0.0741070718847,0.0741070718847,0.0734446623036,0.0732790599083,0.0736102646989,0.0739414694894,0.0731962587107,0.0731962587107,0.0726994515249,0.073113457513,0.073361861106,0.0730306563154,0.0723682467343,0.0728650539201,0.0732790599083,0.0739414694894,0.0735274635012,0.0731962587107,0.0725338491296,0.0729478551178,0.0721198431414,0.0723682467343,0.071540234758,0.0717058371532,0.0718714395485,0.0721198431414,0.0725338491296,0.0720370419438,0.0717886383509,0.0717886383509,0.071540234758,0.0717058371532,0.0721198431414,0.0725338491296,0.0730306563154,0.0732790599083,0.0729478551178,0.0728650539201,0.0726166503272,0.0734446623036,0.0736102646989,0.073361861106,0.0726994515249,0.0726994515249,0.072451047932,0.0726994515249,0.073113457513,0.072451047932,0.0725338491296,0.072202644339,0.0720370419438,0.0717058371532,0.0719542407461,0.0721198431414,0.0719542407461,0.071540234758,0.0719542407461,0.0717886383509,0.0714574335603,0.0713746323627,0.0721198431414,0.0720370419438,0.0721198431414,0.0722854455367,0.0720370419438,0.072202644339,0.072202644339,0.0717886383509,0.072451047932,0.0728650539201,0.0740242706871,0.0739414694894,0.0743554754776,0.07427267428,0.07427267428,0.07427267428,0.0739414694894,0.0738586682918,0.0741070718847,0.0735274635012,0.0741898730823,0.0741070718847,0.0743554754776,0.0745210778729,0.0741898730823,0.0741070718847,0.0749350838611,0.0754318910469,0.0755146922445,0.0753490898492,0.0752662886516,0.0757630958374,0.0753490898492,0.0755146922445,0.0754318910469,0.0750178850587,0.0747694814658,0.0750178850587,0.0752662886516,0.0752662886516,0.0750178850587,0.0746866802681,0.0744382766752,0.0745210778729,0.07427267428,0.0740242706871,0.0741070718847,0.0744382766752,0.0741070718847,0.0734446623036,0.0736102646989,0.07427267428,0.0743554754776,0.0745210778729,0.0748522826634,0.07427267428,0.0736930658965,0.0743554754776,0.0739414694894,0.0737758670941,0.0740242706871,0.0739414694894,0.0736102646989,0.0734446623036,0.0736102646989,0.0736930658965,0.073361861106,0.07427267428,0.0744382766752,0.07427267428,0.0739414694894,0.0741898730823,0.073361861106,0.073113457513,0.0732790599083,0.0729478551178,0.0721198431414,0.0721198431414,0.0713746323627,0.0707950239792,0.0700498132005,0.0701326143981,0.06971860841,0.0695530060147,0.0688905964336,0.068559391643,0.0688905964336,0.0684765904454,0.0682281868525,0.0684765904454,0.0678969820619,0.0683109880501,0.0684765904454,0.0683109880501,0.0683937892478,0.0678141808643,0.0668205664927,0.0663237593069,0.0668205664927,0.0665721628998,0.0669861688879,0.0669033676903,0.0671517712832,0.0670689700856,0.0669861688879,0.0674829760738,0.0678141808643,0.0682281868525,0.0683109880501,0.0683937892478,0.0686421928407,0.0692218012241,0.0689733976312,0.0689733976312,0.0687249940383,0.0689733976312,0.068807795236,0.0688905964336,0.0698842108052,0.0696358072123,0.0698842108052,0.06971860841,0.06971860841,0.06971860841,0.0700498132005,0.0704638191887,0.0701326143981,0.0698842108052,0.070381017991,0.0704638191887,0.0708778251769,0.0707950239792,0.0709606263745,0.070629421584,0.0707122227816,0.070381017991,0.0702154155958,0.0699670120029,0.0704638191887,0.0710434275721,0.0716230359556,0.0716230359556,0.0718714395485,0.0725338491296,0.0721198431414,0.0719542407461,0.0726166503272,0.0729478551178,0.073113457513,0.0737758670941,0.073361861106,0.0741070718847,0.0741898730823,0.0745210778729,0.0748522826634,0.0750178850587,0.0751006862563,0.0755974934421,0.075183487454,0.0757630958374,0.076094300628,0.0762599030232,0.0764255054185,0.0768395114067,0.0775019209878,0.07882674015,0.0790751437429,0.079737553324,0.0794891497311,0.0802343605098,0.0808139688932,0.0813107760791,0.0818075832649,0.0819731856602,0.0823043904507,0.0825527940436,0.0821387880554,0.0819731856602,0.0814763784743,0.0822215892531,0.082469992846,0.0827183964389,0.0834636072176,0.084291619194,0.0843744203916,0.0852852335656,0.0864444503325,0.0869412575183,0.0866928539254,0.0875208659018,0.0867756551231,0.0863616491349,0.0860304443443,0.0859476431467,0.086113245542,0.0867756551231,0.08793487189,0.0878520706924,0.0880176730876,0.0881004742853,0.0881004742853,0.088845685064,0.0890112874593,0.0890112874593,0.0893424922498,0.0898392994356,0.0899221006333,0.0898392994356,0.0895080946451,0.0895908958427,0.089756498238,0.0900877030285,0.0905017090167,0.090667311412,0.0914125221907,0.0919921305742,0.091578124586,0.0918265281789,0.0918265281789,0.0916609257836,0.0922405341671,0.0917437269813,0.0927373413529,0.0925717389576,0.0925717389576,0.0931513473411,0.0928201425505,0.0929857449458,0.0936481545269,0.0933169497364,0.0936481545269,0.0938137569222,0.0944761665033,0.0941449617127,0.0937309557245,0.0929857449458,0.0937309557245,0.093399750934,0.0928201425505,0.0919921305742,0.0919921305742,0.0916609257836,0.0918265281789,0.0919093293765,0.0919093293765,0.0913297209931,0.0919093293765,0.0920749317718,0.0928201425505,0.0927373413529,0.0933169497364,0.0930685461435,0.09248893776,0.0920749317718,0.0920749317718,0.0921577329694,0.0922405341671,0.0922405341671,0.09248893776,0.0925717389576,0.0939793593175,0.0948073712938,0.0955525820725,0.0963805940489,0.0963805940489,0.0964633952465,0.0959665880607,0.0960493892584,0.0959665880607,0.0963805940489,0.0966289976418,0.0963805940489,0.0965461964442,0.0972914072229,0.097953816804,0.0977882144087,0.0982022203969,0.0982022203969,0.0983678227922,0.0978710156064,0.0976226120135,0.0972086060253,0.0972086060253,0.0972914072229,0.0977882144087,0.0975398108158,0.0974570096182,0.0973742084206,0.0972086060253,0.09704300363,0.0969602024324,0.0977054132111,0.0978710156064,0.0982850215946,0.0987818287804,0.0983678227922,0.0986990275827,0.0986990275827,0.0987818287804,0.0987818287804,0.0987818287804,0.0982850215946,0.0980366180016,0.0985334251875,0.0985334251875,0.0986990275827,0.0984506239898,0.0983678227922,0.0990302323733,0.0996098407567,0.0995270395591,0.0999410455473,0.100272250338,0.101183063512,0.1015970695,0.102839087465,0.102839087465,0.102507882674,0.102590683872,0.102921888662,0.102259479081,0.101928274291,0.102507882674,0.102176677883,0.102590683872,0.101762671895,0.101431467105,0.102176677883,0.102176677883,0.102342280279,0.101679870698,0.101017461117,0.101762671895,0.102093876686,0.101514268302,0.1015970695,0.101928274291,0.101928274291,0.102176677883,0.102259479081,0.102093876686,0.102756286267,0.102756286267,0.102756286267,0.102011075488,0.102921888662,0.102673485069,0.102425081476,0.102590683872,0.102756286267,0.102342280279,0.103170292255,0.103667099441,0.10441231022,0.103998304231,0.104495111417,0.105240322196,0.105654328184,0.106482340161,0.106813544951,0.106979147346,0.106813544951,0.107310352137,0.108221165311,0.108717972497,0.109380382078,0.110622400042,