# R script for Peak Model
#  -- generated by MACS
p <- c(0.0372127338739,0.038102603597,0.0398014457956,0.0408531100138,0.0423092604697,0.0433609246879,0.0444934861536,0.0454642531243,0.0461923283522,0.0470013008277,0.0478102733033,0.0485383485312,0.0499136017396,0.0508034714627,0.0516124439382,0.0525023136613,0.0537157723746,0.0550101283354,0.0562235870487,0.0573561485144,0.0582460182375,0.0591358879605,0.0603493466738,0.061401010892,0.0625335723577,0.0632616475857,0.0647177980416,0.0659312567549,0.0667402292304,0.0682772769339,0.0690053521619,0.069895221885,0.0707041943605,0.0712704750934,0.0721603448164,0.0715940640836,0.0719985503213,0.0713513723409,0.070785091608,0.0706232971129,0.0707041943605,0.0705423998654,0.0707041943605,0.0712704750934,0.0712704750934,0.0707041943605,0.0711086805983,0.0710277833507,0.0707041943605,0.0702188108752,0.0699761191325,0.0702188108752,0.0695716328948,0.0699761191325,0.0697334273899,0.0697334273899,0.0703806053703,0.0696525301423,0.0702188108752,0.0704615026178,0.0706232971129,0.0712704750934,0.0718367558262,0.0715940640836,0.0714322695885,0.0711895778458,0.0708659888556,0.0710277833507,0.071513166836,0.0719985503213,0.0715940640836,0.0711086805983,0.0702188108752,0.0696525301423,0.0690053521619,0.069167146657,0.0690862494095,0.0696525301423,0.0699761191325,0.0703806053703,0.0702997081227,0.0704615026178,0.069895221885,0.0705423998654,0.070785091608,0.0709468861031,0.0707041943605,0.0702997081227,0.0703806053703,0.0703806053703,0.070785091608,0.0707041943605,0.0704615026178,0.070785091608,0.0708659888556,0.0712704750934,0.0708659888556,0.0706232971129,0.0711895778458,0.0706232971129,0.0710277833507,0.0711895778458,0.0714322695885,0.0713513723409,0.0711895778458,0.0711895778458,0.0711895778458,0.0707041943605,0.070785091608,0.0712704750934,0.0711086805983,0.0707041943605,0.0711895778458,0.0710277833507,0.0711895778458,0.0714322695885,0.0709468861031,0.070785091608,0.0713513723409,0.0714322695885,0.0710277833507,0.0709468861031,0.0709468861031,0.0707041943605,0.0705423998654,0.0705423998654,0.0696525301423,0.0697334273899,0.0694098383997,0.0693289411521,0.0694098383997,0.0688435576668,0.0683581741815,0.0686817631717,0.068439071429,0.0692480439046,0.069895221885,0.0698143246374,0.0701379136276,0.069895221885,0.0696525301423,0.0704615026178,0.0711086805983,0.0714322695885,0.0712704750934,0.0705423998654,0.0702188108752,0.0694098383997,0.0690862494095,0.0692480439046,0.0694907356472,0.069895221885,0.0708659888556,0.0701379136276,0.069895221885,0.0695716328948,0.0694098383997,0.0697334273899,0.0699761191325,0.0698143246374,0.0697334273899,0.0701379136276,0.0700570163801,0.0699761191325,0.0698143246374,0.0696525301423,0.0698143246374,0.0700570163801,0.069895221885,0.069895221885,0.0700570163801,0.0702188108752,0.0702188108752,0.070785091608,0.070785091608,0.071513166836,0.0712704750934,0.0718367558262,0.0721603448164,0.0718367558262,0.072241242064,0.0727266255493,0.0720794475689,0.0726457283017,0.0723221393115,0.0721603448164,0.0724030365591,0.0727266255493,0.072241242064,0.0726457283017,0.0730502145395,0.0728075227968,0.0732120090346,0.0728884200444,0.0736973925199,0.0741827760052,0.0747490567381,0.0747490567381,0.0746681594905,0.0744254677479,0.074587262243,0.0747490567381,0.0749108512332,0.0747490567381,0.0753962347185,0.0748299539856,0.0741018787577,0.0748299539856,0.0748299539856,0.0746681594905,0.0742636732528,0.0745063649954,0.0737782897675,0.0739400842626,0.073859187015,0.0749108512332,0.075315337471,0.0756389264612,0.0766096934318,0.0762861044416,0.0764478989367,0.0764478989367,0.0760434126989,0.076205207194,0.076205207194,0.076205207194,0.0758816182038,0.0757198237087,0.075315337471,0.075315337471,0.0750726457283,0.0746681594905,0.075315337471,0.074587262243,0.074587262243,0.0746681594905,0.0745063649954,0.0748299539856,0.0746681594905,0.0743445705003,0.0743445705003,0.0745063649954,0.0750726457283,0.0750726457283,0.075315337471,0.0756389264612,0.075315337471,0.0759625154514,0.0761243099465,0.0763670016891,0.0755580292136,0.0754771319661,0.0762861044416,0.076205207194,0.0767714879269,0.0772568714122,0.0772568714122,0.0770950769171,0.0770950769171,0.0766905906793,0.0763670016891,0.0770141796696,0.076933282422,0.0772568714122,0.0770141796696,0.076933282422,0.0765287961842,0.0768523851744,0.076933282422,0.0772568714122,0.076933282422,0.0770141796696,0.0768523851744,0.0771759741647,0.0766905906793,0.0767714879269,0.0770950769171,0.0767714879269,0.0770950769171,0.0775804604024,0.0780658438877,0.0774995631549,0.0775804604024,0.0778231521451,0.0783085356304,0.0779849466402,0.078551227373,0.078551227373,0.0772568714122,0.0771759741647,0.07766135765,0.0775804604024,0.0771759741647,0.0770950769171,0.07766135765,0.0784703301255,0.0788748163632,0.0787130218681,0.0786321246206,0.0787130218681,0.0795219943437,0.0804927613143,0.0801691723241,0.0812208365423,0.0815444255325,0.0813017337898,0.0818680145227,0.0815444255325,0.0818680145227,0.0822725007604,0.0818680145227,0.0818680145227,0.0815444255325,0.08162532278,0.0818680145227,0.0822725007604,0.0826769869982,0.0821107062653,0.0825151925031,0.0826769869982,0.083081473236,0.0829196787409,0.082353398008,0.0821107062653,0.0819489117702,0.0830005759884,0.083081473236,0.0834859594737,0.0841331374541,0.0844567264443,0.0852656989199,0.0848612126821,0.0857510824052,0.0865600548807,0.0862364658905,0.0859937741478,0.0868836438709,0.0873690273562,0.0876117190989,0.0876926163464,0.0878544108415,0.0884206915744,0.0889869723073,0.0892296640499,0.0902004310205,0.0900386365254,0.0902004310205,0.0902004310205,0.0903622255156,0.0910094034961,0.0911711979912,0.0918183759716,0.0920610677142,0.0925464511995,0.0930318346849,0.0930318346849,0.0927082456946,0.0929509374373,0.0943261906457,0.0948924713786,0.0952160603688,0.0951351631212,0.0957014438541,0.0965913135771,0.0969957998149,0.0968340053198,0.0974002860527,0.0987755392611,0.0988564365086,0.0995845117366,0.0993418199939,0.0992609227464,0.0999081007268,0.099503614489,0.0995845117366,0.0995845117366,0.0991800254988,0.0992609227464,0.0995845117366,0.0997463062317,0.100636175955,0.10079797045,0.100959764945,0.10112155944,0.10112155944,0.100069895222,0.0999081007268,0.100312586965,0.0995845117366,0.100069895222,0.101283353935,0.101526045678,0.101930531916,0.102415915401,0.102658607144,0.102173223658,0.102254120906,0.102496812648,0.102173223658,0.102901298886,0.102739504391,0.103305785124,0.102173223658,0.101687840173,0.103063093381,0.103710271362,0.103872065857,0.104681038332,0.104600141085,0.103952963104,0.103952963104,0.103710271362,0.103143990629,0.103952963104,0.104357449342,0.104842832827,0.104842832827,0.104681038332,0.104276552095,0.103467579619,0.103224887876,0.102820401639,0.102982196134,0.102820401639,0.103305785124,0.103791168609,0.103872065857,0.104114757599,0.103629374114,0.103386682372,0.103063093381,0.103548476867,0.103305785124,0.103063093381,0.102739504391,0.102577709896,0.102739504391,0.102254120906,0.102496812648,0.102335018153,0.102335018153,0.101849634668,0.100959764945,0.100878867697,0.100878867697,0.101364251183,0.101687840173,0.102011429163,0.101849634668,0.102496812648,0.101930531916,0.102173223658,0.102577709896,0.103224887876,0.103143990629,0.103629374114,0.104114757599,0.103710271362,0.10443834659,0.103629374114,0.103224887876,0.103629374114,0.103872065857,0.103386682372,0.103305785124,0.102658607144,0.102982196134,0.103143990629,0.103467579619,0.102658607144,0.102739504391,0.103305785124,0.103952963104,0.103872065857,0.103143990629,0.103467579619,0.103467579619,0.103143990629,0.103386682372,0.104600141085,0.104681038332,0.104276552095,0.105166421818,0.104842832827,0.103872065857,0.10476193558,0.105166421818,0.105651805303,0.106218086036,0.106460777778,0.106865264016,0.107512441997,0.108321414472,0.1090494897,0.108240517225,0.107755133739,0.107916928234,0.107512441997,0.107674236492,0.108483208967,0.108645003462,0.108321414472,0.108887695205,0.109534873185,0.109939359423,0.110424742909,0.110262948413,0.110505640156,