# R script for Peak Model
#  -- generated by MACS
p <- c(0.00887603634026,0.00909208590635,0.00932613960295,0.00955119123429,0.00973123253937,0.00993828004021,0.0101903378673,0.0105234142817,0.0107034555868,0.0109285072181,0.0111625609147,0.0114326228723,0.0116576745037,0.0118287137435,0.0119907509181,0.0122158025494,0.0124318521155,0.0126929120079,0.012944969835,0.0131880255968,0.0133680669019,0.0136021205985,0.0138091680993,0.014079230057,0.0143222858188,0.0145023271239,0.014682368429,0.0148984179951,0.0151144675611,0.0153665253883,0.0155825749543,0.0156905997374,0.0159066493035,0.0161136968043,0.0163117422399,0.0165367938712,0.0167258372416,0.0166988310458,0.0166898289806,0.0166718248501,0.0165728021323,0.0165547980018,0.0165547980018,0.0165908062628,0.016635816589,0.0167078331111,0.0166718248501,0.0165818041975,0.0165908062628,0.0165908062628,0.0165187897407,0.0164467732187,0.0164467732187,0.0164107649577,0.0163657546314,0.0162937381094,0.0162757339789,0.0163117422399,0.0162487277831,0.0161587071306,0.0161497050653,0.0160596844128,0.0159786658255,0.015996669956,0.0159786658255,0.015924653434,0.0158706410425,0.0158346327815,0.0157626162594,0.0157986245204,0.0157356100637,0.0157356100637,0.0156905997374,0.0155735728891,0.0156185832154,0.0156455894111,0.0155915770196,0.0156095811501,0.0156996018026,0.0157446121289,0.0157176059332,0.0156005790849,0.0156185832154,0.0155555687586,0.0155105584323,0.0154475439755,0.0154835522366,0.0155285625628,0.0155465666933,0.0154925543018,0.0155105584323,0.0154475439755,0.0154115357145,0.0154025336493,0.0154475439755,0.0154565460408,0.015465548106,0.0153845295188,0.015357523323,0.015393531584,0.0154925543018,0.0154925543018,0.0155465666933,0.015465548106,0.0154925543018,0.0156905997374,0.0157176059332,0.0157266079984,0.0157176059332,0.0157266079984,0.0157446121289,0.0157986245204,0.0157896224552,0.0158436348467,0.0159516596298,0.0159786658255,0.0160146740865,0.0160056720213,0.0159696637603,0.0159876678908,0.015960661695,0.0160596844128,0.0160596844128,0.0159786658255,0.0160686864781,0.0161136968043,0.0161497050653,0.0161226988696,0.0160956926738,0.0161677091958,0.0161767112611,0.0161407030001,0.0162217215874,0.0162487277831,0.0163027401747,0.0163837587619,0.0164017628924,0.0164017628924,0.0163837587619,0.0164287690882,0.0165547980018,0.0166088103933,0.016635816589,0.0166718248501,0.0167078331111,0.0166898289806,0.0166988310458,0.0167978537636,0.0167348393068,0.0167978537636,0.0168788723509,0.0169148806119,0.0168968764814,0.0168698702856,0.0169148806119,0.0169328847424,0.0169418868077,0.0171129260475,0.0171489343085,0.017166938439,0.0172119487653,0.0173109714831,0.0173919900704,0.0174640065924,0.0174640065924,0.0174820107229,0.0175360231144,0.0174820107229,0.0174910127882,0.0174820107229,0.0175270210492,0.0175810334407,0.0176710540932,0.0177250664848,0.0176890582237,0.0177790788763,0.017770076811,0.0178961057246,0.0179591201814,0.0178330912678,0.0178871036593,0.0179591201814,0.0179501181161,0.0179411160508,0.0180041305076,0.0179501181161,0.0180401387686,0.0180581428991,0.0180941511602,0.0181391614864,0.0181841718127,0.0182561883347,0.0183462089873,0.018373215183,0.0184722379008,0.0185262502923,0.0186252730101,0.0187152936627,0.0188413225762,0.0188503246415,0.018940345294,0.0190483700771,0.0191834010559,0.0191113845338,0.0191743989906,0.0192194093169,0.0193184320347,0.0193904485567,0.0194534630135,0.0194624650787,0.0195884939923,0.0197415291016,0.0198405518194,0.0199845848635,0.020002588994,0.0200656034507,0.0200836075813,0.0201286179075,0.0202636488863,0.0203446674736,0.0205337108439,0.0205787211702,0.020677743888,0.0205967253007,0.0205787211702,0.0205607170397,0.0206957480185,0.0207947707363,0.0209207996499,0.0210018182371,0.0210468285634,0.0210378264982,0.021172857477,0.0212178678032,0.02128088226,0.021244873999,0.021316890521,0.0213438967168,0.0215059338914,0.0215509442176,0.0216229607397,0.0217489896532,0.0218030020447,0.0218660165015,0.0218750185668,0.021884020632,0.0219830433498,0.0221180743286,0.0222531053074,0.022379134221,0.0224601528083,0.022559175526,0.0226762023743,0.0229012540057,0.023018280854,0.023090297376,0.0233063469421,0.0235223965082,0.023729444009,0.0238464708573,0.0240625204234,0.0242335596633,0.0242695679243,0.0244676133599,0.0246746608607,0.024899712492,0.0251337661886,0.0252777992327,0.0254398364073,0.0256468839081,0.0258989417352,0.0260069665183,0.0261870078233,0.0263400429326,0.0265830986945,0.0268261544564,0.0269521833699,0.0272942618496,0.0274292928284,0.0276813506555,0.0278883981563,0.0281494580487,0.0283655076148,0.0286535737029,0.0289146335952,0.0292117017486,0.029544778163,0.0297338215333,0.0298868566427,0.0301659206655,0.0305350053409,0.0308320734943,0.0311471457782,0.0314712201273,0.0317052738239,0.0321013646951,0.0323714266527,0.0327855216544,0.0331456042645,0.0335957075272,0.0338297612238,0.0341718397035,0.0344779099221,0.0349100090543,0.0354681371,0.0360262651457,0.0364223560169,0.0370615026499,0.0375116059126,0.0380337256973,0.0384748268948,0.0390959693973,0.0395730788558,0.0400951986405,0.040716341143,0.041247462993,0.0417605807124,0.0422736984319,0.0428858388692,0.0436150061547,0.0441731342004,0.0448482890945,0.0453344006182,0.0458385162724,0.0464506567097,0.0471258116037,0.0477289499757,0.0482780759562,0.0489172225892,0.0497454125926,0.0506006087917,0.0512667616205,0.0519149103187,0.0527701065178,0.053697319239,0.0544804989161,0.0553627013109,0.05621789751,0.0570190813176,0.0577572506684,0.058486417954,0.0593956265446,0.060187808287,0.0611510292691,0.0620152275335,0.063131483625,0.0639236653673,0.0648238718927,0.0654630185257,0.0663812291816,0.0673084419027,0.0682176504934,0.0694689375637,0.0705761915899,0.0715124063763,0.0724216149669,0.0736909061677,0.0745371003016,0.0754193026964,0.0763465154176,0.0772917322692,0.0784349945565,0.0797853043445,0.0809465707623,0.082035820658,0.0833591242503,0.0844753803418,0.0859157107824,0.0872210102442,0.088562317967,0.0900296546034,0.0914429788482,0.0930363443981,0.0943236397294,0.0957999784311,0.0974473563725,0.0990317198572,0.100688099864,0.102110426174,0.103640777267,0.105135120099,0.106368403039,0.10799777685,0.109681163052,0.111490578168,0.113191968501,0.115037391878,0.116999842104,0.118530193197,0.120375616574,0.122410083321,0.124426545938,0.126109932141,0.127973359648,0.129863793351,0.131601191945,0.133806697933,0.13618324316,0.138379747082,0.140189162198,0.142250635141,0.144393126671,0.14667064918,0.148975177885,0.151036650828,0.152909080401,0.154925543018,0.157140051071,0.158976472382,0.161335013479,0.163441496748,0.165592990344,0.167987539701,0.17024705808,0.17256058885,0.174865117555,0.177070623542,0.17927612953,0.181679680952,0.183615124982,0.185802626839,0.188098153478,0.190627733815,0.192977272846,0.195389826334,0.197892400475,0.200160920918,0.202384431036,0.204796984524,0.207578622688,0.209766124544,0.212646785426,0.21546443185,0.218048024578,0.220730640023,0.22344926373,0.226014852327,0.228832498752,0.231677151372,0.234368768883,0.237231425634,0.239752003905,0.242425617285,0.2450902286,0.247718831654,0.250374440904,0.252687971674,0.255460607773,0.258350270719,0.260798832468,0.263355419,0.266083044772,0.268585618913,0.270656093921,0.273392721758,0.27629138677,0.278865977433,0.281305537116,0.283817113322,0.286310685397,0.288687230624,0.291045771721,0.293530341731,0.295834870436,0.298058380554,0.300011828714,0.302649433833,0.304908952212,0.307006433416,0.309193935273,0.311192393759,0.313073825397,0.314991265296,0.317250783675,0.3192132339,0.321364727496,0.323192146742,0.32486653088,0.326801974909,0.328989476766,0.331023943513,0.332770344172,0.334750798528,0.336353166143,0.33835162463,0.340332078986,0.341619374317,0.343176731606,0.34508516944,0.346408473032,0.348235892278,0.34954119174,0.350720462288,0.352394846426,0.354096236759,0.355608583721,0.356859870792,0.357859100035,0.358975356126,0.359902568847,0.360874791895,0.361820008746,0.362621192554,0.363116306143,0.363854475494,0.364421605605,0.364646657236,0.364943725389,