# R script for Peak Model
#  -- generated by MACS
p <- c(0.00835320508204,0.00858998884814,0.0088004633069,0.00903724707301,0.00922141222442,0.00943188668318,0.00969497975663,0.00985941292754,0.0101553926352,0.0104053310549,0.0106289601674,0.0108723212603,0.0111222596801,0.011326156812,0.0114971673098,0.0117076417685,0.0119575801883,0.0121812093007,0.0123522197985,0.0125626942572,0.012773168716,0.0129902205016,0.0132664682287,0.0135164066485,0.0137597677414,0.0139965515075,0.0142333352736,0.0144635417129,0.0146871708253,0.0149239545915,0.0151541610307,0.0153777901432,0.0155948419287,0.0158908216364,0.0161736466903,0.0164038531296,0.0166406368957,0.0165945956079,0.0166077502615,0.016588018281,0.016588018281,0.0166340595689,0.0167129874909,0.0167261421446,0.0166866781836,0.0167458741251,0.0168116473935,0.0168116473935,0.0168379567008,0.0168642660081,0.0168642660081,0.0169760805644,0.0169826578912,0.0170615858132,0.0170615858132,0.0171734003694,0.017232596311,0.0172917922525,0.0173049469062,0.0173444108672,0.0173312562135,0.0173970294819,0.0174562254234,0.017554885326,0.0176666998822,0.0177390504774,0.0177587824579,0.0177456278042,0.0177982464189,0.0178179783994,0.0178705970141,0.0178377103799,0.0178508650336,0.0179297929556,0.0179692569166,0.0179100609751,0.0180152982045,0.017995566224,0.0180152982045,0.0180152982045,0.0179692569166,0.0180942261265,0.0180810714729,0.018113958107,0.0182060406827,0.0181994633559,0.0182191953364,0.0182455046438,0.0183704738536,0.0183836285073,0.0184099378147,0.0184165151415,0.0184559791025,0.0184559791025,0.0184822884099,0.0185809483124,0.0185546390051,0.0185677936587,0.0185283296977,0.0185809483124,0.0186467215808,0.0186796082149,0.0186993401955,0.0187388041565,0.018758536137,0.0187322268296,0.0188111547517,0.018798000098,0.0188045774248,0.0189229693079,0.0189361239616,0.0190018972299,0.0189887425763,0.0189821652494,0.0189558559421,0.0189558559421,0.0189887425763,0.0190347838641,0.0191071344593,0.019120289113,0.019199217035,0.0192847222839,0.0193176089181,0.0192912996107,0.0192912996107,0.0192584129765,0.019278144957,0.0192649903034,0.0192847222839,0.0192912996107,0.0193504955522,0.0194623101085,0.0195149287232,0.0196070112989,0.0196859392209,0.0197319805087,0.0197319805087,0.0196925165477,0.0196925165477,0.0196990938746,0.0197188258551,0.0197977537771,0.0198569497186,0.0199293003138,0.0199490322943,0.0200542695237,0.0201331974458,0.0201595067531,0.0202515893288,0.0202976306167,0.0202778986362,0.0203897131924,0.0205015277486,0.0205870329975,0.0207383115147,0.0207514661684,0.0207383115147,0.0207514661684,0.0207185795342,0.0208632807246,0.0209619406271,0.0210408685492,0.021086909837,0.0211592604322,0.0211921470664,0.0212842296421,0.0214157761788,0.0215341680619,0.0215670546961,0.0215473227156,0.0216130959839,0.0216459826181,0.0217380651938,0.0217249105401,0.0217841064817,0.0218235704427,0.0218827663842,0.0219156530184,0.0219353849989,0.0220406222283,0.022093240843,0.022211632726,0.0223037153017,0.0222576740139,0.0223366019359,0.0224089525311,0.0224681484726,0.0225865403557,0.0226654682777,0.0227443961998,0.0227904374876,0.0228299014486,0.0229548706585,0.0230798398684,0.0231193038294,0.0231390358099,0.0232048090783,0.023336355615,0.0234350155176,0.0235139434396,0.023619180669,0.0236652219568,0.0237309952252,0.0237441498789,0.0237638818594,0.0237244178984,0.0237309952252,0.0237112632447,0.0237901911667,0.0238493871082,0.023980933645,0.024020397606,0.024138789489,0.0241979854306,0.0242834906794,0.0243229546405,0.0243492639478,0.0243689959283,0.0244281918698,0.0245531610797,0.0246123570212,0.0246649756359,0.0246847076164,0.0249280687094,0.0250004193046,0.0250596152461,0.0252043164365,0.0252437803975,0.0252437803975,0.0253161309927,0.0254937188173,0.025625265354,0.0257173479297,0.0257173479297,0.0257239252566,0.0258357398128,0.0259146677348,0.0260462142715,0.0261448741741,0.0262764207108,0.026388235267,0.0265197818038,0.0266644829942,0.0267828748772,0.0268881121066,0.0270130813165,0.0271709371605,0.0274142982535,0.0275063808292,0.0276181953854,0.0277628965758,0.0279733710346,0.0280720309371,0.0282101548007,0.0283548559911,0.0284008972789,0.028479825201,0.0287034543134,0.0288678874843,0.0290652072894,0.0292691044213,0.0294072282849,0.0295519294753,0.0297952905682,0.0299794557196,0.0301307342369,0.0302491261199,0.0303872499835,0.0305187965202,0.0307226936521,0.0309200134572,0.0311436425696,0.0313212303942,0.0315053955456,0.0316566740629,0.0319658084242,0.0322354788245,0.0325643451663,0.0327813969519,0.033057644679,0.0333141604256,0.0335838308259,0.0337614186505,0.0339784704361,0.034142903607,0.0344849246025,0.0347480176759,0.0350834613446,0.03542548234,0.035708307394,0.0360174417553,0.0362344935409,0.0364581226533,0.0367869889951,0.0370698140491,0.0373592164299,0.0377538560401,0.0379511758452,0.0382734648601,0.0385891765483,0.0388259603144,0.0391811359635,0.0396744354763,0.0399769925107,0.0403453228136,0.0407004984627,0.0410754060924,0.0416410562003,0.0420620051178,0.0424434900743,0.0428315523577,0.0431669960263,0.043581367617,0.0438707699978,0.0442456776275,0.0446337399108,0.0450612661551,0.0454887923995,0.0459294732975,0.0463438448882,0.0467582164789,0.0472712479721,0.0476527329286,0.0481460324413,0.0486853732419,0.0491457861205,0.0497574775162,0.0503757462388,0.0509085097126,0.051493891801,0.0520792738894,0.0526317693437,0.0531908421248,0.0538683067889,0.054545771453,0.0552363907708,0.0559401647423,0.0565452788112,0.0570846196118,0.0577818162565,0.0584461262669,0.0592551374678,0.0600575713418,0.0606889947181,0.0615966658215,0.0624254090028,0.063142337628,0.0639381941752,0.0648392879518,0.065510175289,0.0663191864899,0.0671281976908,0.0681542606772,0.0690816637611,0.0700353761524,0.0710022431973,0.0719954195496,0.0728307400578,0.0738173390832,0.0747644741477,0.0757510731731,0.0768034454669,0.077882127068,0.0790989325327,0.0802368100754,0.0815522754427,0.0827493489269,0.0835320508204,0.0847817429193,0.0859327751156,0.0869127968142,0.0881822208936,0.0893069437826,0.0905500585547,0.0919247198634,0.093227030577,0.094391217427,0.0960487037898,0.0976338395573,0.0992321299785,0.100771224458,0.10238924686,0.10407304253,0.105802879488,0.107309087333,0.109058656272,0.110768761249,0.112393360978,0.114044270014,0.11571491103,0.117464479969,0.11920747158,0.121029391114,0.122765805399,0.124765312757,0.126501727042,0.128573584995,0.130474432451,0.13226346535,0.134091962211,0.136071737588,0.137827883854,0.13962349408,0.141655888072,0.143596199489,0.145497046945,0.147549172918,0.149410556412,0.151350867829,0.15319909667,0.155323573238,0.157375699211,0.159440979838,0.161611497693,0.163782015549,0.165781522908,0.167767875612,0.170030476044,0.171760313002,0.173588809862,0.175627781182,0.177673329828,0.179679414513,0.181580261968,0.183395604175,0.185250410343,0.186986824628,0.188578537722,0.190005817646,0.191314705686,0.192807758878,0.194379739992,0.195938566452,0.197359269049,0.198931250162,0.200378262066,0.201937088527,0.203377523104,0.205054741447,0.206784578405,0.208560456651,0.210862521043,0.212717327211,0.214664215955,0.216334856971,0.218202817793,0.220222057131,0.222037399338,0.223615957779,0.225247134834,0.226930930504,0.228476602311,0.229890727581,0.231364048792,0.232975493867,0.234304113888,0.23569192985,0.236928467295,0.238612262965,0.240006656255,0.241499709447,0.243038803926,0.244420042562,0.246031487637,0.247412726272,0.248813696888,0.250234399485,0.251799803272,0.253141577947,0.254706981734,0.256029024428,0.257502345639,0.259113790714,0.260679194501,0.262316948883,0.26400732188,0.265822664087,0.267677470255,0.269519121769,0.271347618629,0.273182692817,0.274932261755,0.276787067923,0.278582678149,0.280259896493,0.282068661373,0.284068168731,0.28571250044,0.287429182744,0.289099823761,0.290823083392,0.292335868564,0.294078860176,0.295854738421,0.297545111418,0.299235484415,0.300741692261,0.302392601297,0.303892231815,0.305405016988,0.306852028892,0.308279308815,0.309693434085,0.311239105891,0.312640076507,0.313817418011,