# R script for Peak Model
#  -- generated by MACS
p <- c(0.030032833192,0.0316562295807,0.034497173261,0.0353088714554,0.036526418747,0.0377439660385,0.0397732115245,0.0418024570104,0.0438317024964,0.0462667970795,0.0470784952739,0.0487018916626,0.051542835343,0.0519486844402,0.0539779299261,0.0568188736064,0.0568188736064,0.0592539681895,0.0616890627727,0.0620949118699,0.0633124591614,0.0653417046474,0.0657475537446,0.0673709501333,0.0649358555502,0.064530006453,0.064530006453,0.0641241573558,0.064530006453,0.0649358555502,0.0665592519389,0.0665592519389,0.0665592519389,0.0633124591614,0.0612832136755,0.0596598172867,0.0604715154811,0.0604715154811,0.0588481190924,0.0584422699952,0.0588481190924,0.0596598172867,0.0600656663839,0.0604715154811,0.0608773645783,0.0616890627727,0.0633124591614,0.0637183082586,0.0620949118699,0.0637183082586,0.0625007609671,0.0608773645783,0.0612832136755,0.0596598172867,0.0572247227036,0.0572247227036,0.056007175412,0.0551954772177,0.056007175412,0.0547896281205,0.0543837790233,0.0556013263148,0.0568188736064,0.056007175412,0.056007175412,0.058036420898,0.0572247227036,0.0568188736064,0.0576305718008,0.0588481190924,0.0612832136755,0.0612832136755,0.0596598172867,0.0592539681895,0.0596598172867,0.0604715154811,0.0608773645783,0.0600656663839,0.0584422699952,0.0576305718008,0.0584422699952,0.058036420898,0.058036420898,0.0572247227036,0.0584422699952,0.058036420898,0.0584422699952,0.0588481190924,0.0600656663839,0.0608773645783,0.0637183082586,0.0637183082586,0.0649358555502,0.0641241573558,0.0641241573558,0.0649358555502,0.0657475537446,0.0637183082586,0.0625007609671,0.064530006453,0.0633124591614,0.0625007609671,0.0629066100642,0.0633124591614,0.0616890627727,0.0625007609671,0.0620949118699,0.0625007609671,0.0649358555502,0.0661534028418,0.0669651010361,0.0677767992305,0.0669651010361,0.0673709501333,0.0685884974249,0.0694001956193,0.0714294411052,0.0702118938136,0.0685884974249,0.0689943465221,0.0681826483277,0.0673709501333,0.0689943465221,0.0677767992305,0.0677767992305,0.0677767992305,0.0669651010361,0.0681826483277,0.0661534028418,0.0653417046474,0.0641241573558,0.0637183082586,0.0629066100642,0.0625007609671,0.0620949118699,0.0620949118699,0.0641241573558,0.0649358555502,0.0653417046474,0.0641241573558,0.0661534028418,0.064530006453,0.0629066100642,0.0620949118699,0.0604715154811,0.0604715154811,0.0600656663839,0.0616890627727,0.0620949118699,0.0625007609671,0.0637183082586,0.0625007609671,0.0596598172867,0.0608773645783,0.0608773645783,0.0596598172867,0.0588481190924,0.0600656663839,0.0600656663839,0.0612832136755,0.0600656663839,0.0596598172867,0.0576305718008,0.0551954772177,0.056007175412,0.0572247227036,0.0596598172867,0.0612832136755,0.0620949118699,0.0637183082586,0.0653417046474,0.0641241573558,0.0637183082586,0.0633124591614,0.0633124591614,0.0637183082586,0.0620949118699,0.0633124591614,0.0641241573558,0.0661534028418,0.0669651010361,0.0653417046474,0.064530006453,0.0620949118699,0.0633124591614,0.0625007609671,0.0608773645783,0.0600656663839,0.0576305718008,0.0556013263148,0.0564130245092,0.0568188736064,0.0564130245092,0.0568188736064,0.0564130245092,0.0564130245092,0.0564130245092,0.0568188736064,0.0584422699952,0.0600656663839,0.0604715154811,0.0604715154811,0.0592539681895,0.058036420898,0.0604715154811,0.0608773645783,0.0608773645783,0.0633124591614,0.0625007609671,0.0625007609671,0.0612832136755,0.0620949118699,0.0616890627727,0.0616890627727,0.0608773645783,0.0584422699952,0.0572247227036,0.0596598172867,0.0604715154811,0.0620949118699,0.0620949118699,0.0625007609671,0.0620949118699,0.0629066100642,0.0649358555502,0.064530006453,0.064530006453,0.0661534028418,0.0681826483277,0.0681826483277,0.0677767992305,0.0673709501333,0.0685884974249,0.0685884974249,0.0694001956193,0.0689943465221,0.0694001956193,0.0698060447165,0.0685884974249,0.0677767992305,0.0653417046474,0.0637183082586,0.0620949118699,0.0608773645783,0.0612832136755,0.0604715154811,0.0604715154811,0.0612832136755,0.0620949118699,0.0600656663839,0.0592539681895,0.0608773645783,0.0608773645783,0.058036420898,0.0572247227036,0.0564130245092,0.056007175412,0.0564130245092,0.0568188736064,0.0568188736064,0.0556013263148,0.0556013263148,0.0551954772177,0.0543837790233,0.0535720808289,0.0527603826345,0.0519486844402,0.0519486844402,0.0511369862458,0.051542835343,0.0503252880514,0.0507311371486,0.0503252880514,0.0503252880514,0.051542835343,0.051542835343,0.051542835343,0.0523545335373,0.0523545335373,0.0511369862458,0.0503252880514,0.049513589857,0.0511369862458,0.0511369862458,0.0503252880514,0.0523545335373,0.056007175412,0.0568188736064,0.0564130245092,0.0604715154811,0.0616890627727,0.0637183082586,0.0629066100642,0.0620949118699,0.0641241573558,0.0649358555502,0.0669651010361,0.0677767992305,0.0685884974249,0.0698060447165,0.0702118938136,0.071023592008,0.0714294411052,0.0746762338827,0.0767054793687,0.077517177563,0.0779230266602,0.0799522721462,0.0799522721462,0.0791405739518,0.0799522721462,0.0819815176321,0.0840107631181,0.0848224613124,0.0868517067984,0.0880692540899,0.0892868013815,0.0909101977703,0.0913160468675,0.0900984995759,0.0900984995759,0.0896926504787,0.0896926504787,0.0917218959646,0.0933452923534,0.0933452923534,0.094562839645,0.0933452923534,0.0965920851309,0.0994330288112,0.0982154815197,0.0978096324225,0.0978096324225,0.0998388779084,0.0994330288112,0.0998388779084,0.0986213306169,0.0986213306169,0.0994330288112,0.0961862360337,0.094562839645,0.0929394432562,0.0933452923534,0.0896926504787,0.0909101977703,0.0905043486731,0.0921277450618,0.0913160468675,0.0905043486731,0.0896926504787,0.0913160468675,0.0909101977703,0.0917218959646,0.0933452923534,0.0937511414506,0.092533594159,0.0929394432562,0.094562839645,0.0921277450618,0.0905043486731,0.0896926504787,0.0884751031871,0.0868517067984,0.086040008604,0.0831990649237,0.0844166122152,0.0856341595068,0.0864458577012,0.0868517067984,0.0872575558956,0.0884751031871,0.0876634049928,0.0892868013815,0.0892868013815,0.0892868013815,0.0909101977703,0.0913160468675,0.0921277450618,0.092533594159,0.0961862360337,0.0974037833253,0.099027179714,0.0994330288112,0.0998388779084,0.100244727006,0.100244727006,0.0994330288112,0.099027179714,0.0986213306169,0.0965920851309,0.094562839645,0.0957803869365,0.0961862360337,0.0957803869365,0.0998388779084,0.0998388779084,0.0998388779084,0.0982154815197,0.0994330288112,0.100650576103,0.102273972492,0.099027179714,0.0986213306169,0.0994330288112,0.099027179714,0.0982154815197,0.099027179714,0.0998388779084,0.0998388779084,0.099027179714,0.0998388779084,0.101868123394,0.103085670686,0.103085670686,0.105520765269,0.103491519783,0.1010564252,0.1010564252,0.0986213306169,0.099027179714,0.0982154815197,0.100244727006,0.0998388779084,0.101462274297,0.101868123394,0.103491519783,0.106332463463,0.107550010755,0.109173407144,0.109173407144,0.107144161658,0.107144161658,0.108361708949,0.107144161658,0.105520765269,0.105926614366,0.104303217977,0.106738312561,0.104709067075,0.104303217977,0.10389736888,0.10389736888,0.101868123394,0.1010564252,0.0998388779084,0.103085670686,0.10389736888,0.103491519783,0.103491519783,0.105926614366,0.104709067075,0.106738312561,0.108361708949,0.108767558047,0.109985105338,0.11120265263,0.11120265263,0.113637747213,0.113637747213,0.114855294504,0.113637747213,0.115261143602,0.113637747213,0.113231898116,0.112014350824,0.109985105338,0.109579256241,0.109579256241,0.108361708949,0.110796803533,0.111608501727,0.110796803533,0.11404359631,0.112420199921,0.112826049018,0.112420199921,0.112014350824,0.110390954435,0.11120265263,0.112014350824,0.113637747213,0.11120265263,0.110390954435,0.109985105338,0.108767558047,0.107550010755,0.107550010755,0.105926614366,0.107144161658,0.105926614366,0.104709067075,0.1010564252,0.1010564252,0.0982154815197,0.099027179714,0.0969979342281,0.0974037833253,0.0937511414506,0.094562839645,0.0949686887422,0.0957803869365,0.099027179714,0.0998388779084,0.101868123394,0.103085670686,