# R script for Peak Model
#  -- generated by MACS
p <- c(0.0226925622225,0.0240294883689,0.0252256854473,0.0262811534577,0.027371803735,0.0282161781433,0.0294123752217,0.0305733900331,0.0316288580434,0.0332120600589,0.0347248975404,0.0357803655508,0.0371876562313,0.0381023951736,0.0389115873148,0.0398615085241,0.0409169765345,0.042394631749,0.0435908288274,0.0447518436387,0.0447166613717,0.0447870259058,0.0448573904398,0.0451036663089,0.0453147599109,0.0451036663089,0.0450684840419,0.0448925727068,0.0450684840419,0.0448573904398,0.0451740308429,0.04556103578,0.045490671246,0.045525853513,0.045596218047,0.0460887697852,0.0459128584501,0.0459128584501,0.0457721293821,0.0459832229842,0.0458424939161,0.0458776761831,0.0458424939161,0.045666582581,0.0458073116491,0.0461591343192,0.0464054101883,0.0465461392563,0.0466165037904,0.0459832229842,0.0458073116491,0.0460184052512,0.045666582581,0.045631400314,0.0461943165862,0.0464757747223,0.0462998633873,0.0460535875182,0.0462646811202,0.0460887697852,0.0459832229842,0.0464054101883,0.0467572328584,0.0464054101883,0.0465813215233,0.0470035087275,0.0469683264605,0.0470738732615,0.0473905136646,0.0473905136646,0.0471090555285,0.0471442377955,0.0471442377955,0.0477071540677,0.0479886122038,0.0480589767378,0.048551528476,0.0489033511461,0.0491848092822,0.0490088979471,0.0491144447482,0.0490088979471,0.0487626220781,0.0493959028843,0.0493959028843,0.0495718142193,0.0491144447482,0.0490088979471,0.0489737156801,0.0493255383503,0.0490792624812,0.0492551738162,0.0498532723554,0.0503810063606,0.0504513708946,0.0504161886276,0.0507328290307,0.0507328290307,0.0504161886276,0.0503458240936,0.0506624644967,0.0505569176957,0.0503810063606,0.0507680112977,0.0506624644967,0.0506976467637,0.0504865531616,0.0509439226328,0.0511550162349,0.0511198339678,0.051506838905,0.051506838905,0.0511901985019,0.0507680112977,0.0505920999627,0.0505217354286,0.0500643659575,0.0497829078214,0.0498532723554,0.0495366319523,0.0497125432874,0.0497477255544,0.0501347304915,0.0497125432874,0.0495718142193,0.0492551738162,0.0493255383503,0.0494310851513,0.0495366319523,0.0496421787534,0.0497829078214,0.0497829078214,0.0490792624812,0.0488329866121,0.0483756171409,0.04862189301,0.048692257544,0.0487274398111,0.0489737156801,0.0491144447482,0.0489033511461,0.0489385334131,0.0491848092822,0.0493959028843,0.0494310851513,0.0493607206173,0.0499588191565,0.0496069964863,0.0493607206173,0.0493959028843,0.0489033511461,0.0490088979471,0.0493959028843,0.0499236368895,0.0499236368895,0.0499588191565,0.0502050950255,0.0502050950255,0.0500291836905,0.0500291836905,0.0500291836905,0.0502050950255,0.0500995482245,0.0502050950255,0.0512253807689,0.051506838905,0.051506838905,0.0514364743709,0.0513309275699,0.0513309275699,0.05168275024,0.0518586615751,0.0522456665122,0.0524215778473,0.0527734005174,0.0525623069153,0.0528085827844,0.0528085827844,0.0528789473184,0.0534066813236,0.0538288685277,0.0531604054545,0.0533011345226,0.0536881394597,0.0539344153288,0.0541103266638,0.0536881394597,0.0536529571927,0.0533714990566,0.0537585039937,0.0542862379989,0.0544621493339,0.054497331601,0.0541806911979,0.0542510557319,0.0543214202659,0.0544621493339,0.0548139720041,0.0549898833391,0.0554824350773,0.0562564449515,0.0565379030876,0.0569249080248,0.0574174597629,0.0565730853546,0.0569600902918,0.057523006564,0.0581211051032,0.0584025632392,0.0584377455063,0.0585784745743,0.0586136568413,0.0591765731135,0.0591413908465,0.0591062085795,0.0591765731135,0.0589654795114,0.0590710263125,0.0592117553805,0.0592821199145,0.0592821199145,0.0603727701919,0.0602672233909,0.0604783169929,0.060689410595,0.0610412332651,0.0616745140713,0.0616393318043,0.0621318835425,0.0623429771445,0.0625892530136,0.0625188884796,0.0629058934167,0.0630466224848,0.0633280806209,0.0633632628879,0.0640669082281,0.0644890954323,0.0650520117044,0.0651223762385,0.0645242776993,0.0650168294374,0.0650168294374,0.0649464649034,0.0654741989086,0.0652279230395,0.0655445634426,0.0654741989086,0.0657204747777,0.0659667506467,0.0658963861127,0.0660371151808,0.0661426619818,0.066705578254,0.0670925831911,0.0675851349293,0.0686757852066,0.0690627901438,0.069731253217,0.0704700808242,0.0708219034943,0.0709626325624,0.0712440906985,0.0712089084315,0.0710681793634,0.0709274502954,0.0710681793634,0.0719829183057,0.0722995587088,0.072686563646,0.072862474981,0.0732494799181,0.0736716671223,0.0740234897924,0.0741642188604,0.0740234897924,0.0743049479285,0.0748326819337,0.0750085932687,0.075747420876,0.0762399726141,0.075747420876,0.0766973420853,0.0773658051585,0.0772250760904,0.0776472632946,0.0779287214307,0.0783157263678,0.0791952830431,0.0798637461163,0.0804970269225,0.0811303077287,0.0809895786607,0.0809895786607,0.081904317603,0.0825375984092,0.0823616870741,0.0829949678803,0.0829949678803,0.0833467905505,0.0833819728175,0.0836282486866,0.0841559826917,0.0840152536237,0.0851762684351,0.0858799137753,0.0863372832465,0.0864076477805,0.0868298349846,0.0871816576547,0.087885302995,0.0885185838012,0.0885889483352,0.0891870468744,0.0895740518115,0.0901369680837,0.0897147808796,0.0894685050105,0.0901017858167,0.0902425148847,0.0901369680837,0.090910977958,0.090910977958,0.090910977958,0.0914035296961,0.0922479041044,0.0925997267745,0.0931626430467,0.0935144657168,0.0937959238529,0.094112564256,0.094112564256,0.0947458450622,0.0957309485385,0.0958364953396,0.0960124066746,0.0966105052138,0.097208603753,0.0979474313603,0.0979826136273,0.0984399830984,0.0988973525696,0.0994602688418,0.0999176383129,0.100621283653,0.101289746726,0.101289746726,0.102415579271,0.102767401941,0.102978495543,0.103330318213,0.103435865014,0.103752505417,0.103893234485,0.104350603956,0.105230160632,0.105687530103,0.105968988239,0.106391175443,0.107165185317,0.10807992426,0.108291017862,0.108150288794,0.108959480935,0.109663126275,0.110366771615,0.111105599223,0.111598150961,0.111703697762,0.111949973631,0.112794348039,0.113216535243,0.113744269248,0.113955362851,0.113955362851,0.11455346139,0.114799737259,0.115186742196,0.115116377662,0.115784840735,0.116945855547,0.117297678217,0.117825412222,0.118845697965,0.118353146227,0.118810515698,0.120077077311,0.120745540384,0.120956633986,0.121836190661,0.122047284263,0.122504653734,0.123137934541,0.124228584818,0.124967412425,0.126339520839,0.12679689031,0.127219077514,0.128274545524,0.128802279529,0.1291541022,0.129822565273,0.130842851016,0.131687225424,0.132390870765,0.132496417566,0.132355688498,0.132461235299,0.133411156508,0.134607353586,0.135099905325,0.136155373335,0.136612742806,0.137351570413,0.138090398021,0.138723678827,0.139568053235,0.140166151774,0.141608624722,0.142417816863,0.142769639533,0.143578831674,0.143789925276,0.144141747946,0.144845393287,0.14586567903,0.146147137166,0.145971225831,0.147624792381,0.148961718527,0.149665363867,0.150756014145,0.15198739349,0.152761403364,0.153816871375,0.153957600443,0.155294526589,0.156631452736,0.157264733542,0.158672024222,0.159551580898,0.160853324777,0.16247170906,0.163386448002,0.16423082241,0.165075196818,0.165989935761,0.167573137776,0.168417512184,0.168558241253,0.168417512184,0.16859342352,0.169191522059,0.170035896467,0.170915453142,0.17105618221,0.17200610342,0.172991206896,0.173976310372,0.174081857173,0.174539226645,0.175700241456,0.177881542011,0.17953510856,0.181329404178,0.181716409115,0.183088517528,0.184214350073,0.184460625942,0.184777266345,0.18565682302,0.186184557025,0.18766221224,0.188752862517,0.189526872391,0.190336064533,0.191145256674,0.191602626145,0.191919266548,0.19248218282,0.193572833098,0.193995020302,0.193889473501,0.194311660705,0.195331946448,0.195859680454,0.197724340605,0.198709444081,0.199800094359,0.200679651034,0.202509128919,0.204162695468,0.204901523076,0.205640350683,0.205992173353,0.207505010834,0.208912301515,0.20908821285,0.208877119248,0.210425138996,0.21109360207,0.211867611944,0.212043523279,0.211586153808,0.211867611944,0.212289799148,0.21179724741,0.212747168619,0.213134173556,0.213732272095,