# R script for Peak Model
#  -- generated by MACS
p <- c(0.0368280923119,0.0376480788784,0.0387711039586,0.0397158710896,0.0405180318611,0.0415875795565,0.0424610435078,0.0434949396133,0.04427927459,0.0453309964905,0.0461509830569,0.0467748858793,0.047541395061,0.0485218137818,0.0495735356823,0.0505361286081,0.0512848119949,0.0523008823055,0.0532634752314,0.0542260681573,0.0551351836984,0.0562047313938,0.0570603695501,0.0579160077064,0.0590212069917,0.0600729288922,0.0609107412536,0.0620694179236,0.0633172235683,0.0642619906992,0.0652958868048,0.0662941313205,0.0672923758362,0.0681480139925,0.0692532132778,0.069431471227,0.0695206002016,0.069449297022,0.0692175616879,0.0691284327133,0.0689145231742,0.0689858263539,0.0691284327133,0.0692532132778,0.0688610457895,0.0689323489692,0.0689145231742,0.0690393037387,0.0691284327133,0.0690214779438,0.0693066906626,0.0693245164575,0.0692532132778,0.0689323489692,0.0688075684047,0.0684510525062,0.0685936588656,0.0684510525062,0.0688075684047,0.0689145231742,0.068736265225,0.0686649620453,0.0685758330707,0.0686827878402,0.0686293104555,0.0685580072758,0.0687719168149,0.0688610457895,0.0687540910199,0.0686114846605,0.0684688783012,0.0684510525062,0.0683619235316,0.0682906203519,0.0686649620453,0.0685758330707,0.0688966973793,0.0689323489692,0.0691819100981,0.0691640843032,0.0692175616879,0.0695384259966,0.0698771161001,0.0700553740494,0.0699662450747,0.0700018966646,0.0701801546138,0.0700375482544,0.0699484192798,0.0700197224595,0.0699305934849,0.0697701613306,0.069894941895,0.0702336319986,0.070144503024,0.0702692835884,0.0704297157427,0.0701979804087,0.0701088514341,0.0702158062037,0.0701623288189,0.0700018966646,0.0700731998443,0.0703227609732,0.0704653673326,0.0704475415377,0.0707684058463,0.0710892701549,0.0712140507194,0.0717488245671,0.0718379535417,0.0718557793366,0.0720340372859,0.0719805599011,0.0722122952351,0.0721588178503,0.0723905531843,0.0725153337488,0.0724262047742,0.0727827206726,0.0725331595437,0.072711417493,0.0726579401082,0.073174888161,0.0732818429305,0.0735135782645,0.073638358829,0.0736918362137,0.0739057457528,0.073638358829,0.0737987909833,0.0741553068818,0.0742979132411,0.0741374810868,0.0739948747274,0.0744761711904,0.0744226938056,0.0743157390361,0.0744583453955,0.0746366033447,0.0746187775498,0.0749931192432,0.0751357256025,0.0751535513975,0.0754565899112,0.0754031125264,0.0752248545772,0.0751357256025,0.0751535513975,0.0749574676533,0.0753496351416,0.0753496351416,0.075260506167,0.0752070287822,0.0754209383213,0.0753318093467,0.0754031125264,0.0757952800147,0.0756883252452,0.0754209383213,0.0755278930909,0.0758131058096,0.0759200605792,0.0757418026299,0.075973537964,0.0760448411436,0.0760804927335,0.076205273298,0.0762765764777,0.0763122280675,0.0764726602218,0.076668743966,0.076668743966,0.076668743966,0.0764013570421,0.0763300538624,0.0763478796573,0.076187447503,0.0761517959132,0.0758131058096,0.0759913637589,0.0761517959132,0.0758487573995,0.0757952800147,0.0757596284249,0.0758487573995,0.0755100672959,0.0755100672959,0.0753139835518,0.0750644224229,0.0751713771924,0.0753852867315,0.0758309316046,0.0755991962706,0.0752961577569,0.0752783319619,0.0751535513975,0.0750465966279,0.0751178998076,0.0755278930909,0.0753139835518,0.0751357256025,0.0748326870888,0.0751892029873,0.0757596284249,0.0755100672959,0.075492241501,0.0754565899112,0.0754565899112,0.0754387641162,0.0754744157061,0.0752961577569,0.0751535513975,0.0754744157061,0.0750465966279,0.0751357256025,0.075260506167,0.0756348478604,0.0756170220655,0.0759200605792,0.075973537964,0.0761517959132,0.0761696217081,0.0764726602218,0.0765083118117,0.0768113503254,0.0769717824797,0.0765796149914,0.0769004793,0.0773104725832,0.0775243821223,0.0776135110969,0.0776135110969,0.0776135110969,0.0773817757629,0.077132214634,0.0773104725832,0.0774352531477,0.0774174273528,0.0775422079172,0.0773996015578,0.0774709047375,0.0775600337121,0.0772391694035,0.0775243821223,0.0777561174563,0.0776491626868,0.0777026400715,0.0777739432512,0.0779522012005,0.0777026400715,0.0776848142766,0.0778987238157,0.0780948075598,0.0781304591497,0.078290891304,0.0786652329974,0.078754361972,0.0790930520756,0.0792534842299,0.0791108778705,0.0787721877669,0.0786295814076,0.0789326199213,0.0794852195639,0.0798773870522,0.080162599771,0.0805369414644,0.0803052061304,0.0801269481811,0.0802873803354,0.080394335105,0.0807865025933,0.0805725930542,0.0802873803354,0.0802873803354,0.0806795478238,0.0811964958765,0.0813747538258,0.081553011775,0.081784747109,0.0822125661872,0.08272951424,0.0827829916247,0.0831395075232,0.083192984908,0.0832464622927,0.0832999396775,0.0836921071658,0.0838168877303,0.0839416682948,0.0840486230643,0.0842268810135,0.084119926244,0.084119926244,0.0841021004491,0.0842803583983,0.0846725258866,0.0850646933749,0.0853142545039,0.0856707704023,0.085759899377,0.0860451120957,0.0864194537891,0.0866155375333,0.0869898792267,0.0873285693302,0.0876672594338,0.0877207368185,0.0878276915881,0.0882733364612,0.0884515944104,0.0885942007698,0.0893250583617,0.0895746194906,0.0899846127738,0.0901628707231,0.0901985223129,0.0903589544672,0.090644167186,0.0912502442134,0.0916245859068,0.0919632760103,0.0920702307799,0.0921058823697,0.0919989276002,0.0923197919088,0.0923376177037,0.0927654367819,0.0931041268854,0.093442816989,0.0938884618621,0.0940488940164,0.0941023714012,0.0942984551453,0.0943341067352,0.0943875841199,0.0947797516082,0.0952788738661,0.0953501770458,0.0956710413544,0.096009731458,0.0962058152021,0.0964375505361,0.0967227632549,0.0971505823331,0.0972753628975,0.0969188469991,0.0973466660772,0.0975427498214,0.0978814399249,0.0980596978742,0.0980062204894,0.0982736074132,0.0985231685422,0.0988440328508,0.0993253293137,0.0993253293137,0.0994501098782,0.0996818452122,0.0997887999817,0.0997174968021,0.100127490085,0.10021661906,0.100163141675,0.100555309163,0.100787044497,0.101036605626,0.100911825062,0.101000954037,0.100804870292,0.101054431421,0.10126834096,0.101179211986,0.101464424705,0.101482250499,0.101607031064,0.101927895373,0.102177456501,0.102123979117,0.102266585476,0.102712230349,0.102961791478,0.102854836709,0.103157875222,0.103068746248,0.103425262146,0.103674823275,0.103995687584,0.103977861789,0.103603520095,0.103835255429,0.103835255429,0.104013513379,0.104263074508,0.10481567415,0.104601764611,0.104797848355,0.104708719381,0.104833499945,0.10481567415,0.10492262892,0.104869151535,0.105011757894,0.105118712664,0.105279144818,0.105439576972,0.105510880152,0.105350447998,0.105796092871,0.106134782975,0.10601000241,0.106348692514,0.106740860002,0.106990421131,0.1070973759,0.107222156465,0.107739104518,0.107543020773,0.107899536672,0.107667801338,0.107703452928,0.107953014057,0.108095620416,0.108220400981,0.108345181545,0.108273878365,0.108576916879,0.108648220059,0.108612568469,0.108505613699,0.108648220059,0.108701697443,0.108844303803,0.109165168112,0.109307774471,0.109343426061,0.109343426061,0.109771245139,0.10952168401,0.110199064217,0.110020806268,0.109949503088,0.110359496371,0.110537754321,0.110912096014,0.110912096014,0.110876444424,0.111036876578,0.111482521452,0.11191034053,0.111981643709,0.112338159608,0.112676849711,0.112552069147,0.112712501301,0.11303336561,0.113175971969,0.113372055713,0.113639442637,0.114298997049,0.114708990333,0.114958551462,0.11531506736,0.115528976899,0.11535071895,0.115760712233,0.116170705516,0.116313311876,0.116313311876,0.116687653569,0.117026343673,0.117347207981,0.117489814341,0.117525465931,0.117507640136,0.117864156034,0.117864156034,0.118327626702,0.118345452497,0.118131542958,0.118220671933,0.117864156034,0.117578943315,0.117757201265,0.117899807624,0.118060239778,0.118167194548,0.118434581472,0.118701968396,0.118951529525,0.118844574755,0.11882674896,0.11893370373,0.119076310089,0.119361522808,0.119682387116,0.119646735527,0.119593258142,0.119753690296,0.120074554605,0.120538025273,0.120930192761,0.121464966609,0.121874959892,0.121785830917,0.122124521021,0.122587991689,0.122641469074,