# R script for Peak Model
#  -- generated by MACS
p <- c(0.0260431434074,0.0270932701577,0.0277233462079,0.0291935236583,0.0300336250585,0.0308737264588,0.031503802509,0.0323439039092,0.0336040560096,0.0348642081099,0.0357043095102,0.0363343855603,0.0373845123106,0.0382246137109,0.0388546897611,0.0396947911613,0.0409549432617,0.042215095362,0.0438952981625,0.0447353995627,0.0459955516631,0.0466256277133,0.0480958051637,0.0485158558638,0.049145931914,0.0495659826141,0.0499860333142,0.0504060840143,0.0499860333142,0.0495659826141,0.0497760079642,0.0495659826141,0.0497760079642,0.0499860333142,0.0499860333142,0.0497760079642,0.0499860333142,0.049355957264,0.0489359065639,0.0480958051637,0.0474657291135,0.0483058305137,0.0485158558638,0.0485158558638,0.049145931914,0.0489359065639,0.0485158558638,0.0472557037634,0.0470456784134,0.0470456784134,0.0468356530633,0.0466256277133,0.0470456784134,0.0468356530633,0.0464156023632,0.0459955516631,0.0472557037634,0.0478857798136,0.0480958051637,0.0476757544636,0.0476757544636,0.0483058305137,0.0478857798136,0.0480958051637,0.0487258812139,0.049145931914,0.0485158558638,0.0485158558638,0.0472557037634,0.0470456784134,0.0472557037634,0.0480958051637,0.0468356530633,0.0478857798136,0.0476757544636,0.0474657291135,0.0478857798136,0.0474657291135,0.0476757544636,0.0483058305137,0.0487258812139,0.049355957264,0.049145931914,0.0495659826141,0.0487258812139,0.0485158558638,0.0487258812139,0.049355957264,0.0495659826141,0.0504060840143,0.0514562107646,0.0508261347145,0.0499860333142,0.0497760079642,0.0495659826141,0.049145931914,0.0501960586643,0.0512461854146,0.0508261347145,0.0499860333142,0.0497760079642,0.0495659826141,0.0497760079642,0.049355957264,0.0501960586643,0.0508261347145,0.0495659826141,0.049355957264,0.0487258812139,0.0487258812139,0.0487258812139,0.0485158558638,0.049355957264,0.0487258812139,0.0485158558638,0.0480958051637,0.0485158558638,0.049145931914,0.049145931914,0.0499860333142,0.0495659826141,0.0485158558638,0.049145931914,0.0483058305137,0.0487258812139,0.0489359065639,0.0483058305137,0.0485158558638,0.0476757544636,0.0474657291135,0.0466256277133,0.0470456784134,0.0468356530633,0.0459955516631,0.0470456784134,0.0480958051637,0.0478857798136,0.0478857798136,0.0476757544636,0.0470456784134,0.0459955516631,0.0459955516631,0.0453654756129,0.0483058305137,0.0476757544636,0.049145931914,0.0485158558638,0.0483058305137,0.0487258812139,0.0489359065639,0.049145931914,0.0495659826141,0.0499860333142,0.0501960586643,0.0497760079642,0.0508261347145,0.0514562107646,0.0522963121649,0.0525063375149,0.052716362865,0.0531364135651,0.0533464389152,0.0529263882151,0.0531364135651,0.0535564642652,0.0533464389152,0.0531364135651,0.0533464389152,0.0541865403154,0.0537664896153,0.0535564642652,0.0543965656655,0.0552366670657,0.0558667431159,0.0558667431159,0.056076768466,0.0564968191661,0.0564968191661,0.0575469459164,0.0575469459164,0.0573369205663,0.0571268952163,0.0569168698662,0.0575469459164,0.0571268952163,0.0569168698662,0.0567068445161,0.0569168698662,0.0569168698662,0.0571268952163,0.0579669966165,0.0581770219666,0.0588070980167,0.0564968191661,0.0567068445161,0.056286793816,0.0558667431159,0.0554466924158,0.0550266417157,0.0552366670657,0.0558667431159,0.0558667431159,0.056286793816,0.0567068445161,0.0573369205663,0.056076768466,0.0558667431159,0.0548166163656,0.0554466924158,0.0546065910155,0.0539765149654,0.0531364135651,0.0531364135651,0.0537664896153,0.0539765149654,0.0541865403154,0.0546065910155,0.0531364135651,0.0522963121649,0.0522963121649,0.0522963121649,0.0522963121649,0.0510361600645,0.0506161093644,0.0516662361147,0.0512461854146,0.0514562107646,0.0516662361147,0.0501960586643,0.0495659826141,0.0506161093644,0.0495659826141,0.0499860333142,0.0501960586643,0.0504060840143,0.0497760079642,0.0508261347145,0.0506161093644,0.0508261347145,0.0514562107646,0.0506161093644,0.0514562107646,0.0512461854146,0.0518762614648,0.0522963121649,0.052716362865,0.0531364135651,0.0539765149654,0.0548166163656,0.0550266417157,0.0546065910155,0.0541865403154,0.0525063375149,0.0520862868148,0.0512461854146,0.0514562107646,0.0512461854146,0.0512461854146,0.0512461854146,0.0518762614648,0.0520862868148,0.0535564642652,0.0539765149654,0.0535564642652,0.052716362865,0.0529263882151,0.052716362865,0.0529263882151,0.0535564642652,0.0529263882151,0.0533464389152,0.0529263882151,0.0535564642652,0.0537664896153,0.0531364135651,0.0533464389152,0.0533464389152,0.0543965656655,0.056076768466,0.0564968191661,0.0567068445161,0.0581770219666,0.0581770219666,0.0575469459164,0.0577569712664,0.059857224767,0.0609073515173,0.0611173768674,0.0613274022174,0.0606973261673,0.0619574782676,0.0621675036177,0.0630076050179,0.0630076050179,0.0644777824683,0.0642677571183,0.0655279092186,0.0657379345687,0.0657379345687,0.0674181373692,0.0693083655197,0.07035849227,0.0709885683202,0.0724587457706,0.0743489739212,0.0747690246213,0.0762392020717,0.0768692781219,0.0764492274217,0.0768692781219,0.077289328822,0.0766592527718,0.0779194048722,0.0779194048722,0.0793895823226,0.0795996076726,0.0798096330227,0.0804397090729,0.0810697851231,0.0821199118734,0.0819098865233,0.0833800639737,0.084430190724,0.0856903428244,0.0863204188746,0.0867404695747,0.0890507484253,0.0886306977252,0.0886306977252,0.0901008751756,0.0896808244755,0.0890507484253,0.0898908498256,0.0901008751756,0.0909409765759,0.0896808244755,0.0882106470251,0.0896808244755,0.0898908498256,0.0898908498256,0.0901008751756,0.0915710526261,0.091361027276,0.0917810779761,0.091361027276,0.0915710526261,0.091361027276,0.0911510019259,0.0903109005257,0.0903109005257,0.0901008751756,0.0903109005257,0.0905209258758,0.0903109005257,0.0901008751756,0.091361027276,0.0898908498256,0.0905209258758,0.0915710526261,0.0922011286762,0.0934612807766,0.0936713061266,0.0932512554265,0.0945114075269,0.0945114075269,0.0947214328769,0.094931458227,0.0959815849773,0.0957715596272,0.0964016356774,0.0968216863775,0.0951414835771,0.0943013821768,0.0934612807766,0.0934612807766,0.0934612807766,0.0917810779761,0.0917810779761,0.0924111540263,0.0911510019259,0.0922011286762,0.0930412300765,0.0924111540263,0.0934612807766,0.0928312047264,0.0940913568268,0.094931458227,0.0934612807766,0.0934612807766,0.0936713061266,0.0936713061266,0.0928312047264,0.0934612807766,0.0924111540263,0.0922011286762,0.0911510019259,0.0907309512258,0.091361027276,0.0932512554265,0.0922011286762,0.0909409765759,0.0905209258758,0.0903109005257,0.0901008751756,0.0898908498256,0.0896808244755,0.0907309512258,0.0901008751756,0.0898908498256,0.0896808244755,0.0886306977252,0.0890507484253,0.0884206723752,0.087790596325,0.0867404695747,0.0867404695747,0.0865304442246,0.0854803174743,0.0861103935245,0.0848502414241,0.084430190724,0.0850602667742,0.0861103935245,0.0871605202748,0.0871605202748,0.087790596325,0.0888407230753,0.0894707991255,0.0898908498256,0.0909409765759,0.0911510019259,0.0915710526261,0.0926211793764,0.0930412300765,0.0940913568268,0.0940913568268,0.0938813314767,0.0945114075269,0.0953515089271,0.0968216863775,0.0972417370777,0.0976617877778,0.0968216863775,0.0995520159283,0.0987119145281,0.100602142679,0.101652269429,0.102282345479,0.102282345479,0.102492370829,0.102492370829,0.102702396179,0.10396254828,0.10375252293,0.103542497579,0.10375252293,0.10459262433,0.10522270038,0.10459262433,0.10522270038,0.10606280178,0.107743004581,0.109423207381,0.110263308781,0.111523460882,0.111943511582,0.113203663682,0.114673841133,0.114253790433,0.116774094633,0.117194145333,0.117614196033,0.118244272084,0.119294398834,0.120134500234,0.120974601634,0.120134500234,0.120554550934,0.119504424184,0.120974601634,0.121604677685,0.122444779085,0.122444779085,0.123074855135,0.124335007235,0.124755057935,0.126645286086,0.126855311436,0.126015210036,0.126225235386,0.125595159336,0.124755057935,0.126225235386,0.124965083286,0.126225235386,0.125385133986,0.124965083286,0.125175108636,0.126435260736,0.127695412836,0.129375615637,0.130425742387,0.130215717037,