# R script for Peak Model
#  -- generated by MACS
p <- c(0.0205538110191,0.0215295980069,0.0226299535463,0.0236472633846,0.0246853346482,0.0258687358887,0.026803000026,0.0279864012664,0.0291905639322,0.0300210209431,0.0311006150572,0.0322217320219,0.033301326136,0.034443204526,0.0355850829159,0.036810007007,0.03780655542,0.0389691952353,0.0397373679703,0.0397581293956,0.0401525964757,0.0396750836945,0.0396543222692,0.0397996522461,0.0398619365219,0.0401110736252,0.0402979264527,0.0404640178548,0.040401733579,0.0408377235097,0.0411906677393,0.040858484935,0.0412114291646,0.0414398048426,0.0419796018997,0.0424363532557,0.0424571146809,0.0425193989567,0.0431007188644,0.0432668102665,0.0431630031402,0.0432668102665,0.043225287416,0.0433913788182,0.0437858458983,0.0437235616225,0.0438481301741,0.0443879272312,0.0443256429554,0.0446578257597,0.0450107699894,0.0450938156904,0.045135338541,0.0450938156904,0.0453014299432,0.0454882827706,0.046360262632,0.046817013988,0.0466509225858,0.0471491967924,0.0474190953209,0.0476059481483,0.0477512781252,0.0479173695274,0.0481665066307,0.0485402122856,0.0488516336647,0.0484779280098,0.0485402122856,0.0492253393195,0.0494952378481,0.0496613292503,0.0497651363766,0.0498481820777,0.0500142734799,0.0504502634106,0.0501388420315,0.0506163548128,0.0510315833182,0.0513845275478,0.0517374717774,0.0518412789038,0.0521942231334,0.0526094516389,0.0529001115927,0.0531077258454,0.0534191472245,0.0532738172476,0.0533568629486,0.0535437157761,0.0540004671321,0.0543118885111,0.0545817870397,0.0551215840967,0.0549347312693,0.0550177769704,0.0555160511769,0.0557236654296,0.0558067111307,0.0560973710845,0.0562634624867,0.0560350868087,0.056055848234,0.0557651882802,0.0557029040044,0.056055848234,0.0563465081878,0.056284223912,0.0562219396362,0.0563465081878,0.0560350868087,0.0562634624867,0.0566164067163,0.0567202138427,0.0571146809228,0.0572600108997,0.0573222951756,0.0575299094283,0.0576129551294,0.0575299094283,0.0573845794514,0.0576337165546,0.0573430566008,0.0575506708536,0.0577167622557,0.0577998079568,0.0577167622557,0.057737523681,0.0576337165546,0.0577998079568,0.0576544779799,0.0571146809228,0.0569901123712,0.056740975268,0.0565541224405,0.0563880310383,0.0564503153141,0.0563257467625,0.0565333610152,0.0570108737965,0.0570939194976,0.0569485895207,0.0571146809228,0.0574053408767,0.0570316352218,0.0570108737965,0.057052396647,0.0571146809228,0.0573638180261,0.0571769651987,0.0568032595438,0.0569278280954,0.0567617366932,0.0559935639582,0.0558689954065,0.0554745283264,0.0557029040044,0.0557651882802,0.0554952897516,0.0552876754989,0.0553291983495,0.0549554926946,0.0547271170166,0.0546648327408,0.0546648327408,0.0544987413386,0.0542496042353,0.054145797109,0.0542288428101,0.0542911270859,0.0544987413386,0.054457218488,0.0544987413386,0.0543534113617,0.0540627514079,0.0537513300288,0.053689045753,0.0534191472245,0.0532945786728,0.0538136143046,0.0538966600057,0.0534814315003,0.0533776243739,0.0530869644201,0.0533153400981,0.0533361015234,0.0531077258454,0.0531492486959,0.0533776243739,0.0531077258454,0.0531907715465,0.0535229543508,0.0533776243739,0.053460670075,0.0532530558223,0.0532115329717,0.0533361015234,0.0530246801443,0.0533776243739,0.0532738172476,0.053460670075,0.0533153400981,0.0533568629486,0.053689045753,0.0537098071783,0.0536682843277,0.0535229543508,0.0532738172476,0.0531077258454,0.0531077258454,0.0531907715465,0.0533983857992,0.0533983857992,0.053689045753,0.0537305686035,0.0536682843277,0.0537928528794,0.0536060000519,0.0533153400981,0.053689045753,0.0540419899826,0.0541665585342,0.0545402641891,0.0547271170166,0.054913969844,0.0551008226715,0.0550592998209,0.0552876754989,0.0554952897516,0.0555368126022,0.0559312796824,0.0561804167856,0.0560973710845,0.0563672696131,0.0566994524174,0.0571354423481,0.0569070666701,0.0573845794514,0.0574468637272,0.0575714322788,0.0580074222095,0.0580697064854,0.0588378792204,0.0592531077258,0.060104326162,0.0608102146212,0.0611216360003,0.0615783873563,0.061786001609,0.0618482858848,0.0623050372408,0.0625334129188,0.0626164586199,0.0635091999066,0.0636337684582,0.0638413827109,0.0643396569174,0.0649002153998,0.065834479537,0.0664780837204,0.0663742765941,0.0667064593984,0.0669971193522,0.0675784392599,0.0682428048686,0.0691563075805,0.0697168660629,0.0705473230737,0.0709833130044,0.0711701658319,0.0721459528197,0.0726442270262,0.0729141255547,0.0734539226118,0.074159811071,0.0750317909324,0.0756131108401,0.0764020450004,0.0770871720344,0.0777722990683,0.078208288999,0.0785197103781,0.078893416033,0.0795577816417,0.0804090000779,0.0810526042613,0.0820076298238,0.0828588482599,0.0836062595697,0.0844159551553,0.0850387979135,0.0850180364882,0.0856616406716,0.0863882905561,0.0871772247165,0.0877585446241,0.0879869203021,0.0886512859108,0.0895025043469,0.0904160070589,0.0911841797939,0.0917447382763,0.0922430124828,0.0922430124828,0.0925544338619,0.0930734694937,0.0934679365738,0.0942983935847,0.0946098149638,0.0953779876989,0.096229206135,0.0968935717437,0.097225754548,0.0975994602029,0.0980769729842,0.0985337243402,0.0986582928918,0.0989281914203,0.0991773285236,0.100049308385,0.10042301404,0.100256922638,0.100506059741,0.100755196844,0.100589105442,0.100859003971,0.101191186775,0.101128902499,0.101419562453,0.101980120935,0.102270780889,0.102519917992,0.102810577946,0.102644486544,0.102582202268,0.102810577946,0.102229258039,0.101855552384,0.102063166636,0.102291542314,0.102146212337,0.102000882361,0.102125450912,0.101647938131,0.101855552384,0.101751745257,0.10160641528,0.101004333948,0.100526821166,0.100215399787,0.100298445488,0.0996340798796,0.0994679884774,0.0994679884774,0.0993226585005,0.0993226585005,0.098824384294,0.0985129629149,0.0981600186853,0.0983053486622,0.0981807801106,0.0979316430073,0.097910881582,0.0977655516051,0.0975994602029,0.0973918459502,0.0974126073755,0.097371084525,0.0973295616744,0.0973088002491,0.0968935717437,0.0966236732152,0.0966029117899,0.0967897646173,0.0972672773986,0.0971219474217,0.0972880388239,0.0967897646173,0.0971011859964,0.0971011859964,0.097225754548,0.0977655516051,0.0977240287546,0.0977240287546,0.0977863130304,0.0980977344095,0.0983053486622,0.0987413385929,0.0986375314665,0.0991773285236,0.0994887499027,0.0996340798796,0.0995510341785,0.0995510341785,0.0999247398334,0.0998832169828,0.0996548413049,0.0998416941323,0.0998001712818,0.100049308385,0.100319206914,0.100755196844,0.101191186775,0.102083928062,0.102623725119,0.102852100797,0.103350375003,0.103516466405,0.10428463914,0.104949004749,0.105613370358,0.105551086082,0.105945553162,0.106506111645,0.106547634495,0.107191238679,0.107481898632,0.10806321854,0.108436924195,0.108561492746,0.108872914126,0.109537279734,0.110492305297,0.111405808009,0.111779513664,0.111717229388,0.112153219319,0.112547686399,0.112776062077,0.113045960605,0.113668803363,0.113980224742,0.114540783225,0.114665351776,0.115537331638,0.116035605844,0.116533880051,0.116907585706,0.117032154257,0.117385098487,0.117343575636,0.117571951314,0.117696519866,0.117758804142,0.117800326992,0.11834012405,0.118693068279,0.119232865336,0.119544286715,0.11987646952,0.120623880829,0.121392053564,0.121537383541,0.121994134897,0.122513170529,0.123219058988,0.123530480367,0.124423221654,0.12527444009,0.126084135676,0.126623932733,0.126935354112,0.127578958295,0.128533983858,0.129655100823,0.130464796408,0.131087639166,0.132229517556,0.133329873096,0.134347182934,0.135322969922,0.136817792541,0.138021955207,0.139101549321,0.140388757688,0.141738250331,0.143087742974,0.144063529961,0.145371499753,0.146720992396,0.148236576441,0.149876729037,0.151496120209,0.152845612851,0.153883684115,0.155067085355,0.156395816573,0.158305867698,0.159800690317,0.160734954455,0.16303947266,0.165011808061,0.166610437807,0.168188306127,0.170347494355,0.172174499779,0.173939220928,0.175143383593,0.176638206213,0.178444450212,0.180520592739,0.182160745335,0.184444502115,0.186479121792,0.188783639997,0.190672929697,0.19210546804,0.194160849142,