# R script for Peak Model
#  -- generated by MACS
p <- c(0.0276847326707,0.029820194144,0.0320319220984,0.0332521857974,0.0348537819023,0.0361503120824,0.0375231087438,0.038819638924,0.0416414987279,0.0432430948328,0.0448446909377,0.0462174875991,0.0479716166664,0.0501070781396,0.0516324077633,0.0533865368306,0.0546068005296,0.0569710614464,0.0578099927394,0.0581913251454,0.0583438581077,0.0577337262582,0.0579625257018,0.0576574597771,0.0570473279276,0.0570473279276,0.0566659955216,0.0571998608899,0.0575811932959,0.0584963910701,0.0591065229196,0.0593353223632,0.0594878553255,0.0600217206938,0.0598691877315,0.0598691877315,0.060479319581,0.0599454542127,0.0595641218067,0.0597929212503,0.060097987175,0.0598691877315,0.0600217206938,0.0597929212503,0.0581913251454,0.0578099927394,0.058038792183,0.0578099927394,0.0579625257018,0.0576574597771,0.0577337262582,0.0578099927394,0.0578099927394,0.0577337262582,0.0573523938523,0.056818528484,0.0562083966345,0.0574286603335,0.0571998608899,0.0581913251454,0.0584201245889,0.0583438581077,0.0587251905137,0.0584201245889,0.0581150586642,0.0578099927394,0.0560558636721,0.055979597191,0.0562846631157,0.0571998608899,0.0570473279276,0.0577337262582,0.0570473279276,0.0569710614464,0.0569710614464,0.0575049268147,0.056818528484,0.0581150586642,0.058038792183,0.058877723476,0.0596403882879,0.060097987175,0.0597166547691,0.0597166547691,0.0594115888443,0.058877723476,0.0588014569949,0.0584201245889,0.0587251905137,0.058038792183,0.0579625257018,0.0584963910701,0.0595641218067,0.059259055882,0.0594115888443,0.0586489240325,0.0585726575513,0.0583438581077,0.0583438581077,0.0586489240325,0.0591827894008,0.0586489240325,0.0593353223632,0.0591827894008,0.0586489240325,0.0575049268147,0.0567422620028,0.0562846631157,0.0565897290404,0.0571998608899,0.0575811932959,0.0574286603335,0.058038792183,0.0575049268147,0.0574286603335,0.0572761273711,0.0570473279276,0.056818528484,0.0573523938523,0.0575049268147,0.0577337262582,0.0581913251454,0.058038792183,0.0584201245889,0.0584963910701,0.058038792183,0.0581150586642,0.0578862592206,0.056818528484,0.0570473279276,0.0570473279276,0.0569710614464,0.0573523938523,0.0575811932959,0.0578099927394,0.0578862592206,0.0571235944088,0.0576574597771,0.0578862592206,0.0585726575513,0.0587251905137,0.0588014569949,0.0593353223632,0.0591065229196,0.0583438581077,0.0578862592206,0.0571235944088,0.0569710614464,0.0564371960781,0.055979597191,0.0557507977474,0.0555219983038,0.0559033307098,0.0559033307098,0.055598264785,0.0555219983038,0.0553694653415,0.0548355999732,0.0558270642286,0.0552169323791,0.0548355999732,0.0550643994167,0.0549881329355,0.054759333492,0.0554457318226,0.0552169323791,0.0551406658979,0.0559033307098,0.0554457318226,0.0560558636721,0.0557507977474,0.0552931988603,0.0556745312662,0.055598264785,0.0554457318226,0.0553694653415,0.0550643994167,0.0552931988603,0.0552931988603,0.0560558636721,0.0573523938523,0.0569710614464,0.0568947949652,0.0575811932959,0.0579625257018,0.0577337262582,0.0584963910701,0.058877723476,0.0582675916266,0.0583438581077,0.0584201245889,0.0589539899572,0.0581913251454,0.0587251905137,0.0578099927394,0.0581913251454,0.0587251905137,0.0587251905137,0.0584963910701,0.0583438581077,0.0581913251454,0.0584201245889,0.0583438581077,0.0572761273711,0.0575049268147,0.056818528484,0.0574286603335,0.0575811932959,0.0579625257018,0.0575049268147,0.0574286603335,0.0574286603335,0.058038792183,0.0583438581077,0.0584201245889,0.058038792183,0.0571998608899,0.0571235944088,0.0576574597771,0.0577337262582,0.0573523938523,0.0575049268147,0.0576574597771,0.0570473279276,0.0577337262582,0.0583438581077,0.0585726575513,0.0584201245889,0.0599454542127,0.0596403882879,0.0603267866186,0.0606318525433,0.0602505201374,0.0599454542127,0.0609369184681,0.061318250874,0.0620809156859,0.0614707838364,0.0610131849493,0.0615470503176,0.0618521162423,0.0626910475354,0.062538514573,0.0630723799413,0.0621571821671,0.0623859816106,0.062538514573,0.0624622480918,0.0622334486483,0.0612419843928,0.0610894514305,0.0607081190245,0.0605555860621,0.0610894514305,0.0612419843928,0.0600217206938,0.0598691877315,0.0607843855057,0.0613945173552,0.0615470503176,0.061318250874,0.0607081190245,0.0608606519869,0.0613945173552,0.0603267866186,0.0604030530998,0.0607081190245,0.0606318525433,0.0606318525433,0.0613945173552,0.0613945173552,0.0616995832799,0.0607081190245,0.0610894514305,0.0618521162423,0.0619283827235,0.0616233167988,0.061318250874,0.0608606519869,0.0604030530998,0.0610131849493,0.0623097151294,0.0629198469789,0.0633011793849,0.0635299788284,0.0643689101215,0.0647502425274,0.0660467727076,0.0673433028878,0.0678009017749,0.0684110336244,0.069478764361,0.0702414291728,0.0706227615788,0.0702414291728,0.0712328934283,0.071537959353,0.0719192917589,0.0719955582401,0.0726819565708,0.0739022202698,0.0752750169312,0.0752750169312,0.0752750169312,0.0767240800737,0.0776392778479,0.0780206102539,0.0787070085846,0.0799272722835,0.0801560717271,0.0804611376518,0.080918736539,0.0811475359825,0.0810712695013,0.0816051348696,0.082139000238,0.0829016650498,0.082139000238,0.0828253985686,0.0838168628241,0.0838931293052,0.0838931293052,0.0845032611547,0.0836643298617,0.0832829974558,0.0838931293052,0.0833592639369,0.0836643298617,0.08419819523,0.0835880633805,0.0843507281924,0.0836643298617,0.0844269946735,0.0845032611547,0.0847320605983,0.0833592639369,0.0830541980122,0.0824440661627,0.0818339343132,0.0827491320874,0.0827491320874,0.0829016650498,0.0822152667191,0.0826728656063,0.0822152667191,0.0823677996815,0.0818339343132,0.0815288683885,0.0820627337568,0.0823677996815,0.0831304644934,0.0836643298617,0.0841219287488,0.0848083270795,0.0837405963429,0.0832067309746,0.0839693957864,0.0840456622676,0.0845032611547,0.0851896594854,0.0856472583725,0.0851896594854,0.0853421924478,0.085418458929,0.0858760578161,0.086638722628,0.0864861896656,0.0880877857705,0.0878589863269,0.0892317829883,0.0889267170636,0.0908333790932,0.0913672444615,0.0918248433486,0.0922824422358,0.0925112416793,0.0922824422358,0.0918248433486,0.0934264394536,0.0927400411229,0.0928925740853,0.0930451070476,0.0948755025961,0.0957907003704,0.0949517690773,0.0950280355585,0.0951805685209,0.095638167408,0.0955619009268,0.0950280355585,0.0959432333327,0.0954856344456,0.0954093679644,0.0961720327763,0.0963245657387,0.0970872305505,0.0972397635129,0.0982312277683,0.098917626099,0.0990701590614,0.0983837607307,0.0992226920237,0.0999853568356,0.100214156279,0.100671755166,0.10029042276,0.101586952941,0.10219708479,0.103341082008,0.104027480339,0.105552809962,0.106620540699,0.107459471992,0.108679735691,0.108908535134,0.109747466427,0.110891463645,0.112721859194,0.111882927901,0.113026925119,0.114704787705,0.116763982697,0.117450381027,0.117984246396,0.118975710651,0.120119707869,0.121187438605,0.122331435823,0.123780498966,0.125077029146,0.125382095071,0.125077029146,0.126068493401,0.126297292845,0.127212490619,0.128814086724,0.129653018017,0.129576751536,0.129271685611,0.129271685611,0.128966619687,0.129729284498,0.130568215791,0.131483413566,0.130949548197,0.131178347641,0.131483413566,0.131483413566,0.131330880603,0.131864745972,0.132322344859,0.13369514152,0.134686605776,0.135067938181,0.136669534286,0.13628820188,0.137203399655,0.136364468362,0.136593267805,0.137508465579,0.13819486391,0.138881262241,0.139110061684,0.140635391308,0.141703122045,0.141550589082,0.142313253894,0.144448715367,0.145363913142,0.146965509247,0.148033239983,0.148109506464,0.150168701456,0.151236432193,0.153753226072,0.154592157365,0.15749028365,0.158176681981,0.158863080312,0.159168146236,0.161074808266,0.161379874191,0.163515335664,0.164964398807,0.167633725648,0.168777722866,0.169845453603,0.170379318971,0.171447049707,0.172057181557,0.17419264303,0.17609930506,0.178539832458,0.181209159299,0.183344620773,0.185937681133,0.187157944832,0.189293406305,0.191733933703,0.193182996846,0.195242191838,0.197225120349,0.199436848303,0.202334974588,0.20500430143,0.205995765685,