# R script for Peak Model
#  -- generated by MACS
p <- c(0.0396426851205,0.0408488520106,0.0415725521446,0.0427787190347,0.0443869415548,0.0447889971848,0.0457539306969,0.0467992753349,0.047844619973,0.0491311979891,0.0501765426271,0.0513827095172,0.0529105209113,0.0533929876673,0.0543579211794,0.0555640880695,0.0570114883376,0.0582980663537,0.0591825887397,0.0603083445038,0.0610320446378,0.0622382115279,0.0629619116619,0.064087667426,0.0650526009381,0.0663391789542,0.0678669903483,0.0684298682303,0.0691535683643,0.0704401463804,0.0714050798925,0.0723700134045,0.0738978247986,0.0747823471847,0.0763905697048,0.0759081029488,0.0758276918228,0.0759081029488,0.0760689252008,0.0760689252008,0.0763905697048,0.0761493363268,0.0767122142088,0.0771946809648,0.0775967365949,0.0772750920908,0.0775967365949,0.0767926253348,0.0765513919568,0.0763905697048,0.0764709808308,0.0762297474528,0.0764709808308,0.0764709808308,0.0754256361927,0.0756668695707,0.0753452250667,0.0758276918228,0.0757472806967,0.0758276918228,0.0756668695707,0.0760689252008,0.0756668695707,0.0757472806967,0.0759885140748,0.0757472806967,0.0759081029488,0.0763905697048,0.0767926253348,0.0759081029488,0.0755864584447,0.0756668695707,0.0766318030828,0.0759885140748,0.0755060473187,0.0763905697048,0.0764709808308,0.0765513919568,0.0760689252008,0.0763905697048,0.0762297474528,0.0758276918228,0.0751039916887,0.0753452250667,0.0756668695707,0.0751039916887,0.0748627583107,0.0743802915547,0.0742998804287,0.0743802915547,0.0746215249327,0.0743802915547,0.0744607026807,0.0742998804287,0.0744607026807,0.0742194693027,0.0738978247986,0.0741390581766,0.0746215249327,0.0742998804287,0.0747019360587,0.0747019360587,0.0740586470506,0.0741390581766,0.0735761802946,0.0739782359246,0.0747823471847,0.0746215249327,0.0747823471847,0.0747019360587,0.0741390581766,0.0738978247986,0.0732545357906,0.0730937135386,0.0731741246646,0.0730937135386,0.0726112467825,0.0727720690346,0.0727720690346,0.0728524801606,0.0730937135386,0.0734153580426,0.0728524801606,0.0722091911525,0.0722091911525,0.0722091911525,0.0721287800265,0.0722896022785,0.0722896022785,0.0722896022785,0.0729328912866,0.0726112467825,0.0726112467825,0.0720483689005,0.0714050798925,0.0721287800265,0.0716463132705,0.0713246687665,0.0709226131364,0.0713246687665,0.0715659021445,0.0709226131364,0.0700380907504,0.0706009686324,0.0703597352544,0.0699576796244,0.0701989130024,0.0699576796244,0.0701185018764,0.0691535683643,0.0690731572383,0.0689927461123,0.0687515127343,0.0689927461123,0.0685906904823,0.0691535683643,0.0689123349863,0.0687515127343,0.0689123349863,0.0689927461123,0.0690731572383,0.0689123349863,0.0695556239944,0.0697164462464,0.0690731572383,0.0689927461123,0.0689123349863,0.0691535683643,0.0689123349863,0.0692339794903,0.0690731572383,0.0694752128684,0.0700380907504,0.0701185018764,0.0706009686324,0.0703597352544,0.0697164462464,0.0694752128684,0.0689123349863,0.0691535683643,0.0694752128684,0.0693948017423,0.0695556239944,0.0686711016083,0.0685102793563,0.0691535683643,0.0689123349863,0.0694752128684,0.0695556239944,0.0696360351204,0.0693143906163,0.0689123349863,0.0685102793563,0.0685102793563,0.0688319238603,0.0686711016083,0.0684298682303,0.0682690459783,0.0687515127343,0.0687515127343,0.0680278126003,0.0684298682303,0.0684298682303,0.0686711016083,0.0691535683643,0.0688319238603,0.0688319238603,0.0688319238603,0.0689927461123,0.0688319238603,0.0690731572383,0.0696360351204,0.0699576796244,0.0699576796244,0.0699576796244,0.0703597352544,0.0698772684984,0.0697968573724,0.0701989130024,0.0711638465145,0.0714050798925,0.0719679577745,0.0728524801606,0.0732545357906,0.0731741246646,0.0730937135386,0.0735761802946,0.0740586470506,0.0743802915547,0.0742998804287,0.0742194693027,0.0744607026807,0.0743802915547,0.0742998804287,0.0746215249327,0.0747823471847,0.0751039916887,0.0747823471847,0.0749431694367,0.0741390581766,0.0742998804287,0.0738978247986,0.0737370025466,0.0740586470506,0.0737370025466,0.0738978247986,0.0742998804287,0.0747823471847,0.0750235805627,0.0750235805627,0.0750235805627,0.0757472806967,0.0759885140748,0.0771142698388,0.0777575588469,0.0778379699729,0.0781596144769,0.0776771477209,0.0783204367289,0.0785616701069,0.079446192493,0.080009070375,0.080169892627,0.0806523593831,0.0811348261391,0.0815368817691,0.0822605819032,0.0825822264072,0.0821801707771,0.0819389373991,0.0828234597852,0.0826626375332,0.0837079821712,0.0842708600533,0.0841904489273,0.0842708600533,0.0845925045573,0.0845120934313,0.0846729156833,0.0849141490613,0.0845120934313,0.0849945601873,0.0849141490613,0.0840296266753,0.0839492155493,0.0837883932973,0.0845925045573,0.0848337379353,0.0852357935653,0.0851553824393,0.0852357935653,0.0855574380694,0.0853966158174,0.0857986714474,0.0866027827074,0.0870852494635,0.0867636049594,0.0865223715814,0.0868440160854,0.0870048383375,0.0875677162195,0.0875677162195,0.0875677162195,0.0874068939675,0.0878089495975,0.0883718274795,0.0885326497315,0.0895779943696,0.0899800499996,0.0909449835117,0.0914274502677,0.0923119726538,0.0923119726538,0.0927944394098,0.0923923837798,0.0924727949058,0.0923923837798,0.0925532060318,0.0928748505358,0.0926336171578,0.0928748505358,0.0931160839138,0.0927944394098,0.0920707392758,0.0916686836457,0.0912666280157,0.0916686836457,0.0925532060318,0.0920707392758,0.0927944394098,0.0929552616618,0.0933573172918,0.0945634841819,0.0940006062999,0.0933573172918,0.0928748505358,0.0929552616618,0.0926336171578,0.0927944394098,0.0930356727878,0.0927140282838,0.0927140282838,0.0927140282838,0.0924727949058,0.0923119726538,0.0919903281498,0.0923119726538,0.0927140282838,0.0931964950398,0.0927944394098,0.0929552616618,0.0927140282838,0.0928748505358,0.0941614285519,0.0948851286859,0.095126362064,0.09560882882,0.095850062198,0.096493351206,0.096171706702,0.096252117828,0.09601088445,0.096171706702,0.09560882882,0.095528417694,0.095769651072,0.0966541734581,0.0966541734581,0.0966541734581,0.0966541734581,0.0966541734581,0.0968954068361,0.0969758179621,0.0975386958441,0.0976191069701,0.0976191069701,0.0972170513401,0.0968954068361,0.0969758179621,0.0972170513401,0.0968149957101,0.096252117828,0.09641294008,0.095448006568,0.096493351206,0.0968149957101,0.0976191069701,0.0976191069701,0.0976995180961,0.0987448627342,0.0985840404822,0.0980211626001,0.0985036293562,0.0987448627342,0.0985036293562,0.0993077406162,0.10003144075,0.0996293851202,0.0994685628682,0.0988252738602,0.0981015737261,0.0982623959782,0.0980211626001,0.0989056849862,0.0996293851202,0.0997902073723,0.0997097962462,0.100353085254,0.100674729758,0.101076785388,0.100915963136,0.101478841018,0.10083555201,0.10123760764,0.101720074396,0.101961307774,0.102363363404,0.102604596782,0.102926241286,0.103569530294,0.103810763673,0.103891174799,0.104534463807,0.104212819303,0.103730352546,0.103730352546,0.103006652412,0.10324788579,0.102363363404,0.102765419034,0.10324788579,0.103328296916,0.102926241286,0.103328296916,0.103006652412,0.102765419034,0.102524185656,0.10324788579,0.103087063538,0.102765419034,0.10284583016,0.10244377453,0.102685007908,0.102524185656,0.102926241286,0.103087063538,0.103408708042,0.103569530294,0.10284583016,0.102765419034,0.102926241286,0.103328296916,0.102685007908,0.10284583016,0.102282952278,0.102765419034,0.101880896648,0.102122130026,0.102122130026,0.101880896648,0.101800485522,0.102524185656,0.102282952278,0.102122130026,0.1020417189,0.101880896648,0.101318018766,0.10163966327,0.101720074396,0.1020417189,0.102685007908,0.10244377453,0.102604596782,0.102282952278,0.101800485522,0.102122130026,0.102282952278,0.10244377453,0.102282952278,0.101961307774,0.102524185656,0.103006652412,0.103569530294,0.103569530294,0.103810763673,0.104293230429,0.103408708042,0.103167474664,0.102604596782,0.102765419034,0.102926241286,0.103569530294,0.103489119168,0.104212819303,0.104373641555,0.104293230429,0.104132408177,0.10364994142,0.104695286059,0.104695286059,0.104614874933,0.105579808445,0.106383919705,0.107188030965,0.107831319973,