# R script for Peak Model
#  -- generated by MACS
p <- c(0.0107337497066,0.0109693326906,0.0113816029125,0.01160246196,0.0120147321819,0.0124122784673,0.0126920332608,0.0129865119907,0.0133546104032,0.0136490891331,0.0139141199901,0.0142822184025,0.0146503168149,0.0150036912909,0.0152687221478,0.0156662684333,0.0159165753537,0.0162552258932,0.0165644285596,0.0169178030355,0.017138662083,0.017433140813,0.0178306870984,0.0181251658283,0.0185374360503,0.0187730190342,0.0190380498912,0.0194208722401,0.0197153509701,0.020127621192,0.0204368238584,0.0207165786519,0.0208343701439,0.0208196462074,0.0208490940804,0.0208638180169,0.0209227137628,0.0209963334453,0.0211582967468,0.0212466403658,0.0212760882388,0.0214527754768,0.0215705669687,0.0217472542067,0.0218208738892,0.0218797696352,0.0219533893177,0.0219386653812,0.0218061499527,0.0219239414447,0.0220270090002,0.0221595244286,0.0221448004921,0.0222478680476,0.0222920398571,0.0222478680476,0.0223067637936,0.0221448004921,0.0222036962381,0.0221595244286,0.0221889723016,0.0222920398571,0.0222331441111,0.0222920398571,0.0223951074126,0.022674862206,0.022645414333,0.022763205825,0.022851549444,0.022733757952,0.0227779297615,0.022763205825,0.0228662733805,0.02291044519,0.0229546169995,0.0228957212535,0.0229840648725,0.023057684555,0.0231313042375,0.0231607521105,0.0231018563645,0.0230429606185,0.0231313042375,0.0232049239199,0.0234552308404,0.0234405069039,0.0233374393484,0.0235582983959,0.0234994026499,0.0236171941419,0.0235877462689,0.0235582983959,0.0235877462689,0.0235435744594,0.0235141265864,0.0236760898879,0.0236466420149,0.0237644335069,0.0236171941419,0.0235730223324,0.0235288505229,0.0234846787134,0.0234257829674,0.0233227154119,0.0232490957294,0.023028236682,0.022998788809,0.0228368255075,0.0228957212535,0.0227779297615,0.022763205825,0.0228073776345,0.022822101571,0.022880997317,0.0228662733805,0.0228368255075,0.0227484818885,0.022645414333,0.022645414333,0.0227484818885,0.0227484818885,0.022969340936,0.0229546169995,0.02291044519,0.0230135127455,0.0229546169995,0.0229840648725,0.022998788809,0.023057684555,0.02291044519,0.0229546169995,0.022998788809,0.0228957212535,0.0229251691265,0.0230135127455,0.0232049239199,0.0231901999835,0.0231018563645,0.0232049239199,0.0231901999835,0.023057684555,0.0229546169995,0.0229840648725,0.022939893063,0.0230429606185,0.0230429606185,0.0230724084915,0.023028236682,0.0229251691265,0.022969340936,0.0230429606185,0.0229840648725,0.023087132428,0.023057684555,0.0231901999835,0.0232490957294,0.0233374393484,0.0233227154119,0.0235141265864,0.0234699547769,0.0235435744594,0.0236171941419,0.0238969489353,0.0239116728718,0.0240147404273,0.0241472558558,0.0242355994748,0.0244564585222,0.0246036978872,0.0246773175697,0.0247951090617,0.0249276244901,0.0251043117281,0.0251779314106,0.0252368271566,0.0254282383311,0.0256196495055,0.025693269188,0.0257374409975,0.0258257846165,0.0259730239815,0.0261644351559,0.0263852942034,0.0265030856954,0.0266061532509,0.0266208771874,0.0267386686793,0.0269595277268,0.0269448037903,0.0270920431553,0.0273129022027,0.0272687303932,0.0274159697582,0.0275484851867,0.0276810006152,0.0277546202977,0.0279902032816,0.0281079947736,0.0282994059481,0.0281668905196,0.0282405102021,0.0284319213765,0.0284319213765,0.028505541059,0.028770571916,0.0290944985189,0.0293300815029,0.0293006336299,0.0294773208679,0.0297276277883,0.0297865235343,0.0297570756613,0.0299337628993,0.0302724134387,0.0304343767402,0.0305079964227,0.0304785485497,0.0308171990891,0.0310969538826,0.0311852975016,0.031229469311,0.03131781293,0.0316270155965,0.0318773225169,0.0320245618819,0.0321718012469,0.0321276294374,0.0324368321038,0.0325693475323,0.0326576911513,0.0327313108338,0.0328196544528,0.0329963416907,0.0333202682937,0.0333349922302,0.0333349922302,0.0332024768017,0.0335411273411,0.0337030906426,0.0337767103251,0.0338061581981,0.0337030906426,0.0337619863886,0.0340564651186,0.0342626002295,0.0343214959755,0.034424563531,0.0346454225784,0.0348073858799,0.0349251773719,0.0352785518478,0.0354405151493,0.0356613741968,0.0359264050537,0.0359411289902,0.0363386752757,0.0365153625136,0.0366626018786,0.0367803933706,0.036942356672,0.036942356672,0.0371632157195,0.0372810072115,0.0378994125444,0.0381644434013,0.0386650572422,0.0389300880992,0.0392687386386,0.0395337694956,0.0395632173686,0.0399754875905,0.0404024817489,0.0406969604789,0.0409914392088,0.0414331573038,0.0418895993352,0.0421546301921,0.0422576977476,0.0424343849856,0.042802483398,0.0432294775565,0.0435681280959,0.0437300913974,0.0442601531113,0.0447165951427,0.0452172089836,0.0453055526026,0.0456294792055,0.0462037127289,0.0466012590144,0.0470135292363,0.0474110755217,0.0480442047911,0.0482356159656,0.0483534074576,0.048662610124,0.0492368436474,0.0495460463138,0.0499583165358,0.0504147585672,0.0509006484716,0.05132764263,0.0517251889155,0.0520196676454,0.0525350054228,0.0532123065017,0.0540368469456,0.0542724299295,0.0546994240879,0.0553031054843,0.0560245783727,0.0566871555151,0.0572908369115,0.0578503464984,0.0582331688473,0.0587337826882,0.0593963598306,0.0599558694175,0.060382863576,0.0609865449723,0.0618699811622,0.0627681412885,0.0633865466214,0.0641669152558,0.0651681429376,0.065919063699,0.0669350153173,0.0675681445867,0.06843685684,0.0688932988715,0.0696000478233,0.0704982079497,0.0713521962665,0.0726037308688,0.0730307250272,0.0736933021696,0.074650358042,0.0755632421048,0.0763288868027,0.077079807564,0.0777865565159,0.0788614038802,0.0797890118796,0.0804810368949,0.0811141661643,0.0817031236242,0.0827043513061,0.0836466832419,0.0843828800668,0.0851632487011,0.086105580637,0.0869890168268,0.0877252136517,0.088623373778,0.0898160126343,0.0906111052052,0.0917154004425,0.0928638674893,0.0941890217741,0.0948957707259,0.0957497590428,0.0967362627881,0.0979289016444,0.0989743011357,0.100314179357,0.101462646404,0.102640561324,0.10349454964,0.104790256052,0.1061006864,0.107072466209,0.108250381129,0.109737498715,0.111298235984,0.112299463666,0.113492102522,0.114861428616,0.116171858965,0.117570632932,0.118895787217,0.120279837247,0.121634439405,0.12295959369,0.124196404356,0.12527125172,0.126331375148,0.127744873052,0.129084751273,0.130365733748,0.131985366763,0.133207453492,0.13456205565,0.135887209935,0.137330155712,0.138920340853,0.140510525995,0.142056539327,0.143043043073,0.144559608532,0.146355928784,0.147710530942,0.14931544002,0.150890901226,0.152746117224,0.154395198112,0.155646732714,0.157325261475,0.158768207252,0.160785386552,0.162611154678,0.16386268928,0.16529091112,0.167440605849,0.16932526972,0.171033246354,0.172682327242,0.174095825146,0.175847973589,0.177791533206,0.179308098666,0.18063325295,0.18240012533,0.184181721646,0.186670066914,0.188554730786,0.190365774975,0.192059027672,0.193840623989,0.195798907543,0.19774246716,0.199538787413,0.201511794904,0.203101980046,0.204574373695,0.206311798202,0.208446768994,0.209830819025,0.211214869056,0.213025913245,0.215013644672,0.216809964925,0.218724076669,0.220490949049,0.22246395654,0.224245552856,0.225879909807,0.227911813044,0.229767029042,0.231548625359,0.23377193977,0.235362124911,0.237025929736,0.238630838814,0.240294643638,0.242267651129,0.244255382556,0.246346181538,0.248142501791,0.250115509282,0.252029621026,0.253825941279,0.255902016325,0.257403857848,0.259214902037,0.26130570102,0.263175640955,0.265266439938,0.267165827746,0.269094663427,0.271303253902,0.27345294863,0.275897122089,0.277914301389,0.279769517388,0.282316758402,0.284230870146,0.285776883479,0.287749890969,0.289295904301,0.291519218713,0.293565845886,0.295200202837,0.296451737439,0.298571984295,0.300117997627,0.302252968419,0.304387939211,0.306007572226,0.307833340352,0.310203894128,0.311941318635,0.314149909109,0.315857885743,0.317536414504,0.319391630502,0.321762184278,0.323867707197,0.325752371069,0.328049305163,0.330095932336,0.332216179191,0.334586732968,0.336456672903,0.338223545282,0.340387963948,0.342434591121,0.344628457659,0.346940115689,0.349045638608,0.351136437591,