# R script for Peak Model
#  -- generated by MACS
p <- c(0.00890077438557,0.00922841025253,0.00948323814905,0.00968346006774,0.00986547999383,0.0101203078903,0.0103751357869,0.0105935596982,0.0109029935725,0.0111214174838,0.0114490533508,0.0117584872251,0.0122135370403,0.0124865669295,0.0127049908408,0.0129052127595,0.0131418386634,0.0134148685525,0.0138517163751,0.0140337363012,0.0144341801386,0.0146708060425,0.0151076538651,0.0153624817616,0.0157447236064,0.0160177534955,0.0163453893625,0.016691227222,0.0169096511333,0.0172554889929,0.0174921148968,0.0178015487711,0.0178015487711,0.0179289627194,0.0179289627194,0.0178379527564,0.0178015487711,0.0178925587342,0.0178015487711,0.0178197507638,0.0179289627194,0.0179835686972,0.0179107607268,0.0178197507638,0.0176923368155,0.0177469427933,0.0178015487711,0.0176923368155,0.0176741348229,0.0177105388081,0.0177469427933,0.0178015487711,0.0177105388081,0.0176559328303,0.0176559328303,0.0175831248598,0.0178015487711,0.0179289627194,0.0180745786603,0.0180199726824,0.0179653667046,0.0180927806529,0.0180563766677,0.0180745786603,0.0180745786603,0.0181837906159,0.0182019926085,0.0183294065568,0.0184022145272,0.0184022145272,0.0183294065568,0.0184386185124,0.0184568205051,0.0185114264829,0.0185114264829,0.0184750224977,0.0182565985864,0.0182201946011,0.0183294065568,0.0184568205051,0.0184568205051,0.0184932244903,0.0184932244903,0.018693446409,0.0186388404311,0.0186570424237,0.0184386185124,0.0185296284755,0.0183112045642,0.0183112045642,0.0181655886233,0.0181473866307,0.018274800579,0.018274800579,0.0182201946011,0.0181473866307,0.0181655886233,0.0181291846381,0.0181291846381,0.0181473866307,0.0182383965938,0.0181109826455,0.0182383965938,0.0184022145272,0.0182383965938,0.0182383965938,0.0184386185124,0.0185296284755,0.0185660324607,0.0186388404311,0.0185842344533,0.0185114264829,0.0185114264829,0.0185842344533,0.0185660324607,0.0186388404311,0.0186206384385,0.0187116484016,0.0185660324607,0.0187298503942,0.0187116484016,0.0188572643424,0.0186388404311,0.0187662543794,0.0188026583646,0.0187298503942,0.0188936683277,0.0189482743055,0.0189482743055,0.0188208603572,0.0188390623498,0.0188026583646,0.0188754663351,0.0188936683277,0.0190938902464,0.0191666982168,0.0191302942316,0.0190756882537,0.0190392842685,0.0192759101724,0.0194033241207,0.019530738069,0.019530738069,0.0195125360763,0.0196399500246,0.019712757995,0.0197309599877,0.0196945560024,0.019712757995,0.0197855659655,0.0199129799137,0.019949383899,0.0201860098029,0.0202224137881,0.0202952217585,0.0203134237511,0.0204226357068,0.0204044337142,0.0204408376994,0.0206592616107,0.0209140895072,0.020877685522,0.020968695485,0.0212235233816,0.0215147552633,0.0216785731968,0.021805987145,0.0216603712042,0.0218605931229,0.0217695831598,0.0217877851524,0.0219516030859,0.0220062090637,0.0220608150415,0.0221518250046,0.0222792389528,0.0223156429381,0.0223520469233,0.0226068748198,0.0225704708346,0.0226250768124,0.0228435007237,0.0232439445611,0.0232257425685,0.0231529345981,0.0230801266276,0.0235897824207,0.0237536003541,0.0238264083246,0.0240448322359,0.023990226258,0.0240266302433,0.0240448322359,0.0241176402063,0.0242086501694,0.024226852162,0.0243906700954,0.0244998820511,0.0244998820511,0.024408872088,0.0247547099476,0.0249549318663,0.0250277398367,0.024827517918,0.0250095378441,0.0250459418293,0.0251005478072,0.0251733557776,0.0254099816815,0.0254281836741,0.0254645876593,0.0256102036002,0.0258468295041,0.0262108693563,0.0263200813119,0.0265203032306,0.0266841211641,0.0267933331198,0.0270845650015,0.027248382935,0.027339392898,0.0277216347428,0.0278672506837,0.0280492706098,0.0280492706098,0.028176684558,0.0283951084693,0.0284497144471,0.0284315124545,0.0286317343732,0.0285225224176,0.0288137542993,0.0289957742254,0.0292688041145,0.0293780160702,0.029432622048,0.0297238539297,0.0301060957745,0.0305429435971,0.0308705794641,0.0311436093532,0.0313256292793,0.0313256292793,0.0317078711241,0.0320901129688,0.0321083149615,0.0321265169541,0.0324905568062,0.0327999906806,0.032872798651,0.0326725767323,0.0328545966584,0.0329274046288,0.0331276265475,0.0335462723775,0.0338921102371,0.0343471600523,0.034638391934,0.0349478258084,0.0353664716384,0.0355666935571,0.0358761274314,0.036312975254,0.036640611121,0.0368590350323,0.0371320649214,0.037477902781,0.0378055386479,0.0378237406405,0.0382605884631,0.0386610323005,0.039243496064,0.0393891120049,0.0396985458792,0.0400989897166,0.0406632514875,0.0407360594579,0.0409726853618,0.0412457152509,0.0414823411549,0.0419737949553,0.0422468248444,0.0426108646966,0.043011308534,0.0433571463935,0.0435937722974,0.0444128619648,0.0448861137726,0.0453775675731,0.0461056472774,0.0465971010778,0.0469247369448,0.0474161907452,0.0478894425531,0.048544714287,0.0489087541391,0.0493456019617,0.0497824497843,0.0502557015922,0.0508563673482,0.0513114171635,0.0516936590082,0.0521305068308,0.0525673546534,0.0533500403356,0.05365947421,0.054260139966,0.0548972097073,0.0556252894117,0.0560803392269,0.0568448229165,0.0571542567908,0.058027952436,0.0590472640221,0.0598481516969,0.0604124134677,0.0615955429873,0.0623236226916,0.0628696824699,0.0636159641668,0.0642530339081,0.0650539215829,0.0656909913242,0.0664736770064,0.0671653527255,0.0680026443855,0.0686579161194,0.0697500356759,0.0706419333137,0.0714064170033,0.0722983146411,0.0731902122789,0.0742277258576,0.0750104115398,0.0757566932367,0.0763391570002,0.0770854386971,0.0779955383276,0.0786690120541,0.0793788897658,0.080580221278,0.0813083009823,0.0822001986201,0.0832923181767,0.0838747819401,0.0851125174375,0.0859498090975,0.0869327166984,0.0880612402401,0.089044147841,0.0897722275453,0.0905003072496,0.0912829929318,0.0921202845918,0.0932306061409,0.0943227256974,0.0953238352909,0.0964887628178,0.0976718923374,0.0990734457683,0.100238373295,0.101639926726,0.10278665226,0.104170003699,0.10557155713,0.106681878679,0.107773998235,0.108975329747,0.109812621407,0.111050356905,0.112087870483,0.112925162143,0.114235705611,0.11527321919,0.116128712842,0.117803296162,0.118749799778,0.119714505386,0.121261674758,0.122827046122,0.124082983612,0.125502739036,0.126594858592,0.128069219994,0.129853015269,0.131345578663,0.132619718146,0.134094079547,0.135277209067,0.136478540579,0.13795290198,0.139354455411,0.140592190908,0.142466996147,0.143686529652,0.145160891053,0.146489636513,0.148091411863,0.149420157323,0.151185750606,0.152550900052,0.15428008935,0.155918268685,0.157538246027,0.158903395473,0.160377756874,0.162125148164,0.16356310558,0.165601728752,0.167403726021,0.169078309341,0.170880306609,0.172118042106,0.173555999522,0.175066764909,0.177050782103,0.178943789335,0.180636574647,0.182092734056,0.184331579147,0.186006162467,0.187789957742,0.189409935084,0.191302942316,0.192904717665,0.194779522904,0.196017258401,0.197346003862,0.198911375226,0.201259432273,0.203279853452,0.205209264669,0.207156877878,0.209450328946,0.211780184,0.213727797209,0.215456986507,0.217441003702,0.220062090637,0.221609260009,0.223684287166,0.225832122294,0.227706927533,0.229563530779,0.231201710114,0.232730677493,0.234896714613,0.236771519852,0.238300487231,0.240229898447,0.242304925605,0.244561972688,0.247183059624,0.249130672833,0.251078286042,0.252771071355,0.255210138364,0.256429671869,0.258577506997,0.260379504265,0.262600147363,0.264638770535,0.266731999685,0.268661410902,0.270791044037,0.272647647283,0.274304028611,0.276233439827,0.278690708829,0.281093371854,0.28336862093,0.285753081961,0.287500473252,0.289065844616,0.291450305648,0.293543534798,0.295836985867,0.298112234943,0.300332878041,0.302316895235,0.3043737204,0.306849191395,0.309179046449,0.31030756999,0.312419001133,0.314621442239,0.31700590327,0.319190142383,0.321428987474,0.323740640535,0.326288919501,0.328855400458,0.331076043557,0.33242299101,0.334297796248,0.336427429384,0.338739082445,0.341105341484,0.342998348715,0.34505517388,0.346838969156,0.349077814246,0.350661387603,0.352954838672,0.355011663837,0.357905780662,0.359999009812,0.362256056895,