# R script for Peak Model
#  -- generated by MACS
p <- c(0.0402598772244,0.0422417277206,0.0444500754165,0.0464743941377,0.0487959904333,0.0509901820542,0.0531277493752,0.0553219409961,0.057487820467,0.0594413588133,0.0616213943592,0.0640420831797,0.0661654944257,0.0682464374468,0.0703273804679,0.0725357281637,0.0746025151098,0.0765843656061,0.0768391749556,0.0769382674805,0.076669302056,0.0768816431806,0.0769524235554,0.0768391749556,0.0767967067307,0.0767117702809,0.0765843656061,0.0762163076568,0.0761455272819,0.0759473422323,0.0758765618574,0.0757491571827,0.0756500646579,0.0754660356832,0.0753527870834,0.0753386310085,0.0752678506336,0.0754518796082,0.075607596433,0.0758907179324,0.0754094113833,0.0752820067086,0.0753386310085,0.0753952553084,0.0754943478332,0.0756359085829,0.0753386310085,0.0751121338089,0.0751970702587,0.0752253824087,0.0752112263337,0.0749564169842,0.0750130412841,0.0751546020338,0.0753244749335,0.0751829141838,0.0751970702587,0.0752678506336,0.0752820067086,0.0755226599831,0.0756925328828,0.0757491571827,0.0757774693326,0.076117215132,0.0762304637318,0.0764144927064,0.0766126777561,0.0765985216811,0.076640989906,0.0769099553305,0.07716476468,0.0773063254298,0.0774478861795,0.0773771058046,0.0772921693548,0.0772497011299,0.0777593198289,0.0779150366536,0.0778159441288,0.0776319151541,0.0779291927286,0.0781132217032,0.0785520600274,0.0786794647022,0.0786228404023,0.0785945282523,0.0786653086272,0.0788493376019,0.0785945282523,0.0784104992777,0.0784954357275,0.0785237478775,0.0785379039524,0.0783963432027,0.0783821871277,0.0780990656283,0.0780141291784,0.0781981581531,0.0781273777782,0.0781840020781,0.0781415338532,0.0783821871277,0.0781132217032,0.0781840020781,0.0781556899282,0.0777876319789,0.0775752908543,0.0776460712291,0.0779150366536,0.0781556899282,0.0780141291784,0.0777593198289,0.0777451637539,0.0776036030042,0.077702695529,0.0776743833791,0.0772780132798,0.0772638572048,0.077178920755,0.0768816431806,0.0769099553305,0.0768674871056,0.0765843656061,0.0767967067307,0.0769099553305,0.07719307683,0.0769807357054,0.0772780132798,0.0773487936547,0.0775328226293,0.0776177590792,0.0779433488036,0.0778442562788,0.0776460712291,0.0775328226293,0.0774903544044,0.0775045104794,0.0773487936547,0.0775186665544,0.0775045104794,0.077688539454,0.0776177590792,0.0777876319789,0.0775186665544,0.0773346375797,0.07716476468,0.0772072329049,0.0773487936547,0.0772638572048,0.0772780132798,0.0773771058046,0.077688539454,0.0776460712291,0.0775328226293,0.0774903544044,0.077702695529,0.077702695529,0.0778725684287,0.0779999731035,0.0777876319789,0.0779716609535,0.0779433488036,0.0781840020781,0.0778725684287,0.0779008805786,0.077702695529,0.077702695529,0.0774478861795,0.0775469787043,0.0773771058046,0.0772780132798,0.0773204815047,0.0771222964551,0.0769948917803,0.0767967067307,0.0769665796304,0.0768108628057,0.0770232039303,0.076669302056,0.0768391749556,0.0767117702809,0.0768533310306,0.0767542385058,0.076669302056,0.0767117702809,0.0768250188807,0.0767117702809,0.0764003366315,0.0764711170063,0.0765135852313,0.0765135852313,0.0764569609314,0.076131371207,0.0759473422323,0.0760605908321,0.0759190300824,0.0758340936325,0.0758624057825,0.0754377235333,0.0755226599831,0.0752961627835,0.0752961627835,0.075069665584,0.0751262898839,0.075041353434,0.0750130412841,0.0753103188585,0.0752536945586,0.0752536945586,0.0753527870834,0.0756925328828,0.0754660356832,0.0755368160581,0.075565128208,0.0758907179324,0.0760605908321,0.0762446198068,0.0759190300824,0.0757633132577,0.075607596433,0.0754660356832,0.0751970702587,0.0751829141838,0.0755368160581,0.0756783768078,0.0754518796082,0.0754235674583,0.0752678506336,0.0756217525079,0.0758199375576,0.0759331861573,0.0760605908321,0.0760322786822,0.0756783768078,0.0760181226072,0.0758907179324,0.0762446198068,0.0763720244815,0.0764711170063,0.0764286487814,0.0764144927064,0.0769099553305,0.0768957992555,0.0769099553305,0.077178920755,0.0770515160802,0.0768250188807,0.0768391749556,0.0767825506557,0.0768674871056,0.0767542385058,0.0766976142059,0.0766126777561,0.0769382674805,0.0769807357054,0.0773063254298,0.0771222964551,0.0772780132798,0.0773346375797,0.0769665796304,0.0768108628057,0.0770939843052,0.0771222964551,0.0774478861795,0.0774195740295,0.0774054179546,0.0773204815047,0.0774054179546,0.0774761983294,0.0781556899282,0.0780282852534,0.0783821871277,0.0783255628278,0.0783114067529,0.0784529675026,0.0784388114276,0.0790475226515,0.0789625862016,0.0790758348014,0.0791183030264,0.0789484301267,0.0792173955512,0.0793872684509,0.0799676675248,0.0803357254741,0.0802932572491,0.0802932572491,0.080392349774,0.0806188469735,0.0806613151985,0.0812275581974,0.081425743247,0.0815956161467,0.081991986246,0.0823034198954,0.0827988825194,0.0830820040189,0.0831244722438,0.0834642180432,0.083563310568,0.0837756516926,0.0838464320675,0.0843702068415,0.0844692993663,0.0848939816155,0.0848232012406,0.0850921666651,0.0852761956398,0.0856300975141,0.0858565947137,0.0860830919133,0.0864369937876,0.0863662134127,0.0866776470622,0.0869749246366,0.0871872657612,0.0876261040854,0.0877393526852,0.0878526012849,0.0877251966102,0.0877393526852,0.088348063909,0.0887869022332,0.0889709312078,0.0892540527073,0.0893814573821,0.0894805499069,0.0894947059819,0.0900467929058,0.0900609489808,0.0900467929058,0.089976012531,0.0900609489808,0.0903582265552,0.0904431630051,0.0903582265552,0.0903865387052,0.0905422555299,0.0904431630051,0.0908395331043,0.0907970648794,0.0908820013293,0.0911509667538,0.0910518742289,0.0910518742289,0.091023562079,0.0910801863789,0.091023562079,0.0909244695542,0.0908678452543,0.0908253770294,0.0911934349787,0.0913066835785,0.0914765564781,0.0916322733028,0.091547336853,0.0917879901276,0.0914624004032,0.091547336853,0.0916181172279,0.0917738340526,0.0918163022775,0.0917455219026,0.0918729265774,0.0915190247031,0.0915190247031,0.0914482443282,0.0913774639533,0.0913633078784,0.0912783714285,0.0913066835785,0.091561492928,0.0918446144274,0.0920286434021,0.0920003312522,0.0917596779776,0.0916039611529,0.0917738340526,0.0916464293778,0.0918304583525,0.0917455219026,0.0918304583525,0.0919012387273,0.0919720191022,0.0921418920019,0.092056955552,0.092085267702,0.0916181172279,0.0913633078784,0.0912217471286,0.0910660303039,0.0910518742289,0.0906555041297,0.0903582265552,0.0901175732807,0.0898061396313,0.0893814573821,0.0893106770072,0.0891974284074,0.0890417115827,0.0891549601825,0.0890133994328,0.0888576826081,0.0891408041075,0.0891266480326,0.088900150833,0.0885320928837,0.088376376059,0.0879516938098,0.0876544162353,0.0873996068858,0.0874420751107,0.0875411676355,0.0872297339861,0.0870598610864,0.0866634909872,0.0863945255627,0.086252964813,0.0858849068636,0.0857433461139,0.0855310049893,0.0854460685395,0.0854602246144,0.0856584096641,0.0857291900389,0.085686721814,0.085715033964,0.0855451610643,0.0856300975141,0.0859981554634,0.0859273750886,0.0858141264888,0.0858990629386,0.085715033964,0.0857999704138,0.0858707507887,0.085700877889,0.0858990629386,0.0860830919133,0.0859415311635,0.0858282825638,0.0861821844381,0.0864228377126,0.0866776470622,0.086776739587,0.0869890807116,0.0872580461361,0.0871872657612,0.0871731096862,0.0871447975363,0.0871872657612,0.0874986994106,0.0877959769851,0.0880366302596,0.0881923470843,0.0884754685838,0.0886736536334,0.088871838683,0.0890700237327,0.0890275555077,0.0890983358826,0.0890841798076,0.0891832723324,0.0895654863567,0.0898202957063,0.0897353592564,0.0901883536556,0.0906979723546,0.0910518742289,0.0915898050779,0.0919153948023,0.0920427994771,0.0927647593007,0.0927081350008,0.0928921639755,0.0930620368752,0.0932885340747,0.0935291873493,0.093670748099,0.0934442508994,0.093684904174,0.0938689331486,0.0938830892236,0.094208678948,0.0944634882975,0.094746609797,0.0951854481212,0.095298696721,0.0956101303704,0.0957658471951,0.0959923443947,0.0961339051444,0.0964170266439,0.0964170266439,0.0964170266439,0.0965868995435,0.0968275528181,0.0972947032922,0.0976910733915,