# R script for Peak Model
#  -- generated by MACS
p <- c(0.0334939845204,0.0345378951785,0.0354485406462,0.0362259209235,0.037047722931,0.0378473140734,0.0386024834857,0.0394464963582,0.040379352691,0.0412233655635,0.0423116979518,0.0434222412051,0.0443328866728,0.0452657430056,0.0461541776083,0.0473313534568,0.0482864206547,0.0491748552573,0.0501299224552,0.0511960439784,0.0520178459859,0.0528174371283,0.0536836608659,0.0545943063336,0.0555493735314,0.0564378081341,0.0573040318717,0.0583035207997,0.0591475336722,0.0602580769256,0.0611020897981,0.0623236873767,0.0633009654397,0.0643004543677,0.0652777324306,0.0654554193511,0.0658774257874,0.0657663714621,0.0661883778983,0.0660551127079,0.0656331062717,0.0655220519463,0.0655664736765,0.0656775280018,0.0656553171367,0.0656997388669,0.0660329018429,0.0662105887634,0.0661883778983,0.0662105887634,0.0659884801127,0.0659440583826,0.0662772213586,0.0662772213586,0.0667658603901,0.0668547038503,0.067409975477,0.0673433428818,0.0672989211517,0.0671212342311,0.0669879690407,0.0669435473106,0.0668991255805,0.0671656559613,0.0670546016359,0.0672544994215,0.0668547038503,0.0667214386599,0.0667658603901,0.0669657581757,0.0671656559613,0.0670323907709,0.0670546016359,0.0672322885565,0.0673655537469,0.0674766080722,0.067765349318,0.0679874579687,0.0678986145084,0.0679430362386,0.0679874579687,0.0678764036434,0.0677875601831,0.0675654515324,0.0678764036434,0.067743138453,0.067743138453,0.0675210298023,0.0678319819132,0.0677875601831,0.0678541927783,0.0681873557543,0.0684983078652,0.0683872535399,0.0686982056508,0.0686093621906,0.0687204165159,0.0686759947858,0.0686982056508,0.0683206209447,0.0683428318098,0.0681207231591,0.0681873557543,0.0682761992146,0.0684538861351,0.0684760970002,0.0682539883495,0.0681873557543,0.0682095666194,0.0683872535399,0.0683650426748,0.0682539883495,0.0685649404604,0.0688314708412,0.0690091577618,0.0689869468967,0.069075790357,0.0689869468967,0.0690313686268,0.0689869468967,0.0692090555474,0.0691424229522,0.0693201098727,0.0694755859282,0.0691424229522,0.069075790357,0.0688314708412,0.0691424229522,0.069098001222,0.0689869468967,0.0691202120871,0.0692312664124,0.069408953333,0.0692534772775,0.0692978990076,0.0691868446823,0.0695866402535,0.0694533750631,0.0695200076583,0.0695422185234,0.0695422185234,0.0696088511186,0.0695866402535,0.0697199054439,0.0695644293884,0.0697199054439,0.0698087489042,0.0698753814994,0.0699864358247,0.0700530684199,0.0699420140946,0.0700530684199,0.0704972857212,0.0706749726418,0.070430653126,0.0705639183164,0.0708526595623,0.0710303464828,0.0709415030226,0.0712302442684,0.0712080334034,0.0712746659986,0.0711414008082,0.0711636116732,0.0708304486972,0.0712302442684,0.0712302442684,0.0714967746492,0.0715856181095,0.072074257141,0.0723185766567,0.0722075223314,0.072096468006,0.0720298354108,0.0717188832999,0.0718521484903,0.072074257141,0.0723185766567,0.0722741549266,0.0722519440615,0.0724518418471,0.0726073179026,0.0728072156882,0.0724740527122,0.0723852092519,0.0722519440615,0.0719632028156,0.0721853114663,0.0723185766567,0.0723407875218,0.072407420117,0.072407420117,0.0721186788711,0.0719409919506,0.0720076245458,0.0724740527122,0.0725851070375,0.0721408897362,0.072429630982,0.0726295287676,0.0728294265532,0.0726295287676,0.0723185766567,0.0723852092519,0.0724740527122,0.0726739504978,0.0722963657916,0.0728072156882,0.0725851070375,0.0725628961724,0.072740583093,0.0728294265532,0.0729626917436,0.0728738482834,0.0732958547196,0.073406909045,0.0731625895292,0.0726517396327,0.0730293243388,0.0730515352039,0.0734957525052,0.073762282886,0.0736956502908,0.0738955480764,0.0739843915367,0.0738511263463,0.0736956502908,0.0738289154812,0.0737844937511,0.07342911991,0.0736068068306,0.0732070112594,0.0733846981799,0.0740288132668,0.0742731327825,0.0740288132668,0.0744063979729,0.0743175545127,0.074428608838,0.0742731327825,0.0743619762428,0.0746285066236,0.0747395609489,0.0746285066236,0.0748950370044,0.0749616695996,0.0748950370044,0.0746951392188,0.0745840848935,0.0748061935441,0.0748284044092,0.0749394587345,0.0745396631633,0.0744952414332,0.0749616695996,0.0754503086311,0.0757168390119,0.0757390498769,0.0759833693927,0.0761832671783,0.0766719062097,0.0771827561063,0.0773160212967,0.0773826538919,0.0775381299473,0.0777158168679,0.0780045581137,0.0784487754151,0.0782932993596,0.0787375166609,0.0786930949308,0.0792039448273,0.0796259512636,0.0799146925095,0.0800701685649,0.0801590120252,0.0806698619217,0.0806476510566,0.0810474466278,0.0811585009532,0.0812473444134,0.0815138747942,0.0818914595004,0.0823578876668,0.082446731127,0.0824911528572,0.0830686353489,0.0836239069756,0.0836016961105,0.0841569677372,0.084112546007,0.0839792808166,0.0839792808166,0.0841569677372,0.0843346546577,0.0849787697446,0.085422987046,0.085778360887,0.0861781564582,0.0866001628945,0.0869777476006,0.0877107061478,0.0874885974971,0.0876218626875,0.0879328147985,0.0884880864251,0.0887324059409,0.0889767254566,0.0895319970833,0.0897096840038,0.0897985274641,0.0900428469798,0.0901316904401,0.0906869620667,0.0909090707174,0.0912644445585,0.0916198183995,0.0921528791611,0.0925970964625,0.0928636268433,0.093107946359,0.0930191028987,0.093774272311,0.0941962787472,0.0940630135568,0.0941518570171,0.0945516525883,0.0944850199931,0.0944850199931,0.0947515503739,0.0949292372944,0.0950402916198,0.0953512437307,0.0957066175718,0.0960175696827,0.0960619914128,0.0960175696827,0.0963285217936,0.0967061064998,0.096461786984,0.0966616847696,0.0968615825552,0.0969504260155,0.0968171608251,0.0970614803408,0.0973280107216,0.0973057998566,0.0972391672614,0.0974168541819,0.0977500171579,0.0979277040784,0.0978832823483,0.0978610714832,0.0980831801339,0.0985940300304,0.0986606626256,0.0986384517606,0.0989716147366,0.0988605604112,0.0985496083003,0.098793927816,0.0992825668475,0.0996379406886,0.100059947125,0.100526375291,0.100459742696,0.100370899236,0.100393110101,0.100415320966,0.100704062212,0.100992803458,0.100837327402,0.101414809894,0.101592496814,0.101636918545,0.101437020759,0.101770183735,0.101970081521,0.102014503251,0.102458720552,0.102947359583,0.103302733425,0.103835794186,0.104168957162,0.104346644083,0.104280011487,0.104257800622,0.104502120138,0.104413276678,0.104257800622,0.104768650519,0.105057391765,0.105101813495,0.105434976471,0.105568241661,0.105879193772,0.105723717717,0.106412254534,0.106612152319,0.106989737026,0.10674541751,0.107034158756,0.107389532597,0.107589430382,0.107789328168,0.107944804223,0.108122491144,0.108122491144,0.108122491144,0.108611130175,0.108722184501,0.109077558342,0.109699462564,0.11007704727,0.110321366786,0.110321366786,0.110654529762,0.111076536198,0.111520753499,0.11178728388,0.11187612734,0.112253712046,0.112586875022,0.112764561943,0.112320344642,0.112475820697,0.112697929348,0.113031092324,0.113208779244,0.11358636395,0.113564153085,0.113386466165,0.113719629141,0.113786261736,0.113941737791,0.114141635577,0.114541431148,0.11503007018,0.115274389695,0.115363233156,0.115318811426,0.115607552671,0.116007348243,0.115696396132,0.115763028727,0.115985137378,0.115763028727,0.115651974402,0.115940715647,0.116007348243,0.116029559108,0.116185035163,0.116451565544,0.116518198139,0.11678472852,0.117384421877,0.118050747829,0.118139591289,0.11862823032,0.119183501947,0.119383399733,0.119783195304,0.120138569145,0.12024962347,0.120760473367,0.121160268938,0.121759962295,0.121226901533,0.121759962295,0.121848805755,0.122892716413,0.123159246794,0.123381355445,0.123803361881,0.124025470532,0.124336422643,0.124802850809,0.124958326864,0.125513598491,0.125535809356,0.126068870118,0.126113291848,0.125802339737,0.126046659253,0.126446454824,0.126224346173,0.126379822229,0.126446454824,0.126446454824,0.126490876554,0.126979515585,0.127379311157,0.127623630672,0.127801317593,0.128867439116,0.129578186798,0.1300224041,0.130311145345,0.131332845139,0.13168821898,0.132110225416,0.132621075312,0.132776551368,0.132732129638,0.133176346939,0.133420666455,0.133687196836,0.134086992407,