# R script for Peak Model
#  -- generated by MACS
p <- c(0.0128242633237,0.0131437289581,0.0134175566447,0.0136457463835,0.014147763809,0.014558505339,0.0150148848167,0.0152430745555,0.0154712642944,0.0156994540332,0.0160189196676,0.0162927473543,0.0164752991453,0.0168860406753,0.0174336960485,0.0177075237352,0.0178900755262,0.0181639032129,0.0183920929517,0.0188941103772,0.0192592139594,0.0197155934371,0.0200806970192,0.0205827144447,0.0208565421314,0.0212672836613,0.0214041975046,0.021723663139,0.0219062149301,0.0216323872435,0.0214498354524,0.0214954734002,0.0213129216091,0.0212672836613,0.021130369818,0.020537076497,0.0204001626536,0.0202632488103,0.0198981452282,0.0199437831759,0.0196243175415,0.0196699554893,0.0194874036982,0.0192592139594,0.0190766621683,0.0191223001161,0.018939748325,0.0188028344817,0.0186659206383,0.0184833688473,0.0183008170562,0.0181639032129,0.0183464550039,0.0184377308995,0.0184377308995,0.0184833688473,0.0183920929517,0.0183464550039,0.0183920929517,0.0185746447428,0.018529006795,0.018529006795,0.0184377308995,0.0185746447428,0.018529006795,0.0188484724294,0.0186659206383,0.0188028344817,0.0188484724294,0.0189853862727,0.0187115585861,0.0187115585861,0.0188941103772,0.0188941103772,0.0191223001161,0.0190310242205,0.0187571965339,0.0184377308995,0.0186202826906,0.0183464550039,0.0185746447428,0.0184377308995,0.0185746447428,0.0184833688473,0.0181182652651,0.0183920929517,0.0186202826906,0.018529006795,0.0185746447428,0.0184833688473,0.0183464550039,0.0184833688473,0.0188484724294,0.0191223001161,0.0189853862727,0.0187115585861,0.0189853862727,0.0190766621683,0.019533041646,0.0197155934371,0.0198068693326,0.0198068693326,0.0199894211237,0.0204458006014,0.0204914385492,0.0205827144447,0.0208565421314,0.0209021800791,0.0210847318702,0.0209478180269,0.0207652662358,0.020537076497,0.0204001626536,0.0204458006014,0.0204458006014,0.0204914385492,0.0202176108626,0.0202176108626,0.020126334967,0.0202632488103,0.0204914385492,0.0204001626536,0.0208565421314,0.0209021800791,0.0209934559747,0.0209478180269,0.0208565421314,0.0209934559747,0.0209021800791,0.0209934559747,0.0209478180269,0.0208109041836,0.0210847318702,0.0212672836613,0.0213129216091,0.0214041975046,0.0213129216091,0.0215867492957,0.0216323872435,0.0215411113479,0.0219062149301,0.0218605769823,0.021723663139,0.0218149390345,0.0219974908256,0.0220431287734,0.0221800426167,0.0221800426167,0.0219062149301,0.0219062149301,0.0221344046689,0.0222713185123,0.0221344046689,0.0222256805645,0.0218605769823,0.0220431287734,0.0221344046689,0.0220431287734,0.0219974908256,0.021723663139,0.0218149390345,0.0217693010868,0.0219062149301,0.0221800426167,0.021723663139,0.0218605769823,0.0219518528779,0.0219518528779,0.0220431287734,0.0220431287734,0.0219974908256,0.0222713185123,0.0224538703033,0.0224995082511,0.0224538703033,0.02231695646,0.0223625944078,0.0223625944078,0.0219974908256,0.0219062149301,0.0219062149301,0.0218149390345,0.0219974908256,0.0220431287734,0.0221800426167,0.02231695646,0.0222713185123,0.0227733359377,0.0226820600422,0.0225907841467,0.0224995082511,0.0226820600422,0.0225907841467,0.0226820600422,0.0229558877288,0.0230928015721,0.0229102497811,0.0228189738855,0.0231840774677,0.0230928015721,0.0234579051543,0.0238686466842,0.0239599225798,0.023914284632,0.0239599225798,0.0240055605276,0.0241881123186,0.0240055605276,0.023914284632,0.0237773707887,0.0237317328409,0.0240055605276,0.0242793882142,0.0241424743709,0.0238686466842,0.0236860948932,0.0237317328409,0.0240055605276,0.023914284632,0.023914284632,0.0242793882142,0.024325026162,0.0244619400053,0.024507577953,0.024507577953,0.0245532159008,0.0248270435874,0.0248726815352,0.0250095953785,0.0251921471696,0.0251921471696,0.0254203369085,0.0255572507518,0.025511612804,0.0256941645951,0.0260592681773,0.0263330958639,0.0264243717594,0.0265612856027,0.0265612856027,0.0268807512371,0.0270176650804,0.0270633030282,0.0270176650804,0.0274284066104,0.0277478722448,0.0279304240359,0.0281586137747,0.0283868035136,0.0285237173569,0.0283868035136,0.0287975450435,0.029299562469,0.0292539245212,0.0292082865735,0.0295277522078,0.0292539245212,0.0292539245212,0.0294821142601,0.0299841316856,0.0304405111633,0.0307143388499,0.0310338044843,0.0314445460142,0.0317183737009,0.0322660290741,0.0329049603429,0.0330418741862,0.0333157018728,0.0339089951939,0.0345479264627,0.0350499438881,0.0355975992614,0.0356888751569,0.0360539787391,0.0360996166869,0.0371036515378,0.0375600310155,0.0382902381799,0.0384271520232,0.039066083292,0.0397962904563,0.0400244801952,0.0402070319863,0.0406177735162,0.0409372391506,0.0417587222105,0.0424889293748,0.042854032957,0.0434016883302,0.043858067808,0.0439949816513,0.0443600852334,0.0449533785545,0.0455466718755,0.0464137928831,0.046641982622,0.0474634656819,0.0481023969507,0.0483305866895,0.0490607938538,0.0494715353838,0.0497453630704,0.0501104666526,0.0506124840781,0.0512970532946,0.0519816225112,0.0525292778844,0.0529400194144,0.0544004337431,0.0554957444896,0.0562715896017,0.0572299865049,0.0576407280348,0.058599124938,0.0591011423635,0.0594662459456,0.05978571158,0.0601508151622,0.0609722982221,0.0617025053864,0.0626609022896,0.0628890920285,0.0638474889317,0.0640756786705,0.0646233340438,0.0649884376259,0.0655360929992,0.0660837483724,0.0666314037457,0.0672703350145,0.0680461801266,0.068365645761,0.0688220252387,0.0686394734476,0.0696891462463,0.0701455257241,0.0708300949406,0.0720166815827,0.0727012507992,0.0730663543814,0.0739334753891,0.0747093205012,0.0747549584489,0.075530803561,0.0761697348298,0.0774019594196,0.0783603563228,0.0792274773305,0.0799576844948,0.0804597019203,0.0812355470324,0.0818288403534,0.0824677716222,0.0836999962121,0.0846127551675,0.0846583931152,0.0855255141229,0.0866208248694,0.0871228422949,0.0883094289369,0.0886288945713,0.0903174986388,0.0912302575943,0.0922342924452,0.0929188616618,0.093466517035,0.0939228965128,0.0943792759905,0.0956571385281,0.0964786215879,0.0971175528567,0.0987148810287,0.0996276399841,0.100586036887,0.101407519947,0.102000813268,0.102229003007,0.103826331179,0.103917607075,0.105286745508,0.106016952672,0.107431729053,0.108161936217,0.109029057225,0.110489471554,0.111128402822,0.112269351517,0.11322774842,0.11404923148,0.116011663234,0.117152611928,0.118567388309,0.120210354429,0.12162513081,0.122629165661,0.124500321519,0.125686908161,0.12714732249,0.129246668088,0.130478892677,0.132304410588,0.132988979805,0.134175566447,0.136137998201,0.137552774582,0.139606482232,0.141158172456,0.14270986268,0.144444104695,0.146041432867,0.147501847196,0.149281727159,0.151472348652,0.153252228615,0.154940832683,0.156492522907,0.159048247982,0.15991536899,0.161056317684,0.162379818169,0.163840232498,0.164935543244,0.166852337051,0.168586579066,0.170412096977,0.171644321567,0.173880581008,0.175340995336,0.177668530673,0.180634997278,0.182916894666,0.18529006795,0.187435051496,0.189169293511,0.190812259631,0.192683415489,0.195056588773,0.196745192841,0.199027090229,0.20085260814,0.202632488103,0.205051299335,0.206739903403,0.208930524896,0.210436577172,0.21089295665,0.212353370979,0.213631233516,0.214954734002,0.2160044068,0.217966838554,0.219016511353,0.220385649786,0.222439357436,0.222484995384,0.224858168668,0.226090393258,0.227368255795,0.228783032176,0.228965583967,0.22992398087,0.231019291617,0.231201843408,0.232662257737,0.233027361319,0.233757568483,0.235126706916,0.236313293558,0.236541483297,0.237454242253,0.238777742738,0.239507949902,0.240466346806,0.241333467813,0.242565692403,0.243067709828,0.243980468784,0.245623434904,0.246810021546,0.247859694344,0.249000643039,0.250643609158,0.251328178375,0.252925506547,0.254842300353,0.255161765988,0.256028886995,0.257626215167,0.259543008974,0.261140337146,0.263330958639,0.264380631438,0.26597795961,0.268122943155,0.270176650804,0.272412910245,0.275151187111,0.278710947038,0.282635810546,0.284780794091,0.288796933495,0.293999659541,0.298198350736,0.303355438834,0.307143388499,0.310794424321,0.316179702158,