# R script for Peak Model
#  -- generated by MACS
p <- c(0.0079526493928,0.00825705702506,0.00852341370329,0.00875171942749,0.00890392324362,0.00909417801378,0.00920833087588,0.0094746875541,0.0097029932783,0.00977909518636,0.0100835028186,0.0101976556807,0.0104640123589,0.0106162161751,0.0107684199912,0.0110347766694,0.0113772352557,0.0115674900259,0.0118718976582,0.0121763052904,0.0122904581525,0.0124426619686,0.012861222463,0.0131275791412,0.0133558848654,0.0136222415437,0.0137363944057,0.0139647001299,0.0143071587162,0.0146115663485,0.0149540249348,0.015220381613,0.0154867382912,0.0157911459235,0.0159814006937,0.0159052987856,0.0160194516477,0.0157911459235,0.0158291968775,0.0159814006937,0.0158672478316,0.0159433497396,0.0159814006937,0.0159433497396,0.0159052987856,0.0157530949695,0.0158672478316,0.0159433497396,0.0159052987856,0.0157530949695,0.0155628401993,0.0155628401993,0.0158291968775,0.0160194516477,0.0160194516477,0.0161336045098,0.016361910234,0.0162858083259,0.016399961188,0.0165141140501,0.0165141140501,0.016399961188,0.016399961188,0.0164380121421,0.0164380121421,0.0164760630961,0.0165521650042,0.0164760630961,0.0167043688203,0.0166663178663,0.0165521650042,0.0166663178663,0.0168565726364,0.0167424197743,0.0168185216824,0.0169326745445,0.0169326745445,0.0172751331308,0.0171990312227,0.0172370821767,0.0172751331308,0.0173131840848,0.017541489809,0.0176556426711,0.0176936936251,0.0179219993493,0.0178458974413,0.0178078464872,0.0179219993493,0.0180361522114,0.0177317445792,0.0177317445792,0.0178458974413,0.0178839483953,0.0181503050735,0.0182264069816,0.0181883560276,0.0179981012574,0.0179219993493,0.0178839483953,0.0176556426711,0.0176175917171,0.017503438855,0.0176556426711,0.017579540763,0.0178458974413,0.0180361522114,0.0178839483953,0.0178839483953,0.0178839483953,0.0178078464872,0.0179219993493,0.0180361522114,0.0181122541195,0.0180742031655,0.0178078464872,0.0179219993493,0.0180742031655,0.0180742031655,0.0179981012574,0.0178078464872,0.017541489809,0.0176936936251,0.017503438855,0.0173892859929,0.0173892859929,0.0173512350388,0.0171609802687,0.0169326745445,0.0170848783606,0.0173131840848,0.0172751331308,0.0172370821767,0.0171990312227,0.0172751331308,0.0173892859929,0.0171609802687,0.0171990312227,0.0171609802687,0.0170468274066,0.0168565726364,0.0169707254985,0.0170087764525,0.0168946235904,0.0169707254985,0.0166663178663,0.0167043688203,0.0168185216824,0.0168185216824,0.0169707254985,0.0168946235904,0.0168565726364,0.0167424197743,0.0165902159582,0.0167804707284,0.0167424197743,0.0166663178663,0.0166282669122,0.0168565726364,0.0168565726364,0.0167043688203,0.0165141140501,0.0164380121421,0.016399961188,0.0162477573719,0.0165902159582,0.0165902159582,0.0166282669122,0.0169326745445,0.0170087764525,0.0170468274066,0.0169707254985,0.0169707254985,0.0168565726364,0.0167424197743,0.0167804707284,0.0167804707284,0.0167424197743,0.0170087764525,0.0169326745445,0.0168185216824,0.0168946235904,0.0169326745445,0.0171229293146,0.0171990312227,0.0171990312227,0.0173512350388,0.0174273369469,0.0176556426711,0.0180361522114,0.0181122541195,0.0181883560276,0.0181883560276,0.0181122541195,0.0183786107977,0.0185308146138,0.0184547127058,0.0184166617518,0.0183025088897,0.0183405598437,0.0184547127058,0.0184547127058,0.0183786107977,0.0183405598437,0.0182264069816,0.0181122541195,0.0183786107977,0.0188352222461,0.0188352222461,0.0189113241542,0.0190254770163,0.0189874260622,0.0189493751082,0.0190635279703,0.0190635279703,0.0191776808324,0.0191396298784,0.0189113241542,0.0187971712921,0.0188352222461,0.0190254770163,0.0190635279703,0.0188352222461,0.0188732732001,0.0190254770163,0.0191015789243,0.0193298846485,0.0193679356026,0.0194440375106,0.0196342922808,0.0199386999131,0.0199767508671,0.0201670056372,0.0200909037292,0.0201289546832,0.0202050565913,0.0203192094534,0.0203192094534,0.0206997189937,0.0209280247179,0.02104217758,0.021080228534,0.0213085342582,0.0216509928445,0.0218412476147,0.0223359100171,0.0223739609711,0.0227544705115,0.0229827762357,0.0230588781437,0.0231349800518,0.023439387684,0.02340133673,0.0236676934082,0.0238579481784,0.0242004067647,0.0242004067647,0.0243145596268,0.024542865351,0.0248472729833,0.0253038844316,0.025684393972,0.0255702411099,0.0258365977881,0.0261410054204,0.0264454130526,0.026902024501,0.0275488907196,0.0277010945357,0.0283479607542,0.0285001645704,0.0289567760188,0.0294133874672,0.0297938970075,0.0302885594099,0.030402712272,0.0308212727664,0.0313159351688,0.031582291847,0.0317344956631,0.0323052599736,0.0326096676059,0.0330662790543,0.0332565338244,0.0338272981349,0.0343219605374,0.0347024700777,0.035082979618,0.0353873872503,0.0357678967906,0.0363767120551,0.0368333235035,0.0371377311358,0.0382031578487,0.038545616435,0.0387739221592,0.0396490941019,0.0402959603205,0.0400296036422,0.0403720622285,0.040866724631,0.0411711322632,0.0416277437116,0.0424648647003,0.0427692723326,0.0431117309189,0.043263934735,0.0437966480915,0.0442152085858,0.0448620748044,0.0453186862528,0.0459275015173,0.0464982658278,0.0469548772762,0.0473734377705,0.0477919982649,0.0482486097133,0.04916183261,0.0498848007367,0.0501131064609,0.0507599726794,0.0512926860359,0.0518253993923,0.052586418473,0.0530430299214,0.0535757432778,0.0541465075883,0.054907526669,0.0557446476577,0.0563915138762,0.0570003291408,0.0577232972674,0.058484316348,0.0589789787504,0.0593975392448,0.059663895923,0.0602727111876,0.0606912716819,0.0613381379005,0.0614903417166,0.0621372079351,0.0627460231997,0.0635450932344,0.0640017046827,0.0648007747174,0.0656378957061,0.0663608638328,0.0673121376836,0.0679590039021,0.0688722267989,0.0697473987417,0.0710791821328,0.0716879973973,0.0723729145699,0.0734763922368,0.0742754622715,0.0753789399385,0.0760638571111,0.0767487742836,0.0776619971804,0.0786132710312,0.0791079334337,0.0797167486982,0.0805158187329,0.0814290416296,0.0820378568942,0.0839404045958,0.0852341370329,0.0860332070676,0.0874791433208,0.0883923662176,0.0892675381604,0.0906373725055,0.0921594106668,0.0933009392878,0.0940239074144,0.0956981493919,0.0966874741967,0.0976006970935,0.0991607862088,0.1004925696,0.101748251083,0.103650798785,0.105134785992,0.106162161751,0.107646148958,0.108939881395,0.110461919556,0.111565397223,0.112783027752,0.114305065914,0.115522696443,0.117425244144,0.11879507849,0.120126861881,0.121230339548,0.122676275801,0.124236364916,0.125720352124,0.127432645055,0.1288024794,0.130438670424,0.131846555723,0.133482746746,0.135156988724,0.136526823069,0.139038186035,0.140940733737,0.142691077622,0.144441421508,0.145735153945,0.147637701646,0.148627026451,0.149388045532,0.151138389417,0.152546274716,0.15437272051,0.156046962487,0.157454847787,0.158786631178,0.160536975063,0.162363420857,0.163885459018,0.165255293363,0.166739280571,0.168565726364,0.170924885514,0.172751331308,0.174653879009,0.176518375757,0.178649229183,0.180742031655,0.182796783172,0.184394923242,0.186259419989,0.188428324369,0.190711381611,0.192651980267,0.194250120336,0.196152668038,0.198055215739,0.200262171073,0.202050565913,0.204181419339,0.205056591281,0.207225495661,0.209166094317,0.210307622938,0.212438476364,0.213770259755,0.215178145054,0.216890437986,0.218869087595,0.220961890067,0.223206896355,0.225337749781,0.226859787942,0.228419877057,0.229371150908,0.230398526667,0.231616157196,0.233518704898,0.235535405461,0.237780411749,0.239378551819,0.241509405245,0.2434500039,0.244058819165,0.246037468774,0.247255099303,0.248739086511,0.250451379442,0.252544181914,0.254066220075,0.254522831524,0.256311226363,0.258327926927,0.260687086077,0.262703786641,0.26392141717,0.266356678228,0.2684494807,0.27080863985,0.273243900908,0.274842040977,0.276744588679,0.278913493059,0.281120448392,0.283707913267,0.285420206198,0.288197925842,0.291013696441,0.293525059407,0.29694964527,0.299270753466,0.301629912616,0.304597887031,0.307908320031,0.310229428227,0.312854944056,0.315404357976,0.318714790977,0.321492510621,0.325145402208,0.327961172807,0.330700841497,