# R script for Peak Model
#  -- generated by MACS
p <- c(0.0361678637154,0.0372545976486,0.0382394502756,0.039088461161,0.040073313788,0.0411260872858,0.0421109399128,0.0431297529752,0.0441485660376,0.0452013395354,0.0464239152103,0.0472389656602,0.0486313435122,0.0497859983162,0.0509406531203,0.0521971892306,0.0535895670826,0.0547102614512,0.0556271932074,0.0568158084468,0.0578006610738,0.0589892763133,0.0597703663278,0.0609929420027,0.0619777946297,0.0632682911754,0.0646606690274,0.0659511655731,0.0672756225542,0.0682604751812,0.0694830508561,0.0708414682726,0.0718263208996,0.0731847383162,0.074237511814,0.0739318678953,0.073829986589,0.0738639470244,0.0740677096369,0.0740337492015,0.0741016700723,0.0737960261536,0.0737620657182,0.0738639470244,0.074237511814,0.0743733535556,0.0743393931202,0.0740677096369,0.0743733535556,0.0743393931202,0.0743054326848,0.0741695909432,0.0742035513786,0.0735922635411,0.0738979074599,0.0742714722494,0.0742714722494,0.0741356305077,0.0743733535556,0.0746789974744,0.0745771161681,0.0744752348619,0.0745771161681,0.0746789974744,0.0746110766035,0.0744752348619,0.0743733535556,0.0739658283307,0.0739318678953,0.0740337492015,0.0740677096369,0.0741695909432,0.0742714722494,0.0743393931202,0.0743054326848,0.0743393931202,0.0742035513786,0.0740337492015,0.0737620657182,0.0739997887661,0.0737620657182,0.0737960261536,0.0732186987516,0.0730488965745,0.0729130548329,0.0725734504787,0.07226780656,0.0723017669954,0.0725394900433,0.0724036483017,0.0722338461246,0.0720980043829,0.072675331785,0.072675331785,0.0727092922204,0.0723357274308,0.0718942417705,0.071860281335,0.0714527561101,0.0713508748038,0.0710791913205,0.0706377056602,0.0705697847893,0.0700943386935,0.0702301804352,0.0706377056602,0.070705626531,0.0708075078372,0.0706716660956,0.0703999826123,0.0706377056602,0.0707735474018,0.0708075078372,0.0705018639185,0.0704339430477,0.0700943386935,0.0701622595644,0.0699924573873,0.0698905760811,0.0696528530332,0.0696188925977,0.0700264178227,0.0700264178227,0.0700603782581,0.0700943386935,0.0698905760811,0.0701282991289,0.0700943386935,0.0700943386935,0.0704679034831,0.0705018639185,0.0705018639185,0.0703660221768,0.0702301804352,0.0705697847893,0.0703320617414,0.0703320617414,0.0705018639185,0.070298101306,0.0701622595644,0.0700943386935,0.0696528530332,0.0694830508561,0.0694830508561,0.0698566156456,0.0697886947748,0.0702301804352,0.0703320617414,0.0703320617414,0.0698226552102,0.0696868134686,0.0698226552102,0.069720773904,0.0697886947748,0.0698905760811,0.0700264178227,0.0698226552102,0.0694490904207,0.069143446502,0.0690415651957,0.0690076047603,0.0687698817124,0.0683963169229,0.0678189895208,0.0677171082146,0.0677850290854,0.0676491873438,0.0675133456021,0.0675812664729,0.0677850290854,0.0680567125687,0.0680227521333,0.068158593875,0.0683963169229,0.0680227521333,0.0681246334396,0.0683623564874,0.0680906730041,0.0685661190999,0.0688038421478,0.0688038421478,0.0688717630186,0.0688378025832,0.0688038421478,0.0686000795353,0.0688717630186,0.0688378025832,0.069143446502,0.069313248679,0.069313248679,0.0694151299853,0.0693811695499,0.0694490904207,0.0696528530332,0.0696868134686,0.0697547343394,0.0695849321623,0.0700264178227,0.0695170112915,0.0689736443249,0.0687019608416,0.0686000795353,0.0690415651957,0.0692453278082,0.0689396838895,0.0692453278082,0.0695849321623,0.0699924573873,0.0699924573873,0.0703320617414,0.0705018639185,0.070875428708,0.0711810726268,0.0714527561101,0.0714527561101,0.0713848352392,0.0711131517559,0.0710112704497,0.0712150330622,0.0716565187226,0.0718263208996,0.0720980043829,0.0725734504787,0.0729130548329,0.0725394900433,0.0724715691725,0.0728790943974,0.0729470152683,0.0728790943974,0.0730488965745,0.0733545404932,0.0734224613641,0.0734564217995,0.0738639470244,0.0740337492015,0.0740337492015,0.074237511814,0.0740337492015,0.0741356305077,0.0744412744265,0.0741016700723,0.0744073139911,0.0745771161681,0.0746110766035,0.0749506809577,0.0745771161681,0.0742035513786,0.0743054326848,0.0740677096369,0.0738639470244,0.0737620657182,0.0739997887661,0.0742035513786,0.0747469183452,0.0751544435702,0.0753582061826,0.0751884040056,0.075222364441,0.0754600874889,0.0759355335847,0.0760034544555,0.0761053357617,0.0761392961971,0.0763090983742,0.0764449401159,0.0765807818575,0.0765468214221,0.0767505840346,0.0773958323074,0.077769397097,0.0780410805803,0.0783127640636,0.0779052388386,0.0778373179678,0.0782448431928,0.0784146453699,0.0785504871115,0.0784486058053,0.0789919727719,0.0788221705948,0.0787882101594,0.0788900914656,0.078754249724,0.0786863288532,0.0785165266761,0.0788561310302,0.0788900914656,0.0793994979968,0.0798409836572,0.0799768253989,0.0800787067051,0.079908904528,0.0800447462697,0.0801466275759,0.0808258362842,0.08130128238,0.0811994010738,0.0814371241217,0.0820144515237,0.0824898976195,0.0825917789257,0.0828974228444,0.0829653437153,0.0832370271986,0.0834747502465,0.0834407898111,0.0839501963423,0.0841539589547,0.0842898006964,0.0841539589547,0.0850029698401,0.0853086137588,0.0853765346296,0.0856142576775,0.0857840598546,0.0858859411608,0.086225545515,0.086225545515,0.0865651498691,0.0870405959649,0.0870066355295,0.0870405959649,0.0873462398836,0.0872783190128,0.0875839629315,0.0875839629315,0.0879575277211,0.0882292112044,0.0877198046732,0.087380200319,0.0875839629315,0.0876858442377,0.0882292112044,0.0879914881565,0.0875160420607,0.0875160420607,0.0879235672856,0.0878556464148,0.087787725544,0.0878216859794,0.0877537651086,0.087787725544,0.0878896068502,0.0880594090273,0.0879914881565,0.0880594090273,0.0880933694627,0.0882631716398,0.0881273298981,0.0886367364293,0.0887046573002,0.0884669342523,0.0887046573002,0.0888065386064,0.0886706968647,0.0884669342523,0.0889763407835,0.0890103012189,0.0888404990418,0.0886367364293,0.0888744594772,0.0890442616543,0.0889084199126,0.0886367364293,0.0885688155585,0.0884669342523,0.0886367364293,0.0886706968647,0.088365052946,0.088365052946,0.088772578171,0.088772578171,0.0884329738168,0.0883990133814,0.0885008946877,0.088772578171,0.088772578171,0.0891801033959,0.0895536681855,0.0898932725396,0.0894178264438,0.0894178264438,0.0895536681855,0.0895536681855,0.089349905573,0.0896555494917,0.0898932725396,0.0904705999417,0.0903007977646,0.0902668373292,0.0908102042958,0.0910818877791,0.0908102042958,0.0909460460374,0.0908781251666,0.0913535712624,0.0916592151811,0.0916252547457,0.0922705030186,0.092881790856,0.0928138699852,0.092881790856,0.0927799095498,0.0933572369518,0.0940024852247,0.0942402082726,0.0942402082726,0.0941043665309,0.0937987226122,0.0940024852247,0.0940364456601,0.0942402082726,0.0948854565454,0.0949533774162,0.0949533774162,0.0951911004641,0.0951571400287,0.0947156543683,0.0947496148038,0.0941383269663,0.0947835752392,0.0948854565454,0.0951231795933,0.0951911004641,0.0955646652537,0.0959382300432,0.0956325861245,0.0956665465599,0.0956665465599,0.0961419926557,0.0965495178807,0.0969230826702,0.0970589244119,0.0972966474598,0.097398528766,0.0977381331202,0.0975683309431,0.097806053991,0.0984852626993,0.0985531835701,0.098790906618,0.0991305109721,0.0995719966325,0.0994361548908,0.09936823402,0.0999116009866,0.0996399175033,0.09936823402,0.0989267483596,0.0988588274888,0.098790906618,0.0990286296659,0.0988248670534,0.0988927879242,0.0994361548908,0.0995040757617,0.0994361548908,0.0991305109721,0.0993003131492,0.0997078383741,0.0994701153262,0.0998776405512,0.100081403164,0.0998776405512,0.099775759245,0.0995719966325,0.0997417988096,0.100081403164,0.100217244905,0.099945561422,0.100081403164,0.100828532743,0.100658730566,0.100760611872,0.100760611872,0.100760611872,0.100794572307,0.101134176662,0.101643583193,0.101643583193,0.102119029288,0.101983187547,0.101983187547,0.102288831466,0.102594475384,0.102560514949,0.103035961045,0.103409525834,0.104088734542,0.105209428911,0.105209428911,0.105718835442,0.10551507283,0.106126360667,0.106228241974,0.106669727634,0.107281015471,0.107722501132,0.107688540696,0.108096065921,0.10796022418,