# R script for Peak Model
#  -- generated by MACS
p <- c(0.0275600554116,0.0287126284547,0.0297126550656,0.0306787824693,0.0317974563052,0.0326957852946,0.0336788623019,0.0346110904985,0.0357636635416,0.0369501357917,0.0380688096276,0.0393739291029,0.0404756533352,0.0415265287568,0.0424757065569,0.0436113299964,0.0446452558144,0.0457300304432,0.0470351499184,0.0482385717722,0.0493402960045,0.0504589698404,0.0514928956584,0.0524929222693,0.0534759992766,0.0535437976909,0.0537641425374,0.0536624449159,0.0535607472945,0.0533743016551,0.0536115961052,0.0536624449159,0.0539505881767,0.0541709330231,0.0539675377802,0.0540353361945,0.0542048322303,0.0543404290589,0.0542387314374,0.0544251770767,0.0546794211304,0.054815017959,0.0546624715268,0.054815017959,0.0550862116161,0.0549675643911,0.0552387580483,0.0554930021019,0.0557811453627,0.0556624981377,0.0555099517055,0.0554760524983,0.0557980949663,0.0560692886234,0.0559506413984,0.0561370870377,0.0565099783164,0.05676422237,0.0566286255414,0.0565608271271,0.0565099783164,0.0565438775235,0.0566964239557,0.0569676176129,0.0573744080987,0.0574761057201,0.057916795413,0.0582388378809,0.057916795413,0.0580862914488,0.0581201906559,0.0582388378809,0.0584422331238,0.058594779556,0.0588490236096,0.0589507212311,0.0587642755917,0.0589337716275,0.0590354692489,0.0591541164739,0.0590185196454,0.0588490236096,0.0590015700418,0.0589507212311,0.0593066629061,0.0594083605276,0.059747352599,0.0598659998241,0.0602558407063,0.0602558407063,0.0607134800028,0.0608999256421,0.0613067161279,0.0612897665243,0.0614084137493,0.0613914641457,0.0615101113708,0.0617643554244,0.0617982546315,0.0624253899638,0.0628491300531,0.0628321804495,0.0630355756924,0.0631033741067,0.0635271141961,0.063849156664,0.063967803889,0.0640695015105,0.064527140807,0.0647983344642,0.0650864777249,0.0652220745535,0.0657475122643,0.0659509075072,0.0661204035429,0.0661543027501,0.0659848067143,0.065798361075,0.0662221011644,0.0660865043358,0.066476345218,0.0664085468037,0.0663407483894,0.0666119420466,0.0666797404609,0.0666288916502,0.0667644884788,0.066713639668,0.0670526317395,0.067391623811,0.067510271036,0.0677136662789,0.0677306158825,0.0676967166753,0.0675780694503,0.0676119686575,0.0674085734146,0.0674933214325,0.0672560269824,0.067510271036,0.0672390773788,0.067154329361,0.0669170349109,0.0668322868931,0.0667814380823,0.0669848333252,0.0671373797574,0.0669678837217,0.0666458412537,0.0663746475966,0.0659678571108,0.0660017563179,0.0658661594893,0.0656966634536,0.0653407217785,0.0651542761392,0.0647983344642,0.0648152840677,0.0644932415998,0.0643406951677,0.0641203503212,0.0640017030962,0.0636627110247,0.0632898197461,0.0629169284674,0.0626796340174,0.0625609867924,0.0626287852067,0.0623067427387,0.0621202970994,0.0618830026494,0.0616118089922,0.0616965570101,0.0614931617672,0.0613914641457,0.0612389177136,0.0615270609743,0.0615948593886,0.0611202704886,0.0607812784171,0.060543983967,0.0603914375349,0.0604083871384,0.0602897399134,0.0601371934813,0.0603236391206,0.0603236391206,0.0602219414991,0.0601032942741,0.0598998990312,0.0599337982384,0.0597643022026,0.0598659998241,0.0597304029955,0.0596965037883,0.0593744613204,0.0593575117168,0.0592388644918,0.0593236125097,0.0594761589419,0.0598321006169,0.0600524454634,0.0599507478419,0.0601371934813,0.0603744879313,0.0603405887241,0.0607134800028,0.060543983967,0.0606626311921,0.0607812784171,0.0610524720743,0.0612050185064,0.0610863712814,0.0611202704886,0.0609677240564,0.0610355224707,0.0609507744528,0.0610016232635,0.0611711192993,0.06145926256,0.0614762121636,0.0618491034422,0.0618321538387,0.0619847002708,0.0621033474959,0.062374541153,0.0622389443245,0.0621880955137,0.0622389443245,0.0622897931352,0.0625948859995,0.0624592891709,0.062374541153,0.0626118356031,0.0627474324317,0.0631372733139,0.0634423661782,0.0634423661782,0.0634932149889,0.063611862214,0.0633915173675,0.0636288118175,0.0636966102318,0.0640186526997,0.0640186526997,0.0643406951677,0.0643237455641,0.0648152840677,0.0651203769321,0.0649847801035,0.0651542761392,0.0652051249499,0.0652051249499,0.0651542761392,0.0651881753464,0.0652729233642,0.064883082482,0.0650864777249,0.0653068225714,0.0654593690035,0.0655271674178,0.0652898729678,0.0653576713821,0.0656966634536,0.0661204035429,0.0663407483894,0.0667305892716,0.0669678837217,0.0672051781717,0.0672051781717,0.0674085734146,0.0678323135039,0.0683408016112,0.0685441968541,0.0688323401148,0.0692391306006,0.0697476187078,0.0703578044365,0.0706628973008,0.0711544358045,0.0716459743081,0.0723409080547,0.0728663457655,0.0733748338727,0.0738324731692,0.0739680699978,0.074239263655,0.0752562398694,0.075951173616,0.0766630569661,0.0775952851627,0.0781207228735,0.0791546486915,0.0794258423487,0.0801377256988,0.0808157098418,0.0814936939847,0.0817479380384,0.0825445694063,0.0835784952244,0.0841208825387,0.0848836146996,0.0857310948783,0.0866124742641,0.0875447024607,0.0886633762966,0.0899684957718,0.0910702200042,0.0917821033543,0.0923075410651,0.0935109629188,0.0945618383404,0.0952906712941,0.0960873026621,0.0971890268944,0.0983415999375,0.0994433241698,0.100138257916,0.101070486113,0.101951865499,0.10276544647,0.103595977045,0.104070565946,0.104562104449,0.105002794142,0.105697727889,0.105901123132,0.106358762428,0.107002847364,0.107680831507,0.107901176353,0.108443563668,0.108799505343,0.109240195036,0.109799531954,0.109901229575,0.109901229575,0.109613086314,0.109850380764,0.110002927197,0.110206322439,0.110528364907,0.110562264114,0.111375845086,0.111189399447,0.11120634905,0.111274147465,0.111494492311,0.11115550024,0.110833457772,0.11073176015,0.11068091134,0.110782608961,0.11073176015,0.110511415304,0.110053776007,0.109663935125,0.109223245432,0.109019850189,0.108918152568,0.108375765253,0.108104571596,0.107833377939,0.107782529128,0.107155393796,0.106646905689,0.106019770357,0.105833324717,0.105257038196,0.105002794142,0.104155313963,0.103409531406,0.103172236956,0.10300274092,0.102612900038,0.102358655985,0.101799319067,0.101494226202,0.101239982149,0.100816242059,0.100341653159,0.0996975682234,0.0993924753591,0.0988500880447,0.0985110959732,0.0982907511268,0.0982738015232,0.0977822630195,0.0975280189659,0.0971042788766,0.0965957907693,0.0961890002836,0.0959686554371,0.0954262681227,0.095612713762,0.095612713762,0.0953923689156,0.0950364272405,0.0949686288262,0.0947652335833,0.0945618383404,0.0945618383404,0.0940533502332,0.0942906446833,0.0945109895297,0.0947143847726,0.0947313343762,0.0947652335833,0.0950194776369,0.0949516792227,0.0947991327905,0.0951889736727,0.095494066537,0.095138124862,0.0950533768441,0.0950703264477,0.095138124862,0.0952228728798,0.0954432177263,0.095375419312,0.0958839074192,0.0961551010764,0.0961890002836,0.096290697905,0.0965449419586,0.0965110427515,0.0971720772909,0.0971212284801,0.0974093717409,0.0977144646052,0.0981551542982,0.0984771967661,0.0985110959732,0.0987314408197,0.098917886459,0.0992399289269,0.099714517827,0.100223005934,0.100324703556,0.100765393249,0.101595923824,0.101867117481,0.101968815102,0.102256958363,0.102019663913,0.102172210345,0.102324756777,0.103019690524,0.10271459766,0.10300274092,0.103104438542,0.103443430613,0.103884120306,0.103697674667,0.103545128235,0.103273934578,0.103528178631,0.103595977045,0.103036640128,0.102985791317,0.10276544647,0.102595950435,0.102511202417,0.102731547263,0.103155287353,0.103324783388,0.103324783388,0.103341732992,0.103392581803,0.103612926649,0.103595977045,0.103392581803,0.103714624271,0.104087515549,0.104748550089,0.104714650881,0.104799398899,0.10532483661,0.10579942551,0.105850274321,0.106155367185,0.106646905689,0.107257091418,0.107629982696,0.107663881903,0.108087621993,0.108036773182,0.108307966839,0.108918152568,0.109257144639,0.109138497414,0.109833431161,0.11068091134,0.111375845086,0.11234197249,0.112884359804,0.113189452668,0.113664041569,0.115155606683,0.116036986069,0.117325155941,0.117901442462,0.118969267487,0.11988454608,0.120935421502,0.122579533049,0.124088047767,0.125427066449,