# R script for Peak Model
#  -- generated by MACS
p <- c(0.0291169105723,0.0314109701931,0.0340579620633,0.0361755555595,0.0384696151803,0.0405872086765,0.0419989376739,0.0434106666714,0.0449988617935,0.046939989165,0.0487046504118,0.0504693116586,0.051881040656,0.0515281084067,0.0515281084067,0.051351642282,0.0525869051548,0.0532927696535,0.0527633712794,0.0531163035288,0.0527633712794,0.0525869051548,0.0534692357782,0.0547044986509,0.0534692357782,0.0545280325262,0.0545280325262,0.0555868292743,0.0548809647756,0.0547044986509,0.0543515664016,0.0534692357782,0.0534692357782,0.0543515664016,0.055233897025,0.0550574309003,0.0555868292743,0.0561162276484,0.0568220921471,0.0571750243964,0.0573514905211,0.0566456260224,0.0559397615237,0.0555868292743,0.056292693773,0.0568220921471,0.0575279566458,0.0580573550198,0.0582338211445,0.0585867533939,0.0580573550198,0.0566456260224,0.0573514905211,0.0561162276484,0.0554103631496,0.0555868292743,0.0561162276484,0.0569985582718,0.0580573550198,0.0577044227705,0.0577044227705,0.0585867533939,0.0578808888952,0.0568220921471,0.0566456260224,0.0564691598977,0.0564691598977,0.0561162276484,0.0573514905211,0.0573514905211,0.0559397615237,0.0547044986509,0.0548809647756,0.0550574309003,0.0543515664016,0.0536457019028,0.0555868292743,0.056292693773,0.056292693773,0.0564691598977,0.0575279566458,0.0571750243964,0.0569985582718,0.0575279566458,0.0575279566458,0.0571750243964,0.0564691598977,0.0561162276484,0.0573514905211,0.0591161517679,0.0599984823913,0.0598220162666,0.0585867533939,0.060174948516,0.0589396856432,0.0594690840173,0.0605278807654,0.0612337452641,0.0603514146407,0.0599984823913,0.0608808130147,0.0610572791394,0.0591161517679,0.0591161517679,0.0578808888952,0.0571750243964,0.0575279566458,0.0582338211445,0.0575279566458,0.0577044227705,0.0575279566458,0.0592926178926,0.0591161517679,0.0591161517679,0.0580573550198,0.0577044227705,0.0568220921471,0.0566456260224,0.0573514905211,0.0575279566458,0.0575279566458,0.0577044227705,0.0571750243964,0.0573514905211,0.0584102872692,0.0584102872692,0.0571750243964,0.0564691598977,0.0575279566458,0.0566456260224,0.0569985582718,0.0573514905211,0.0564691598977,0.055763295399,0.0561162276484,0.0559397615237,0.0548809647756,0.0545280325262,0.0554103631496,0.055763295399,0.0566456260224,0.0559397615237,0.0559397615237,0.0561162276484,0.055763295399,0.0559397615237,0.0564691598977,0.0564691598977,0.0561162276484,0.0555868292743,0.0550574309003,0.0568220921471,0.0568220921471,0.0568220921471,0.0569985582718,0.0573514905211,0.0566456260224,0.055763295399,0.056292693773,0.0568220921471,0.0571750243964,0.0571750243964,0.0591161517679,0.0584102872692,0.0587632195186,0.0582338211445,0.0573514905211,0.0566456260224,0.0569985582718,0.0571750243964,0.0568220921471,0.0561162276484,0.0564691598977,0.055763295399,0.0564691598977,0.0573514905211,0.0571750243964,0.0571750243964,0.0585867533939,0.059645550142,0.0598220162666,0.060174948516,0.0608808130147,0.0619396097628,0.0621160758875,0.0615866775135,0.0614102113888,0.0619396097628,0.0610572791394,0.0615866775135,0.0608808130147,0.06070434689,0.0615866775135,0.0628219403862,0.0629984065109,0.0633513387603,0.064586601633,0.0642336693837,0.0638807371343,0.0633513387603,0.064057203259,0.0649395338824,0.0651160000071,0.0644101355083,0.0635278048849,0.0622925420122,0.0621160758875,0.0624690081369,0.0633513387603,0.064057203259,0.0637042710096,0.0637042710096,0.0628219403862,0.0617631436381,0.0614102113888,0.06070434689,0.0603514146407,0.0608808130147,0.0599984823913,0.060174948516,0.0594690840173,0.0603514146407,0.059645550142,0.0591161517679,0.0594690840173,0.060174948516,0.0598220162666,0.0589396856432,0.0587632195186,0.0585867533939,0.0585867533939,0.060174948516,0.060174948516,0.0603514146407,0.06070434689,0.0610572791394,0.0624690081369,0.0631748726356,0.0651160000071,0.0663512628798,0.0670571273785,0.0670571273785,0.0677629918773,0.0681159241266,0.0695276531241,0.0681159241266,0.0695276531241,0.0686453225007,0.0686453225007,0.0697041192487,0.0691747208747,0.0686453225007,0.0677629918773,0.0682923902513,0.0674100596279,0.0668806612539,0.0663512628798,0.0659983306305,0.0670571273785,0.0665277290045,0.0654689322564,0.0642336693837,0.0637042710096,0.064586601633,0.064057203259,0.0635278048849,0.064057203259,0.0642336693837,0.0633513387603,0.0642336693837,0.064057203259,0.0659983306305,0.0663512628798,0.0674100596279,0.0670571273785,0.0672335935032,0.0691747208747,0.0695276531241,0.0695276531241,0.0691747208747,0.0705864498722,0.0700570514981,0.072351111119,0.0732334417424,0.072880509493,0.073409907867,0.0746451707398,0.0760568997372,0.0746451707398,0.0737628401164,0.0732334417424,0.0727040433683,0.0725275772436,0.0732334417424,0.0751745691138,0.0739393062411,0.0732334417424,0.0739393062411,0.0746451707398,0.0741157723658,0.0755275013632,0.07729216261,0.0758804336126,0.0781744932334,0.0799391544802,0.0818802818517,0.0831155447245,0.0848802059713,0.086115468844,0.08558607047,0.0859390027193,0.0871742655921,0.0873507317168,0.0869977994674,0.0892918590883,0.0896447913376,0.0907035880857,0.0922917832078,0.0928211815819,0.0933505799559,0.094409376704,0.0958211057014,0.0970563685742,0.0961740379508,0.0959975718261,0.0956446395768,0.0952917073274,0.094938775078,0.0970563685742,0.0951152412027,0.0952917073274,0.094409376704,0.0919388509585,0.0901741897117,0.0875271978415,0.0873507317168,0.0877036639661,0.0868213333427,0.0868213333427,0.0871742655921,0.0857625365947,0.0869977994674,0.0871742655921,0.0852331382206,0.0850566720959,0.0857625365947,0.0852331382206,0.0857625365947,0.0866448672181,0.0869977994674,0.08558607047,0.0868213333427,0.0880565962155,0.0868213333427,0.0834684769738,0.0847037398466,0.0847037398466,0.0854096043453,0.0868213333427,0.089468325213,0.0901741897117,0.0903506558364,0.0898212574623,0.0924682493325,0.0924682493325,0.0924682493325,0.09387997833,0.094409376704,0.0956446395768,0.0975857669482,0.0975857669482,0.0968799024495,0.0968799024495,0.0970563685742,0.0972328346989,0.0970563685742,0.0974093008236,0.098821029821,0.0981151653223,0.0997033604444,0.101644487816,0.100938623317,0.103409149063,0.101820953941,0.101115089442,0.100409224943,0.101115089442,0.101644487816,0.101997420065,0.100585691068,0.101997420065,0.103056216813,0.104115013561,0.103585615187,0.102879750689,0.102350352315,0.103056216813,0.10482087806,0.10482087806,0.103938547437,0.103409149063,0.104467945811,0.10746786993,0.10782080218,0.109938395676,0.109938395676,0.11046779405,0.111703056923,0.109056065052,0.108703132803,0.111879523047,0.11311478592,0.115055913292,0.114879447167,0.115232379416,0.11576177779,0.114879447167,0.115585311666,0.115938243915,0.116820574538,0.118232303536,0.119114634159,0.119291100284,0.119114634159,0.118938168035,0.120702829281,0.122114558279,0.121761626029,0.120526363157,0.122291024404,0.123526287276,0.12405568565,0.125467414648,0.126173279146,0.127937940393,0.130584932263,0.129349669391,0.130055533889,0.129173203266,0.130408466139,0.131290796762,0.129349669391,0.130584932263,0.129349669391,0.127761474269,0.126702677521,0.127761474269,0.12970260164,0.131643729012,0.133055458009,0.134290720882,0.133408390258,0.133231924134,0.134114254757,0.133408390258,0.131467262887,0.130055533889,0.130055533889,0.129879067765,0.128996737141,0.127937940393,0.126349745271,0.125820346897,0.125467414648,0.125996813022,0.125467414648,0.125820346897,0.128996737141,0.130055533889,0.133055458009,0.134114254757,0.134820119256,0.134820119256,0.135878916004,0.137820043375,0.1379965095,0.137290645001,0.136761246627,0.138349441749,0.139584704622,0.14099643362,0.14364342549,0.144525756113,0.145055154487,0.146819815734,0.148760943106,0.150702070477,0.152466731724,0.155819588093,0.158290113838,0.160937105709,0.16287823308,0.16552522495,0.16817221682,0.167819284571,0.16817221682,0.172230937688,0.176113192431,0.177701387553,0.176289658556,0.175760260182,0.175583794057,0.178230785927,0.183348303543,0.184054168042,0.186348227662,0.187054092161,0.187230558286,