# R script for Peak Model
#  -- generated by MACS
p <- c(0.00624108045585,0.00640389125035,0.00658479213313,0.00681996328074,0.00710940469318,0.00727221548768,0.0073445758408,0.00752547672357,0.00765210734152,0.0078330082243,0.00797772893052,0.00808626946019,0.00823099016641,0.00828526043124,0.00846616131402,0.0086470621968,0.00886414325613,0.00900886396236,0.0091354945803,0.00933448555136,0.00947920625758,0.00964201705208,0.0097867377583,0.0099495485528,0.0101304494356,0.0103113503184,0.0104560710246,0.0106007917308,0.0107093322605,0.0108540529667,0.0110892241143,0.011197764644,0.0114148457033,0.0116138366744,0.0117404672923,0.011849007822,0.0119394582634,0.0119032780868,0.0118670979103,0.011849007822,0.0118309177337,0.0117766474689,0.0117404672923,0.0117947375571,0.0119213681751,0.0118128276454,0.0117404672923,0.0117947375571,0.0117585573806,0.0117585573806,0.0116861970275,0.0116500168509,0.0116319267626,0.011523386233,0.0116138366744,0.0116138366744,0.0115595664095,0.0115776564978,0.011523386233,0.011523386233,0.0115414763213,0.011523386233,0.0115052961447,0.0115595664095,0.0115776564978,0.0115957465861,0.0117766474689,0.011722377204,0.011722377204,0.0116319267626,0.0116319267626,0.0116319267626,0.0117042871158,0.0116861970275,0.0116681069392,0.0115595664095,0.0114148457033,0.0114148457033,0.0115595664095,0.0115595664095,0.0115414763213,0.0116138366744,0.0117585573806,0.0118128276454,0.0118128276454,0.0119213681751,0.0119032780868,0.0120299087048,0.0120299087048,0.0120660888813,0.0121565393227,0.0121384492344,0.0121384492344,0.0121022690579,0.0122288996758,0.0122108095875,0.0122469897641,0.0122469897641,0.0122831699406,0.0122831699406,0.012373620382,0.0124278906469,0.012373620382,0.0125545212648,0.0124821609117,0.0124459807351,0.0124459807351,0.012500251,0.012500251,0.0125183410883,0.0125183410883,0.0126449717062,0.0127354221476,0.0128077825007,0.0127896924124,0.0127354221476,0.0128620527655,0.01302486356,0.0131334040897,0.0131334040897,0.0131876743545,0.0131334040897,0.013350485149,0.0133323950608,0.0134590256787,0.0136037463849,0.013676106738,0.0136399265615,0.0137484670911,0.0137122869146,0.0136941968263,0.0138389175325,0.0138750977091,0.0139112778856,0.0139655481505,0.0140198184153,0.014001728327,0.0139293679739,0.0136580166498,0.013802737356,0.0138750977091,0.0138750977091,0.0139293679739,0.0138750977091,0.0137665571794,0.013802737356,0.0137846472677,0.0139293679739,0.014001728327,0.014001728327,0.0139112778856,0.0138750977091,0.0139474580622,0.0139655481505,0.0138931877974,0.0137846472677,0.0137846472677,0.013802737356,0.013802737356,0.0136580166498,0.0136580166498,0.0137122869146,0.0136037463849,0.0136399265615,0.013676106738,0.0137846472677,0.0138208274443,0.0138208274443,0.0137846472677,0.0137484670911,0.0139112778856,0.0139474580622,0.0139112778856,0.0138570076208,0.0139836382388,0.0138750977091,0.0139112778856,0.0138931877974,0.0140198184153,0.0141102688567,0.0141102688567,0.0142188093864,0.014453980534,0.0143997102691,0.0143454400043,0.0142368994746,0.014327349916,0.0145625210636,0.0144901607105,0.014453980534,0.0144720706223,0.0145263408871,0.0146710615933,0.0148338723878,0.0146710615933,0.0148157822995,0.0149605030058,0.014978593094,0.0149966831823,0.0150871336237,0.0150871336237,0.0152861245948,0.0154489353893,0.0154489353893,0.0154489353893,0.0154127552127,0.015430845301,0.0155032056541,0.015629836272,0.01575646689,0.0159011875962,0.0160278182142,0.0159735479493,0.0161001785673,0.0161906290087,0.0163172596266,0.0165162505977,0.016733331657,0.0168961424515,0.0169142325398,0.0170227730694,0.0171674937757,0.0174026649233,0.0175654757178,0.017583565806,0.0176740162474,0.0177463766005,0.0180539081013,0.018234808984,0.0182890792489,0.0184337999551,0.0185242503965,0.0185423404848,0.0185785206613,0.0188498719855,0.0189403224269,0.0190850431331,0.0191212233097,0.019211673751,0.0194287548104,0.0195734755166,0.019663925958,0.0198448268408,0.0200076376353,0.0201523583415,0.0202608988712,0.0202789889594,0.0205322501953,0.0207131510781,0.0210930429319,0.0213463041678,0.0213643942561,0.0214367546092,0.0215452951389,0.0214367546092,0.0216900158451,0.0219070969044,0.0221784482286,0.0224136193762,0.0225040698176,0.0226668806121,0.0227935112301,0.0231553129956,0.0233000337018,0.0236437453791,0.0239874570564,0.0244397092633,0.0248015110289,0.024873871382,0.0249824119117,0.0251814028827,0.0254346641186,0.0257964658842,0.025977366767,0.0261039973849,0.0263391685325,0.0266467000332,0.0268999612691,0.0272617630347,0.0275331143588,0.0278225557713,0.0281843575368,0.0285642493907,0.0288175106266,0.0292697628335,0.0295411141577,0.0298124654819,0.0303189879536,0.0305541591012,0.0307712401606,0.0309883212199,0.0312777626324,0.0315491139565,0.0317661950159,0.032164176958,0.0326164291649,0.0332314921664,0.033466663314,0.0337199245499,0.034117906492,0.0345158884341,0.0349500505528,0.0354565730245,0.0359811855846,0.0363248972619,0.0367952395571,0.0371932214992,0.0376635637944,0.0383148069724,0.0389117798856,0.0394183023574,0.0399248248292,0.0405398878306,0.0411911310086,0.0415891129507,0.0422765363053,0.0429458695715,0.0435428424847,0.0441398153979,0.0447548783993,0.0454603918422,0.0461116350202,0.0468352385513,0.0475950222589,0.0485537969377,0.0491145896743,0.0501276346178,0.0507969678841,0.0516110218566,0.0522803551229,0.0530220487423,0.0536913820086,0.054433075628,0.055283309777,0.0558079223371,0.0568028771924,0.0571646789579,0.0579244626656,0.0587566067264,0.0594621201692,0.060493255201,0.0616329307625,0.062573615353,0.0632791287958,0.0641112728566,0.064726335858,0.065829831243,0.0668971464514,0.0679644616598,0.0691403173978,0.0700810019883,0.0710759568436,0.0722337224933,0.0734638484962,0.0743864429984,0.0755442086482,0.07657534368,0.0779682804774,0.0792164965686,0.0800667307176,0.0813511269854,0.082888784489,0.0844445320809,0.0856022977307,0.0871761354108,0.0887861532675,0.0898896486525,0.0912825854499,0.0924403510997,0.0940503689564,0.0956061165483,0.0968543326395,0.0986090712024,0.100237179147,0.101811016828,0.103348674331,0.105085322806,0.106731520839,0.108251088254,0.11029526823,0.112050006793,0.113768565179,0.115595664095,0.117350402658,0.119141321398,0.121167411285,0.123609573202,0.125635663089,0.127480852094,0.12972402304,0.131732022839,0.133305860519,0.135006328817,0.137249499764,0.138823337444,0.140939877773,0.142658436159,0.144811156664,0.146547805139,0.148501534673,0.150618075001,0.152698435153,0.154778795305,0.157130506781,0.159626938963,0.162250001764,0.164800704211,0.167043875157,0.169757388399,0.17227191067,0.174750252764,0.177011513798,0.179019513597,0.181570216044,0.183741026638,0.18623745882,0.189023332415,0.191845386186,0.194522719251,0.197127691963,0.199443223263,0.202048195975,0.204852159658,0.207402862105,0.209845024023,0.212413816558,0.214964519005,0.21785893313,0.2203734554,0.222942247936,0.225981382767,0.229147148215,0.23182448128,0.234339003551,0.236907796086,0.239693669681,0.242389092835,0.245355867312,0.249082425497,0.251253236091,0.254400911451,0.257005884163,0.260153559523,0.263319324972,0.26606901839,0.269469954986,0.272454819552,0.275349233677,0.278985341421,0.281626494309,0.284538998522,0.287560043264,0.290327826771,0.292987069748,0.29589957396,0.299318600645,0.302213014769,0.304763717216,0.306880257545,0.309847032023,0.312741446147,0.315183608064,0.317897121306,0.321225697549,0.324445733263,0.327195426681,0.330469732659,0.333725948549,0.337018344616,0.3401298398,0.343187064719,0.346190019373,0.348722631732,0.351490415238,0.354981802276,0.357803856047,0.360445008936,0.362633909617,0.365112251711,0.367554413629,0.369689044046,0.371823674462,0.374175385938,0.376852719004,0.379530052069,0.381610412221,0.383871673255,0.386331925261,0.387851492676,0.389443420445,0.391053438302,0.392862447129,0.394942807281,0.396715635933,0.398416104231,0.400894446325,0.403137617271,0.404946626099,0.407587778988,0.408944535608,0.41124197682,0.413014805471,0.414624823328,0.416433832155,0.418369471601,0.420540282195,0.422385471199,0.42457437188,