# R script for Peak Model
#  -- generated by MACS
p <- c(0.00805230644059,0.00832491056488,0.0086289690112,0.00889108836148,0.00912175338973,0.00942581183605,0.0095621138982,0.00972987028238,0.00999198963266,0.0101807155649,0.0103799262711,0.0106210760733,0.0109356192937,0.0111872538699,0.0113550102541,0.0115017970903,0.0117324621185,0.0120050662428,0.0122671855931,0.0125188201694,0.0127390004236,0.0129277263558,0.013105967514,0.0133156629942,0.0135568127965,0.0137769930507,0.0140181428529,0.0142488078812,0.0144689881354,0.0147101379377,0.0149093486439,0.0150771050281,0.0153497091524,0.0155384350846,0.0158739478529,0.0160521890111,0.0163247931354,0.0163562474574,0.0163143083614,0.0163038235874,0.0163143083614,0.0162304301693,0.0162513997173,0.0163562474574,0.0163038235874,0.0164925495196,0.0163772170055,0.0163667322315,0.0164086713275,0.0164296408755,0.0165344886156,0.0165449733896,0.0165030342936,0.0165135190676,0.0165344886156,0.0165449733896,0.0165973972597,0.0166393363557,0.0165554581637,0.0165449733896,0.0166393363557,0.0166498211298,0.0167232145478,0.0168280622879,0.0168070927399,0.0168175775139,0.0167756384179,0.0167232145478,0.0166393363557,0.0165973972597,0.0165973972597,0.0166183668077,0.0166393363557,0.0166707906778,0.0167336993218,0.0166917602258,0.0167546688699,0.0167336993218,0.0167127297738,0.0165869124857,0.0165973972597,0.0166603059038,0.0165240038416,0.0165344886156,0.0165659429377,0.0165240038416,0.0164296408755,0.0164506104235,0.0164925495196,0.0166078820337,0.0166183668077,0.0166707906778,0.0167232145478,0.0167127297738,0.0167546688699,0.016870001384,0.016922425254,0.0169853338981,0.0169748491241,0.0170482425422,0.0170587273162,0.0171006664122,0.0171111511862,0.0171216359603,0.0171426055083,0.0172474532484,0.0172055141523,0.0172474532484,0.0172055141523,0.0173313314405,0.0172893923444,0.0172998771184,0.0173942400845,0.0175095725987,0.0175410269207,0.0175934507908,0.0175934507908,0.0175724812427,0.0176458746608,0.0174676335026,0.0174676335026,0.0174781182766,0.0175200573727,0.0176039355648,0.0175724812427,0.0176353898868,0.0177297528529,0.017771691949,0.017803146271,0.017834600593,0.017813631045,0.0178975092371,0.0180967199433,0.0181910829094,0.0182225372314,0.0183378697456,0.0182959306495,0.0183273849715,0.0184112631636,0.0183169001975,0.0182959306495,0.0184217479376,0.0185685347738,0.018746775932,0.0189145323162,0.0189879257342,0.0190193800563,0.0190718039263,0.0191661668924,0.0193234385026,0.0193024689546,0.0194282862427,0.0196379817229,0.0197637990111,0.0199525249433,0.0201307661015,0.0203928854517,0.0205501570619,0.0207703373161,0.0208437307342,0.0208961546043,0.0210010023444,0.0211058500845,0.0211687587286,0.0211792435026,0.0212526369207,0.0212945760167,0.0214413628529,0.0214623324009,0.0213784542088,0.0214833019489,0.0216196040111,0.0218292994913,0.0218502690393,0.0219026929094,0.0219865711014,0.0221019036156,0.0221438427116,0.0222696599997,0.0223849925139,0.022521294576,0.0226575966382,0.0226575966382,0.0227834139263,0.0229511703105,0.0230035941805,0.0232028048867,0.0232971678528,0.0233915308189,0.0235488024291,0.0237584979093,0.0239891629376,0.0241778888698,0.02433516048,0.0245448559602,0.0247230971184,0.0248593991805,0.0249747316946,0.0251739424008,0.0252578205929,0.0255409094912,0.0256457572313,0.0258030288415,0.0259917547737,0.0261699959319,0.0261909654799,0.0261699959319,0.0263796914121,0.0265893868924,0.0267571432765,0.0269353844347,0.0269982930788,0.0271241103669,0.0274386535873,0.0276798033895,0.0278685293217,0.0279628922878,0.028088709576,0.028109679124,0.0282354964121,0.0284661614404,0.0286339178245,0.0288540980788,0.0289065219488,0.0292000956211,0.0292944585872,0.0292734890392,0.0294936692935,0.0296299713556,0.0297243343217,0.0298291820618,0.0299340298019,0.030049362316,0.0302485730223,0.0305106923725,0.0306469944347,0.030951052881,0.0311712331352,0.0316011088697,0.0317374109318,0.0320414693782,0.0322301953104,0.0326076471748,0.0329641294912,0.0332157640674,0.0333520661296,0.0334044899996,0.0338972743781,0.0341069698584,0.0343900587567,0.0345892694629,0.0348723583612,0.0351659320335,0.0354804752538,0.0357950184742,0.0361095616945,0.0364450744629,0.0367386481352,0.0370846456775,0.0375983996041,0.0379024580504,0.038479120621,0.0389299659035,0.0392549938979,0.0394856589261,0.0397268087284,0.0399889280786,0.0404712276832,0.0408381947735,0.0411527379939,0.0414987355363,0.0420334590108,0.0423165479091,0.0430295125419,0.04315532983,0.0436271446605,0.044077989943,0.0445183504515,0.0451684064402,0.0456821603667,0.0462273686153,0.0467201529938,0.0472758460164,0.0477686303949,0.0484501407057,0.0489114707622,0.0494776485588,0.0500228568073,0.0504946716378,0.0508511539542,0.0514592708469,0.0521932050277,0.0529900478525,0.0536401038412,0.0542167664118,0.0548248833045,0.055359606779,0.0559572388977,0.056229843022,0.0569532924287,0.0576138331914,0.0580646784739,0.0586518258185,0.0593752752253,0.0601301789541,0.060958476101,0.0615456234456,0.0621956794343,0.0630239765812,0.0639466366942,0.064659601327,0.0653620811857,0.0661589240106,0.0670815841235,0.0676792162422,0.0682349092648,0.0689688434455,0.0696922928523,0.0703842879371,0.0713803414681,0.0723973645472,0.07316275305,0.0742112304511,0.075060497146,0.075930733389,0.0769687260161,0.077786538389,0.0786672594059,0.0796004042929,0.0804706405358,0.0814981483889,0.0824627475979,0.083469285903,0.0842766135019,0.0849581238126,0.0857654514115,0.0865727790103,0.0878414366657,0.0887326424566,0.0897916046318,0.0910078384171,0.091899044208,0.0928950977391,0.0941113315244,0.0952961109876,0.0963341036147,0.0976342155921,0.098441543191,0.0997102008463,0.100905465084,0.102247516157,0.103442780394,0.104491257795,0.105728461129,0.106944694914,0.108087535281,0.109230375648,0.110499033304,0.111495086835,0.11286859223,0.114053371694,0.115217181609,0.116590687004,0.118037585818,0.119442545535,0.120574901129,0.121738711044,0.122996883925,0.124192148162,0.125471290592,0.126970613275,0.128532844603,0.130325740959,0.131772639773,0.133534081806,0.135285039066,0.136931148586,0.13843047127,0.140139489433,0.141701720761,0.143431708473,0.145287513473,0.147069925055,0.148653125931,0.150016146552,0.151609832202,0.153109154885,0.154597992795,0.156380404377,0.158320087569,0.160291225083,0.161801032541,0.163520535478,0.165135190676,0.166571604716,0.168605650874,0.17024127562,0.172118050168,0.173837553105,0.175651419009,0.177444315365,0.179216242173,0.181134955817,0.183074639009,0.184930444009,0.186912066297,0.188495267173,0.190571252427,0.192458511749,0.194461103585,0.19658951271,0.198193683133,0.20030112271,0.20215692771,0.203729643811,0.205910476806,0.207965492512,0.209936630026,0.211865828444,0.213952298472,0.21588149689,0.218041360337,0.220222193331,0.222371572003,0.223933803331,0.225779123557,0.227949471777,0.23025612206,0.232457924602,0.23438712302,0.236578440788,0.238507639206,0.240667502653,0.242722518359,0.244903351353,0.24716806254,0.24918113915,0.251099852794,0.253427472624,0.255398610138,0.257369747652,0.259445732907,0.261500748613,0.263398492709,0.265170419517,0.267089133161,0.269028816353,0.271041892963,0.272719456805,0.274470414065,0.276473005901,0.278234447935,0.27981764881,0.281662969036,0.283434895844,0.285143914008,0.286496449856,0.288352254855,0.290700844234,0.292829253358,0.294831845194,0.296949769545,0.298837028867,0.300682349093,0.302265549968,0.304635108895,0.306847396211,0.308577383923,0.310842095109,0.312173661409,0.313956072991,0.316011088697,0.318087073951,0.319754153019,0.321578503697,0.323339945731,0.3247239359,0.326170834714,0.327659672623,0.329075117115,0.330511531154,0.33157049333,0.333289996267,0.334495745279,0.335680524742,0.337211301748,0.338616261465,0.340021221183,0.341405211352,0.342673869007,0.343785255053,0.344728884714,0.345745907793,0.346857293838,0.347528319375,0.348471949036,0.349562365533,0.350243875844,0.351743198527,0.353242521211,0.354374876804,0.354972508923,0.356041955872,0.357132372369,0.3581284259,0.359334174911,0.360802043273,0.362332820278,0.363758749544,