# R script for Peak Model
#  -- generated by MACS
p <- c(0.0369033951124,0.0385435460062,0.0399884408413,0.0420581550646,0.0435811523232,0.0456118153346,0.047330068652,0.0486968610636,0.0508056264986,0.0529143919336,0.0544764404039,0.0563508985684,0.0579129470387,0.0597874052032,0.0618571194264,0.0635753727438,0.0655279333318,0.0675585963432,0.0693159008724,0.070995102978,0.0705655396487,0.0705264884369,0.0703312323781,0.0704874372252,0.0713856150956,0.0718542296367,0.0717370760015,0.071971383272,0.0718542296367,0.071815178425,0.0724399978131,0.0718542296367,0.0721666393308,0.072791458719,0.0729867147778,0.0731819708366,0.0740020462835,0.0744706608246,0.075056429001,0.0745487632481,0.0746659168834,0.0748221217304,0.0751345314245,0.075056429001,0.0754078899068,0.0751735826363,0.0756421971774,0.0763060677773,0.0756031459656,0.0756031459656,0.0761498629302,0.0761108117185,0.0760717605067,0.0756812483891,0.0753688386951,0.0754859923303,0.0749392753657,0.0746659168834,0.0745097120364,0.0745878144599,0.0743535071893,0.0743144559776,0.0743535071893,0.07392394386,0.0728695611425,0.0727524075072,0.0723618953896,0.0721666393308,0.0718932808485,0.0719323320603,0.0715418199427,0.0715027687309,0.070995102978,0.0704093348017,0.0704483860134,0.0702531299546,0.069550208143,0.0693159008724,0.0695892593547,0.0702140787429,0.0701359763193,0.0703702835899,0.0703312323781,0.0698235666253,0.069862617837,0.0696283105665,0.0689253887548,0.0684958254255,0.0686910814843,0.0679881596726,0.0675195451315,0.0673633402844,0.0675585963432,0.0673633402844,0.0672461866492,0.0673633402844,0.0671290330139,0.0671680842257,0.0673242890727,0.0672071354374,0.0677929036138,0.067597647555,0.067441442708,0.0671680842257,0.067753852402,0.0673633402844,0.0674804939197,0.0672461866492,0.0674804939197,0.0672071354374,0.0672461866492,0.067441442708,0.0675585963432,0.0677929036138,0.0676366987668,0.0675585963432,0.0675585963432,0.067597647555,0.0669337769551,0.0670118793786,0.0672852378609,0.0668166233198,0.0669728281669,0.0672852378609,0.0673242890727,0.0671680842257,0.0673633402844,0.0674023914962,0.067753852402,0.067597647555,0.0676366987668,0.0676366987668,0.0678710060373,0.068573927849,0.0688082351195,0.0687691839078,0.0692377984489,0.0693940032959,0.0693549520842,0.0694721057194,0.0691206448136,0.0693940032959,0.0699407202605,0.0701750275311,0.0703702835899,0.0705264884369,0.070682693284,0.0707217444957,0.070838898131,0.070682693284,0.0710341541898,0.0707607957075,0.0703702835899,0.0706045908605,0.070838898131,0.0713075126721,0.0713465638839,0.0717761272132,0.0713856150956,0.0706436420722,0.0700188226841,0.0700969251076,0.0700578738958,0.0700578738958,0.0695892593547,0.0700578738958,0.06970641299,0.0698235666253,0.0692768496606,0.06970641299,0.0697454642018,0.0700188226841,0.0700578738958,0.06970641299,0.069550208143,0.0695111569312,0.0694721057194,0.0690034911783,0.0692377984489,0.0694721057194,0.0692377984489,0.0696283105665,0.0692768496606,0.0691987472371,0.0686910814843,0.0687691839078,0.068573927849,0.0686910814843,0.0681443645196,0.0687691839078,0.0684567742137,0.0682615181549,0.0685348766372,0.0680272108844,0.067753852402,0.0672461866492,0.0669728281669,0.0661137015082,0.0662699063552,0.0668556745316,0.0673242890727,0.0673633402844,0.0668166233198,0.0667385208963,0.0670509305904,0.0663870599905,0.066308957567,0.0660746502964,0.0665823160493,0.0668947257433,0.0670509305904,0.0665042136257,0.0659184454494,0.0656060357553,0.0658403430258,0.0658403430258,0.0661137015082,0.0664261112022,0.0660355990846,0.0655279333318,0.0658012918141,0.0652545748495,0.0650593187907,0.0654498309083,0.0655669845435,0.0659184454494,0.0665042136257,0.0662699063552,0.0665432648375,0.0665823160493,0.0667385208963,0.0670118793786,0.0670118793786,0.0672852378609,0.0675585963432,0.0672461866492,0.0675585963432,0.0677929036138,0.0682615181549,0.0679491084608,0.0679100572491,0.067753852402,0.0682615181549,0.0681053133079,0.0677148011903,0.0683396205784,0.0691206448136,0.0694330545077,0.0692768496606,0.0694721057194,0.0691596960254,0.0693159008724,0.0695111569312,0.069862617837,0.0696283105665,0.0692377984489,0.0691987472371,0.0692768496606,0.0696673617782,0.0702140787429,0.0701750275311,0.0705264884369,0.0707217444957,0.0704093348017,0.0701750275311,0.0704093348017,0.0699016690488,0.0702531299546,0.0704874372252,0.0703312323781,0.0703312323781,0.0700578738958,0.0702921811664,0.0706045908605,0.0709170005545,0.0716980247897,0.0718542296367,0.071971383272,0.0725962026602,0.0730257659895,0.072947663566,0.0736115341659,0.0740410974953,0.0743925584011,0.0757202996009,0.076032709295,0.0759546068715,0.0758374532362,0.0755640947539,0.0752516850598,0.0754859923303,0.0756812483891,0.0760717605067,0.0760717605067,0.0759155556597,0.0767746823184,0.0767746823184,0.0766575286831,0.0766575286831,0.0771261432242,0.0779071674594,0.0778681162476,0.0779462186712,0.078453884424,0.0789615501769,0.079586369565,0.0801330865297,0.0803673938002,0.0810703156119,0.0807969571296,0.0809922131884,0.0818122886353,0.0823980568117,0.0825933128705,0.082515210447,0.0823980568117,0.0823590055999,0.0827495177175,0.0821637495411,0.0824371080235,0.0830228761998,0.0834133883174,0.0833352858939,0.0837648492233,0.0828666713528,0.0828276201411,0.0833352858939,0.0837648492233,0.0843506173997,0.0854050001172,0.0854050001172,0.0860688707171,0.0862250755641,0.0869670485875,0.0876699703992,0.0877090216109,0.0882166873638,0.0884900458461,0.0886853019049,0.0881385849403,0.0879042776697,0.0884509946344,0.0892710700813,0.0891148652343,0.089973991893,0.0893101212931,0.0899349406812,0.0901692479518,0.0893882237166,0.0898568382577,0.0900520943165,0.0895834797754,0.088997711599,0.0891148652343,0.0894272749283,0.0895444285636,0.0897396846224,0.0896225309871,0.0898568382577,0.0897006334107,0.0893101212931,0.0893101212931,0.0893101212931,0.0893101212931,0.0896225309871,0.0898177870459,0.0898177870459,0.0902473503753,0.0909112209752,0.0904816576458,0.091106477034,0.0908331185517,0.0912236306693,0.0911845794575,0.0909112209752,0.0906769137046,0.0906378624929,0.0910283746105,0.0909112209752,0.0907550161282,0.0908721697634,0.0911845794575,0.0908721697634,0.0911845794575,0.0908331185517,0.0910283746105,0.0906769137046,0.091262681881,0.0919656036927,0.0921218085397,0.0918093988456,0.0919656036927,0.0923561158103,0.0921999109632,0.0921999109632,0.0919656036927,0.0918484500574,0.0918875012692,0.0919265524809,0.0925513718691,0.0928247303514,0.0936057545866,0.0938791130689,0.0941134203394,0.0948163421511,0.094503932457,0.0946210860923,0.0946210860923,0.0944648812453,0.0942305739747,0.0941524715512,0.0946210860923,0.0943867788217,0.0944648812453,0.0949725469981,0.0948553933629,0.0948163421511,0.0948163421511,0.0951287518452,0.095324007904,0.095480212751,0.0952849566922,0.0954021103275,0.0950897006334,0.0952068542687,0.0955583151745,0.0957926224451,0.0951678030569,0.0953630591157,0.0952068542687,0.0952849566922,0.0957145200216,0.0958316736568,0.0963393394097,0.0964955442567,0.096612697892,0.0966517491038,0.0963002881979,0.0961440833509,0.0957926224451,0.0959488272921,0.0948163421511,0.0948163421511,0.0952068542687,0.0944258300335,0.0950115982099,0.094503932457,0.0944258300335,0.0939962667042,0.0943086763982,0.0941524715512,0.0937229082218,0.0937619594336,0.093527652163,0.093527652163,0.0941524715512,0.094191522763,0.0943086763982,0.0941524715512,0.0943867788217,0.094191522763,0.0940743691277,0.0938010106454,0.0936448057983,0.0938791130689,0.0937229082218,0.0933323961043,0.0936448057983,0.0932542936807,0.0936838570101,0.0939962667042,0.0942696251865,0.0938791130689,0.0930980888337,0.0931761912572,0.0937619594336,0.0941134203394,0.0947382397276,0.0952459054804,0.0954411615392,0.0957535712333,0.0959878785039,0.0959878785039,0.0957145200216,0.0963002881979,0.0964955442567,0.0973937221272,0.0977061318213,0.09856525848,0.0984871560565,0.0990338730211,0.10012730695,0.100205409374,0.100400665433,0.100400665433,0.100869279974,0.101181689668,0.101064536033,0.101494099362,0.101845560268,