# R script for Peak Model
#  -- generated by MACS
p <- c(0.0375082485905,0.0385829835071,0.0398726654071,0.0406249798487,0.0410548738154,0.042452029207,0.0433118171403,0.0438491845986,0.0452463399902,0.0459986544319,0.0466434953819,0.0478257037902,0.0486854917235,0.0498677001318,0.0509424350484,0.0522321169484,0.0528769578983,0.05362927234,0.0541666397983,0.0553488482066,0.0561011626482,0.0567460035982,0.0574983180399,0.0584655794648,0.0593253673981,0.0599702083481,0.0606150492981,0.0614748372314,0.0629794661147,0.0642691480146,0.0656663034063,0.0671709322896,0.0685680876812,0.0697502960895,0.0708250310061,0.0705026105311,0.0700727165645,0.0706100840228,0.0706100840228,0.0711474514811,0.0708250310061,0.0705026105311,0.0703951370394,0.0696428225978,0.0700727165645,0.0703951370394,0.0707175575144,0.0706100840228,0.0703951370394,0.0707175575144,0.0709325044978,0.0697502960895,0.0689979816478,0.0692129286312,0.0688905081562,0.0680307202229,0.0682456672062,0.0685680876812,0.0680307202229,0.0681381937145,0.0683531406978,0.0691054551395,0.0683531406978,0.0687830346645,0.0689979816478,0.0692129286312,0.0694278756145,0.0696428225978,0.0685680876812,0.0686755611728,0.0686755611728,0.0684606141895,0.0682456672062,0.0688905081562,0.0689979816478,0.0686755611728,0.0687830346645,0.0692129286312,0.0688905081562,0.0691054551395,0.0696428225978,0.0702876635478,0.0702876635478,0.0698577695811,0.0700727165645,0.0695353491061,0.0705026105311,0.0707175575144,0.0713623984644,0.0713623984644,0.0710399779894,0.0715773454477,0.0717922924311,0.0714698719561,0.0713623984644,0.0720072394144,0.0721147129061,0.0723296598894,0.0713623984644,0.0712549249728,0.0705026105311,0.0698577695811,0.0691054551395,0.0681381937145,0.0679232467312,0.0682456672062,0.0682456672062,0.0676008262562,0.0668485118146,0.0660961973729,0.0664186178479,0.0665260913396,0.0664186178479,0.0669559853062,0.0664186178479,0.0665260913396,0.0659887238813,0.0658812503896,0.0658812503896,0.0660961973729,0.0662036708646,0.0668485118146,0.0668485118146,0.0668485118146,0.0668485118146,0.0678157732395,0.0673858792729,0.0673858792729,0.0676008262562,0.0677082997479,0.0680307202229,0.0670634587979,0.0673858792729,0.0673858792729,0.0671709322896,0.0668485118146,0.0666335648312,0.0658812503896,0.0672784057812,0.0672784057812,0.0674933527645,0.0677082997479,0.0676008262562,0.0671709322896,0.0677082997479,0.0672784057812,0.0674933527645,0.0677082997479,0.0674933527645,0.0669559853062,0.0662036708646,0.0660961973729,0.0663111443562,0.0665260913396,0.0658812503896,0.0657737768979,0.0651289359479,0.0650214624563,0.0649139889646,0.0653438829313,0.0652364094396,0.0652364094396,0.0651289359479,0.0659887238813,0.0659887238813,0.0658812503896,0.0659887238813,0.0655588299146,0.0659887238813,0.0660961973729,0.0667410383229,0.0667410383229,0.0678157732395,0.0686755611728,0.0687830346645,0.0685680876812,0.0689979816478,0.0687830346645,0.0694278756145,0.0698577695811,0.0697502960895,0.0694278756145,0.0689979816478,0.0682456672062,0.0686755611728,0.0688905081562,0.0692129286312,0.0692129286312,0.0688905081562,0.0680307202229,0.0682456672062,0.0687830346645,0.0692129286312,0.0688905081562,0.0692129286312,0.0687830346645,0.0688905081562,0.0685680876812,0.0688905081562,0.0691054551395,0.0691054551395,0.0686755611728,0.0686755611728,0.0686755611728,0.0688905081562,0.0693204021228,0.0698577695811,0.0706100840228,0.0696428225978,0.0696428225978,0.0693204021228,0.0689979816478,0.0687830346645,0.0686755611728,0.0683531406978,0.0685680876812,0.0689979816478,0.0688905081562,0.0699652430728,0.0703951370394,0.0707175575144,0.0697502960895,0.0699652430728,0.0701801900561,0.0702876635478,0.0710399779894,0.0711474514811,0.0710399779894,0.0709325044978,0.0702876635478,0.0714698719561,0.0712549249728,0.0713623984644,0.0706100840228,0.0703951370394,0.0706100840228,0.0706100840228,0.0714698719561,0.0714698719561,0.0707175575144,0.0713623984644,0.0711474514811,0.0702876635478,0.0697502960895,0.0699652430728,0.0703951370394,0.0700727165645,0.0705026105311,0.0701801900561,0.0707175575144,0.0710399779894,0.0720072394144,0.0720072394144,0.072759553856,0.0729745008394,0.072759553856,0.0729745008394,0.0728670273477,0.073726815281,0.075016497181,0.0742641827393,0.0735118682977,0.0739417622643,0.0739417622643,0.074371656231,0.074049235756,0.0742641827393,0.074049235756,0.074049235756,0.075016497181,0.0748015501976,0.0752314441643,0.0751239706726,0.0744791297227,0.075338917656,0.0752314441643,0.075338917656,0.0749090236893,0.0752314441643,0.0755538646393,0.0755538646393,0.0756613381309,0.0763061790809,0.0769510200309,0.0773809139976,0.0778108079642,0.0777033344726,0.0780257549475,0.0771659670142,0.0779182814559,0.0784556489142,0.0794229103392,0.0797453308142,0.0803901717641,0.0807125922391,0.0804976452558,0.0809275392225,0.0815723801724,0.0812499596974,0.0818948006474,0.0816798536641,0.0816798536641,0.0820022741391,0.0828620620724,0.0841517439723,0.0831844825474,0.083614376514,0.0833994295307,0.0835069030224,0.0843666909557,0.0837218500057,0.083614376514,0.083936796989,0.0847965849223,0.0851190053973,0.0854414258723,0.0859787933306,0.0864086872973,0.0870535282473,0.0860862668223,0.0859787933306,0.085871319839,0.0859787933306,0.086193740314,0.084904058414,0.0860862668223,0.0870535282473,0.0875908957056,0.0872684752306,0.0869460547556,0.0878058426889,0.0881282631639,0.0881282631639,0.0890955245889,0.0895254185555,0.0900627860138,0.0899553125222,0.0908151004555,0.0913524679138,0.0914599414055,0.0916748883888,0.0924272028304,0.0933944642554,0.0939318317137,0.0930720437804,0.0928570967971,0.0927496233054,0.0930720437804,0.0939318317137,0.094146778697,0.0945766726637,0.0943617256804,0.094146778697,0.0936094112387,0.094469199172,0.0940393052054,0.0937168847304,0.0939318317137,0.0945766726637,0.0940393052054,0.0946841461554,0.0943617256804,0.094469199172,0.0943617256804,0.095758881072,0.095758881072,0.0956514075803,0.095758881072,0.0965111955136,0.0968336159886,0.0968336159886,0.0969410894803,0.0962962485303,0.0959738280553,0.0965111955136,0.0978008774136,0.0983382448719,0.0984457183636,0.0984457183636,0.0984457183636,0.0985531918552,0.0994129797885,0.0994129797885,0.0997354002635,0.0999503472469,0.100487714705,0.100487714705,0.100702661688,0.101347502638,0.102207290572,0.102314764063,0.102529711047,0.103174551997,0.103496972472,0.10467918088,0.103711919455,0.103282025488,0.10274465803,0.102852131522,0.103067078505,0.103067078505,0.102637184538,0.102637184538,0.101992343588,0.101347502638,0.101240029147,0.101562449622,0.101562449622,0.101347502638,0.100272767722,0.100380241214,0.100380241214,0.0999503472469,0.100487714705,0.100702661688,0.101025082163,0.100487714705,0.10016529423,0.0988756123302,0.0984457183636,0.0988756123302,0.0996279267719,0.100702661688,0.10081013518,0.100380241214,0.101240029147,0.101240029147,0.101562449622,0.10145497613,0.10145497613,0.101562449622,0.101562449622,0.101562449622,0.100595188197,0.0993055062969,0.0990905593135,0.0989830858219,0.0985531918552,0.0978008774136,0.0970485629719,0.0970485629719,0.0975859304303,0.0984457183636,0.0981232978886,0.0969410894803,0.096081301547,0.0959738280553,0.096081301547,0.0961887750386,0.0962962485303,0.096403722022,0.096081301547,0.0965111955136,0.0970485629719,0.0970485629719,0.0961887750386,0.096726142497,0.096081301547,0.095114040122,0.0952215136137,0.0958663545636,0.0955439340887,0.095436460597,0.0953289871053,0.0952215136137,0.0952215136137,0.0950065666303,0.0956514075803,0.096081301547,0.0956514075803,0.095758881072,0.096081301547,0.096403722022,0.0962962485303,0.096403722022,0.096403722022,0.0969410894803,0.0972635099553,0.0975859304303,0.0984457183636,0.0983382448719,0.0979083509052,0.0984457183636,0.0981232978886,0.0994129797885,0.0999503472469,0.100487714705,0.10081013518,0.102314764063,0.103604445963,0.103282025488,0.103174551997,0.102529711047,0.103067078505,0.103604445963,0.104141813422,0.104249286913,0.104356760405,0.104894127863,0.105216548338,0.105001601355,0.105109074847,0.105646442305,