# R script for Peak Model
#  -- generated by MACS
p <- c(0.0271672132673,0.0289349428977,0.0302839997209,0.0317260949457,0.0334007861745,0.0348894006001,0.0362849766241,0.0377270718489,0.0394017630777,0.0407043007001,0.0425185495313,0.0439606447561,0.0452631823785,0.0466587584025,0.0483799688321,0.0497755448561,0.0518223896913,0.0531714465145,0.0532644849161,0.0529853697113,0.0530318889121,0.0532179657153,0.0536831577234,0.053776196125,0.0538692345266,0.054008792129,0.0543809457354,0.0546135417394,0.0543344265346,0.0541948689322,0.0536831577234,0.0538227153258,0.0541018305306,0.0539622729282,0.054008792129,0.0536831577234,0.0541483497314,0.0538227153258,0.0543344265346,0.054706580141,0.0548461377434,0.054939176145,0.0554508873538,0.055404368153,0.0551252529482,0.055636964157,0.0554508873538,0.0556834833578,0.055636964157,0.0561486753658,0.0558230409602,0.0558230409602,0.0550787337474,0.0552182913498,0.055171772149,0.0550322145466,0.0553578489522,0.0552182913498,0.0553578489522,0.0553113297514,0.0552182913498,0.0552648105506,0.0548926569442,0.0548926569442,0.055171772149,0.0554508873538,0.0556834833578,0.0559160793618,0.0562417137674,0.056102156165,0.0563812713698,0.056567348173,0.056334752169,0.0569395017794,0.0565208289722,0.0561951945666,0.0559625985626,0.0560091177634,0.0551252529482,0.0553578489522,0.0555439257554,0.0554974065546,0.0557765217594,0.055636964157,0.0560556369642,0.056334752169,0.0567069057754,0.0567069057754,0.056799944177,0.0571255785826,0.0571720977834,0.0578233665946,0.0576372897914,0.0582420394018,0.0580094433978,0.058660712209,0.058660712209,0.058660712209,0.0587072314098,0.058660712209,0.058428116205,0.057730328193,0.0574046937874,0.0564743097714,0.0564277905706,0.056334752169,0.0561951945666,0.0563812713698,0.0563812713698,0.0560091177634,0.0557300025586,0.0562882329682,0.055869560161,0.0561951945666,0.056799944177,0.0563812713698,0.0562417137674,0.0561486753658,0.0555904449562,0.0554974065546,0.0550787337474,0.0540553113298,0.0541483497314,0.0545670225386,0.0550787337474,0.0548926569442,0.0549856953458,0.0545205033378,0.054706580141,0.0547530993418,0.0546135417394,0.0541483497314,0.0541948689322,0.0544274649362,0.0545205033378,0.0542879073338,0.0543809457354,0.0545205033378,0.0550322145466,0.055404368153,0.0554508873538,0.0557300025586,0.0559160793618,0.0557765217594,0.056102156165,0.0561951945666,0.0564277905706,0.0564277905706,0.0569860209802,0.0566603865746,0.0564277905706,0.0566138673738,0.0566603865746,0.0562882329682,0.0567534249762,0.0570790593818,0.0571720977834,0.0575442513898,0.0572186169842,0.0572186169842,0.0570790593818,0.0572186169842,0.0573116553858,0.057962924197,0.0581490010002,0.0580559625986,0.0587537506106,0.0590328658154,0.0590328658154,0.059358500221,0.0590793850162,0.059358500221,0.059358500221,0.0598702114298,0.0595445770242,0.0599167306306,0.0596376154258,0.0594515386226,0.059125904217,0.0590793850162,0.0590328658154,0.0586141930082,0.0591724234178,0.058893308213,0.0592189426186,0.0596376154258,0.0598702114298,0.0603819226386,0.0611727490522,0.0615449026586,0.0615449026586,0.0613123066546,0.0618240178634,0.0620566138674,0.0623357290722,0.0619635754658,0.0619635754658,0.062149652269,0.0622426906706,0.0618240178634,0.0617774986626,0.0617774986626,0.0613123066546,0.060986672249,0.0610331914498,0.0604749610402,0.0614053450562,0.0613123066546,0.0612657874538,0.0610797106506,0.0610797106506,0.061219268253,0.061451864257,0.0614983834578,0.061451864257,0.0615914218594,0.061451864257,0.0617774986626,0.061684460261,0.0617309794618,0.0610331914498,0.0603819226386,0.060754076245,0.060288884237,0.0594050194218,0.0593119810202,0.0595445770242,0.059823692229,0.0594980578234,0.0593119810202,0.0590328658154,0.0587072314098,0.059125904217,0.0592189426186,0.0593119810202,0.0594515386226,0.0594980578234,0.059358500221,0.059358500221,0.0594515386226,0.0590793850162,0.0592189426186,0.0587072314098,0.0588002698114,0.0589398274138,0.0591724234178,0.0597771730282,0.0600097690322,0.060288884237,0.0602423650362,0.0604284418394,0.060288884237,0.060288884237,0.060056288233,0.0596841346266,0.0592654618194,0.0594515386226,0.059591096225,0.0593119810202,0.0594050194218,0.0599167306306,0.0605679994418,0.059823692229,0.0599632498314,0.0599167306306,0.0597771730282,0.060056288233,0.0613588258554,0.061219268253,0.0608471146466,0.061219268253,0.060986672249,0.0608471146466,0.061451864257,0.0611727490522,0.0613588258554,0.061917056265,0.0620566138674,0.0623357290722,0.0628009210802,0.0629404786826,0.0632195938874,0.0631265554858,0.0632661130882,0.063080036285,0.063545228293,0.0642895355058,0.0650803619194,0.0654525155258,0.0661968227386,0.0669411299514,0.0680575907706,0.0688018979834,0.0689879747866,0.0695462051962,0.0706161468146,0.070755704417,0.0708952620194,0.0717326076338,0.072151280441,0.0728025492522,0.0735933756658,0.0737329332682,0.0735003372642,0.073546856465,0.0739655292722,0.0740585676738,0.0748028748866,0.0755471820994,0.0751285092922,0.0755937013002,0.0762914893122,0.0771288349266,0.0778266229386,0.0785244109506,0.0785709301514,0.0787104877538,0.0785244109506,0.0790826413602,0.078896564557,0.0797339101714,0.0803386597818,0.0799665061754,0.0799665061754,0.0808038517898,0.0808038517898,0.080292140581,0.0800130253762,0.080292140581,0.080989928593,0.080989928593,0.0806177749866,0.0813155629986,0.0813155629986,0.0815481590026,0.0810829669946,0.0810364477938,0.0807108133882,0.0806642941874,0.0817342358058,0.082152908613,0.082618100621,0.0828041774242,0.0834554462354,0.083548484637,0.0839671574442,0.0848510222594,0.0849905798618,0.0848045030586,0.0849905798618,0.0846184262554,0.0852696950666,0.0859674830786,0.0869443862954,0.0867583094922,0.0874095783034,0.0872235015002,0.0870839438978,0.0877817319098,0.0888051543274,0.0888051543274,0.0895494615403,0.0901542111507,0.0908519991627,0.0914102295723,0.0914567487731,0.0922940943875,0.0923871327891,0.0922940943875,0.0930849208011,0.0932709976043,0.0941083432187,0.0944339776243,0.0954108808411,0.0968064568651,0.0960156304515,0.0962947456563,0.0957365152467,0.0964808224595,0.0967599376643,0.0969925336683,0.0974112064755,0.0971320912707,0.0978763984835,0.0982020328891,0.0990393785035,0.0995976089131,0.0990393785035,0.0996441281139,0.0994580513107,0.0996906473147,0.100062800921,0.100202358523,0.100434954527,0.100527992929,0.0999232433187,0.100341916126,0.100202358523,0.100527992929,0.100621031331,0.100062800921,0.100062800921,0.0999232433187,0.100388435327,0.0999232433187,0.0992254553067,0.0995976089131,0.0998767241179,0.100667550531,0.100760588933,0.10117926174,0.101690972949,0.101690972949,0.102249203359,0.101690972949,0.101690972949,0.102016607355,0.102621356965,0.103644779383,0.103644779383,0.103691298583,0.102946991371,0.102574837764,0.103644779383,0.103970413788,0.104900797804,0.105319470611,0.105272951411,0.105924220222,0.107087200242,0.107412834648,0.107924545856,0.108622333868,0.108854929872,0.109738794688,0.109971390692,0.110390063499,0.110948293908,0.111180889912,0.111925197125,0.112995138744,0.114204637964,0.114576791571,0.114623310772,0.114716349173,0.115274579583,0.114902425976,0.11508850278,0.115786290792,0.117088828414,0.117600539623,0.118112250832,0.11857744284,0.119507826856,0.119089154048,0.118717000442,0.120159095667,0.120391691671,0.121787267695,0.121926825297,0.122438536506,0.121833786896,0.12150815249,0.122392017305,0.122810690112,0.122857209313,0.124345823739,0.124811015747,0.124485381341,0.125276207755,0.126020514968,0.126206591771,0.12671830298,0.127555648594,0.128020840602,0.12848603261,0.129416416626,0.129881608634,0.130067685437,0.131323703859,0.131835415068,0.132440164678,0.132951875887,0.134393971112,0.135789547136,0.135743027935,0.136440815947,0.136719931152,0.13718512316,0.137324680762,0.137882911172,0.139278487196,0.140162352011,0.141046216826,0.141650966436,0.142581350452,0.143186100063,0.144674714488,0.146302886516,0.147279789733,0.148396250552,0.14886144256,0.148582327356,0.150257018584,0.151838671412,0.152676017026,0.153094689833,0.154536785058,