# R script for Peak Model
#  -- generated by MACS
p <- c(0.039398404511,0.0408814549037,0.0422083947287,0.0436524174795,0.0451744955141,0.0467551150115,0.0481796239414,0.0497407296179,0.0512823214734,0.0529605100757,0.0545021019312,0.0561217490706,0.0575267441795,0.0591463913188,0.0609416628468,0.0624832547024,0.0641809571256,0.0656054660554,0.06712754409,0.0691960091114,0.0703863521897,0.0719669716872,0.0735085635428,0.0750501553983,0.0766112610748,0.0770991065987,0.0770600789568,0.0771576480616,0.0772747309873,0.0774893830179,0.0771966757035,0.0770600789568,0.0772942448083,0.0775088968388,0.0776650074065,0.0775479244807,0.0776845212274,0.0778406317951,0.0781723667513,0.0781528529304,0.0779577147208,0.0781528529304,0.0781723667513,0.0783479911399,0.0786406984543,0.0784260464238,0.078328477319,0.0780357700046,0.0778211179741,0.0774698691969,0.077450355376,0.0775088968388,0.0777040350484,0.0779186870789,0.0780162561837,0.077860145616,0.0780357700046,0.0781528529304,0.0782894496771,0.0783479911399,0.0782894496771,0.0784650740657,0.0784845878866,0.078308963498,0.0780943114675,0.0780552838256,0.0781333391094,0.0781528529304,0.0780747976466,0.0776259797646,0.0778406317951,0.0778016041532,0.0776454935855,0.0775088968388,0.077450355376,0.0770991065987,0.0771576480616,0.0771381342406,0.0770600789568,0.0768259131053,0.0766698025377,0.0768063992844,0.0766698025377,0.076533205791,0.0763770952233,0.0762404984767,0.0759282773414,0.075616056206,0.0754404318174,0.0752257797869,0.0751086968612,0.0751086968612,0.0746989066211,0.0747184204421,0.0744452269487,0.0743281440229,0.0741720334553,0.0741330058134,0.0739573814248,0.0740744643505,0.0738793261409,0.0735671050056,0.0735866188266,0.0732939115122,0.0728255798093,0.0728450936302,0.0726694692416,0.072513358674,0.0722596790015,0.0720840546129,0.072064540792,0.0716547505519,0.0718694025824,0.0720059993291,0.0718498887615,0.0719279440453,0.0717328058357,0.0717523196567,0.0714596123423,0.0714205847004,0.0713815570585,0.0712449603118,0.071166905028,0.071147391207,0.0709717668184,0.0710693359232,0.0709717668184,0.0711278773861,0.070698573325,0.0707571147879,0.0707961424298,0.0709132253556,0.0708937115346,0.0709522529975,0.0707571147879,0.0709132253556,0.0710107944603,0.0710693359232,0.0710107944603,0.0713425294166,0.0716742643729,0.0713815570585,0.0717328058357,0.0716742643729,0.0716937781938,0.0718498887615,0.0719669716872,0.0722791928225,0.072513358674,0.0722596790015,0.0723572481063,0.0723962757482,0.0721621098968,0.0723377342854,0.0723767619273,0.0722011375387,0.0724353033902,0.0722401651806,0.0720059993291,0.0720059993291,0.0722596790015,0.0727084968835,0.0726109277788,0.0721621098968,0.0721621098968,0.072064540792,0.072064540792,0.0719864855082,0.0723182204644,0.0720840546129,0.0723377342854,0.0723377342854,0.0724353033902,0.0726109277788,0.072962176556,0.0730207180188,0.0732939115122,0.0730402318398,0.0731378009446,0.073410994438,0.0735280773637,0.0733134253332,0.0733134253332,0.0732353700494,0.0732548838703,0.0730012041979,0.0730597456608,0.0731963424075,0.0730597456608,0.0728646074512,0.0725719001369,0.0727475245255,0.0727475245255,0.0726304415997,0.0727280107045,0.0726499554207,0.0726889830626,0.072513358674,0.0723572481063,0.0726304415997,0.0724353033902,0.0726499554207,0.0725719001369,0.0726304415997,0.0727084968835,0.0729036350931,0.0725914139578,0.0724157895692,0.0725719001369,0.0722987066435,0.0722011375387,0.0718694025824,0.071596209089,0.072045026971,0.0719279440453,0.0717523196567,0.0716937781938,0.0716352367309,0.0714400985214,0.0715766952681,0.0711278773861,0.0711864188489,0.0712059326699,0.0710693359232,0.0708156562508,0.0709327391765,0.0705424627574,0.0703473245478,0.0703473245478,0.0701131586963,0.069800937561,0.069820451382,0.0695667717096,0.0696057993515,0.0697423960982,0.0698985066658,0.0697814237401,0.0696643408143,0.0695472578886,0.0692740643952,0.0693130920371,0.0694496887838,0.0694301749629,0.0693326058581,0.0692350367533,0.0690203847228,0.0688837879761,0.0687667050504,0.0685325391989,0.0687081635875,0.0686691359456,0.0683764286312,0.0685325391989,0.0682788595264,0.0686496221246,0.0686691359456,0.0686886497665,0.0688837879761,0.0689618432599,0.0688252465132,0.0685910806617,0.0685910806617,0.0690984400066,0.0688642741551,0.0693326058581,0.0696838546353,0.0695082302467,0.0696643408143,0.0696643408143,0.0696838546353,0.0701521863383,0.0700936448754,0.070249755443,0.0704644074736,0.070718087146,0.0707376009669,0.0710303082813,0.0712449603118,0.0714791261633,0.0717132920148,0.0719864855082,0.0722011375387,0.0724743310321,0.0727084968835,0.0728450936302,0.0727865521674,0.0731768285865,0.0736061326475,0.0741720334553,0.0749135586516,0.0751672383241,0.0754599456384,0.0757331391318,0.076064874088,0.0762014708347,0.0769039683892,0.0774698691969,0.0782699358561,0.0789919472315,0.0791870854411,0.0798310415326,0.0804554838032,0.0809043016852,0.0813921472091,0.0813531195672,0.0816458268816,0.0821336724055,0.0825629764665,0.082797142318,0.0834801260515,0.0838704024706,0.0838118610077,0.0838508886496,0.0843192203526,0.084143595964,0.0842606788897,0.0847290105927,0.0851778284747,0.0855095634309,0.0856266463567,0.0858217845662,0.0861535195225,0.0864462268369,0.0867389341512,0.086816989435,0.0868560170769,0.0868560170769,0.0872072658542,0.0875390008104,0.0875975422733,0.0877926804828,0.0879683048714,0.0883780951115,0.0885146918582,0.0885537195001,0.0888073991726,0.0890415650241,0.0887878853516,0.0885146918582,0.0883585812906,0.0884366365744,0.088182956902,0.0882219845439,0.0883390674696,0.088612260963,0.088182956902,0.0881049016181,0.0878512219457,0.087714625199,0.0875975422733,0.0874609455266,0.0872072658542,0.0871877520332,0.0870316414655,0.0872267796751,0.0869535861817,0.0866218512255,0.0866413650464,0.0868560170769,0.0866023374045,0.0865437959416,0.0866803926883,0.0866218512255,0.0865437959416,0.086816989435,0.086836503256,0.0868755308979,0.0866803926883,0.0866413650464,0.0867779617931,0.0864071991949,0.0864071991949,0.0862120609854,0.0861144918806,0.0858022707453,0.0858803260291,0.0855095634309,0.0853144252214,0.0852949114004,0.0851583146537,0.0850802593699,0.0848851211603,0.0844167894574,0.084124082143,0.084163109785,0.0840850545011,0.0834020707677,0.0833045016629,0.0832069325581,0.0830313081695,0.0829532528857,0.0830313081695,0.082797142318,0.082777628497,0.0826800593923,0.0828556837809,0.082797142318,0.0826020041084,0.0821727000474,0.0822117276893,0.0818799927331,0.0819970756588,0.0817824236283,0.0817629098073,0.0816067992397,0.0817824236283,0.0819970756588,0.0818799927331,0.0816653407025,0.0818409650911,0.0816848545235,0.0816848545235,0.0815092301349,0.0811774951786,0.0809433293271,0.0808652740433,0.0808262464014,0.0806115943709,0.0806115943709,0.0803774285194,0.080553052908,0.0800456935632,0.0798895829955,0.0795188203973,0.0796163895021,0.0794602789345,0.0797920138907,0.0797334724278,0.0793041683668,0.0792456269039,0.0793431960087,0.0795188203973,0.0795578480392,0.0794407651135,0.079655417144,0.0795383342183,0.079655417144,0.0797529862488,0.0799871521003,0.0800652073841,0.080104235026,0.0800652073841,0.0802603455937,0.0803188870565,0.0803188870565,0.0803969423404,0.080553052908,0.0803384008775,0.0806896496547,0.080572566729,0.0808262464014,0.0807677049385,0.0808262464014,0.0806701358338,0.0805335390871,0.0803969423404,0.0800456935632,0.0799481244584,0.0799090968165,0.0796163895021,0.0796944447859,0.0795968756812,0.0794993065764,0.0795968756812,0.079674930965,0.0795773618602,0.0795773618602,0.079655417144,0.0798895829955,0.0800261797422,0.0799871521003,0.0803969423404,0.0807677049385,0.0809628431481,0.081021384611,0.0806896496547,0.0807481911176,0.0807677049385,0.0810408984319,0.0812750642834,0.0809628431481,0.0806506220128,0.0807481911176,0.0810994398948,0.0809628431481,0.0810799260738,0.0812360366415,0.0813726333882,0.0812165228205,0.0812945781044,0.0813336057463,0.0814311748511,0.0812750642834,0.081470202493,0.0813140919253,0.0811774951786,0.0808847878643,0.0812750642834,0.0811774951786,