# R script for Peak Model
#  -- generated by MACS
p <- c(0.0346089600834,0.0362071445459,0.0376951093902,0.0392381840436,0.0408363685061,0.0422141137323,0.044032737431,0.0454104826572,0.0471188867378,0.048496631964,0.0497641575722,0.0511419027984,0.0525196480247,0.0537320638238,0.0554404679043,0.0568182131306,0.0581959583568,0.0599043624374,0.0611718880455,0.0622189744175,0.0638171588799,0.0652500139152,0.067233967041,0.0686668220763,0.0697690182573,0.0695485790211,0.069383249594,0.0700996771116,0.0700445673026,0.0698241280664,0.0697690182573,0.0702650065388,0.0703201163478,0.0704303359659,0.0708161046293,0.0707609948202,0.0709814340564,0.0710365438655,0.071642751765,0.071642751765,0.071587641956,0.0714774223379,0.0714223125288,0.0714223125288,0.071587641956,0.0721938498555,0.0723040694736,0.0724142890917,0.0724142890917,0.0728000577551,0.0734613754637,0.0731307166094,0.0730756068003,0.0732409362275,0.0736818146999,0.0737369245089,0.073847144127,0.0735715950818,0.0732960460365,0.0735164852727,0.0735164852727,0.0735715950818,0.0732960460365,0.0736267048908,0.0731307166094,0.0736267048908,0.0733511558456,0.0729653871822,0.0730756068003,0.0734062656546,0.073847144127,0.0732960460365,0.0720836302374,0.0720836302374,0.0723040694736,0.0725796185189,0.0734062656546,0.0732409362275,0.0732960460365,0.0733511558456,0.0730204969913,0.0724693989008,0.0721938498555,0.0723040694736,0.0714774223379,0.071642751765,0.0723040694736,0.0724693989008,0.0726347283279,0.0729102773732,0.0730756068003,0.0728000577551,0.0728551675641,0.0723040694736,0.0725245087098,0.0720285204284,0.0721387400465,0.0720836302374,0.0719734106193,0.0719183008103,0.071642751765,0.071642751765,0.0714223125288,0.0713120929107,0.0703752261569,0.0703201163478,0.0701547869207,0.0703201163478,0.0701547869207,0.0697690182573,0.0700445673026,0.0697690182573,0.0699343476845,0.0694934692121,0.0697690182573,0.0693281397849,0.069383249594,0.0698241280664,0.0697139084483,0.0699343476845,0.069383249594,0.0697139084483,0.0704303359659,0.0700996771116,0.0698792378754,0.0693281397849,0.0686668220763,0.0686117122673,0.0685014926492,0.0679503945587,0.0683912730311,0.0685014926492,0.0688321515035,0.0686668220763,0.0689423711216,0.0688872613125,0.0680055043677,0.0677299553225,0.0676197357044,0.0673992964682,0.0670686376139,0.0675095160863,0.0679503945587,0.0684463828401,0.0683912730311,0.0684463828401,0.0683912730311,0.068336163222,0.0683912730311,0.068336163222,0.0681708337949,0.0677850651315,0.0678401749406,0.0673992964682,0.0675646258953,0.0677850651315,0.0677299553225,0.0676748455134,0.0677850651315,0.0673992964682,0.067233967041,0.0672890768501,0.067233967041,0.0672890768501,0.0668481983777,0.0669584179958,0.0673992964682,0.0673992964682,0.0674544062772,0.0672890768501,0.0667379787596,0.0666277591415,0.06613177086,0.066076661051,0.0665726493324,0.0666828689505,0.0671237474229,0.0672890768501,0.0672890768501,0.0673441866591,0.0670686376139,0.0670135278048,0.0667379787596,0.0667930885686,0.0670686376139,0.0674544062772,0.0676197357044,0.0678952847496,0.0679503945587,0.0681157239858,0.0685014926492,0.0682259436039,0.0681157239858,0.0676748455134,0.0670686376139,0.067178857232,0.0676748455134,0.0677850651315,0.0678401749406,0.0672890768501,0.0670686376139,0.0675646258953,0.0680606141768,0.0687219318854,0.0686668220763,0.0690525907397,0.0686668220763,0.0688321515035,0.0689974809306,0.0696587986392,0.0706507752021,0.0710916536745,0.071587641956,0.0721387400465,0.072744947946,0.0728000577551,0.0725245087098,0.072689838137,0.0728551675641,0.0728551675641,0.073792034318,0.0740675833632,0.0745084618356,0.074894230499,0.0744533520266,0.074949340308,0.0751697795442,0.0752799991623,0.0757208776347,0.0759413168709,0.0768230738157,0.0774292817153,0.0774843915243,0.0775946111424,0.0773190620972,0.0767679640067,0.0767679640067,0.0766026345795,0.0762719757252,0.0762168659162,0.0758310972528,0.0762719757252,0.0762719757252,0.0767128541976,0.0775946111424,0.0776497209515,0.0777048307605,0.0774843915243,0.0773190620972,0.0775946111424,0.0776497209515,0.0779803798058,0.0775946111424,0.0775946111424,0.078200819042,0.0777048307605,0.078255928851,0.0783110386601,0.0785314778963,0.0785314778963,0.0774292817153,0.0773741719062,0.0772088424791,0.0768230738157,0.0773741719062,0.0772088424791,0.0773190620972,0.0779252699967,0.0783110386601,0.0791927956049,0.0794683446501,0.0799092231225,0.0799643329316,0.0802398819768,0.0806256506402,0.0801847721678,0.0803501015949,0.0802949917859,0.0802398819768,0.0811767487307,0.0811216389216,0.0813971879669,0.0817278468212,0.0820033958664,0.0827749331931,0.0835464705198,0.0840975686103,0.0846486667008,0.0849793255551,0.0850895451732,0.0855304236456,0.0858059726909,0.0858610824999,0.0864121805904,0.0861366315452,0.0863570707814,0.0864672903995,0.0864672903995,0.0864672903995,0.0871286081081,0.0874592669624,0.0877348160076,0.0878450356257,0.0875694865805,0.0875143767714,0.0872388277262,0.0872939375352,0.0873490473443,0.0876797061986,0.0884512435253,0.0885063533343,0.0888370121886,0.0888921219977,0.0888370121886,0.0879001454348,0.0879552552438,0.0878450356257,0.0871286081081,0.08701838849,0.0864672903995,0.085971302118,0.0856957530728,0.0858059726909,0.0856406432637,0.0857508628818,0.0858610824999,0.0857508628818,0.0860815217361,0.0860815217361,0.0853099844094,0.0851997647913,0.0849793255551,0.0853650942185,0.085971302118,0.0853650942185,0.084869105937,0.084869105937,0.0843731176556,0.0847037765099,0.0851446549823,0.0853650942185,0.085916192309,0.0858059726909,0.0854202040275,0.0858059726909,0.0860815217361,0.0860264119271,0.0867428394447,0.0871286081081,0.0872388277262,0.0876797061986,0.0875143767714,0.0879552552438,0.0876797061986,0.0876245963895,0.0877899258167,0.0880654748619,0.0885063533343,0.0883410239072,0.0879552552438,0.0886716827615,0.0885614631434,0.0886716827615,0.0896085495153,0.090324977033,0.0907107456963,0.091482283023,0.0913720634049,0.0921987105407,0.0923640399678,0.092529369395,0.0927498086312,0.0929702478674,0.0932457969126,0.0934662361488,0.0938520048122,0.0938520048122,0.0944031029027,0.094788871566,0.0948439813751,0.0954501892746,0.0952848598475,0.0949542009932,0.094733761757,0.0950644206113,0.0956155187018,0.0960012873651,0.0966626050737,0.0964421658375,0.0964421658375,0.0963319462194,0.0955604088927,0.0962217266013,0.0962217266013,0.0960012873651,0.095891067747,0.0954501892746,0.0949542009932,0.0952848598475,0.0952848598475,0.094733761757,0.0948990911841,0.0951195304203,0.0961666167923,0.0962217266013,0.096938154119,0.096993263928,0.0973239227823,0.096938154119,0.096993263928,0.0966626050737,0.0964421658375,0.0965523854556,0.0966074952647,0.0967728246918,0.0968830443099,0.0961666167923,0.0971034835461,0.0967728246918,0.0964972756466,0.0968830443099,0.0973790325914,0.0975443620185,0.0975443620185,0.0973239227823,0.0974341424004,0.0976545816366,0.0974892522095,0.0978750208728,0.0984812287724,0.0982607895362,0.0990874366719,0.0998589739986,0.0996936445715,0.0998589739986,0.0996936445715,0.0998038641896,0.0995283151443,0.0996385347624,0.0995283151443,0.0999691936167,0.100520291707,0.100299852471,0.100630511325,0.100685621134,0.100906060371,0.101677597697,0.101898036933,0.101567378079,0.101291829034,0.101787817315,0.102008256552,0.102063366361,0.101457158461,0.101677597697,0.101346938843,0.101181609416,0.100740730943,0.10096117018,0.10096117018,0.101291829034,0.102008256552,0.102283805597,0.10211847617,0.102063366361,0.101732707506,0.101787817315,0.101181609416,0.100850950562,0.101181609416,0.101291829034,0.101622487888,0.101953146743,0.102394025215,0.102724684069,0.10327578216,0.102614464451,0.103110452733,0.102283805597,0.102394025215,0.102559354642,0.102228695788,0.102173585979,0.102173585979,0.102063366361,0.102338915406,0.102008256552,0.102394025215,0.102283805597,0.102945123305,0.102834903687,0.102283805597,0.102779793878,0.10266957426,0.10266957426,0.102008256552,0.101567378079,0.101953146743,0.101953146743,0.102394025215,0.102504244833,0.102504244833,0.102338915406,