# R script for Peak Model
#  -- generated by MACS
p <- c(0.0358669906991,0.0375840274879,0.0393646582318,0.0413996647963,0.043339280428,0.0452788960598,0.046741557028,0.0489991424355,0.0508433671346,0.0524014190355,0.0546272074654,0.056948386828,0.0587608145495,0.0608594150692,0.0626718427907,0.0647068493551,0.0662966982336,0.0683317047981,0.0683635017757,0.0688086594617,0.068045532,0.0680137350224,0.0679183440897,0.0676957652467,0.0679819380449,0.0674413894262,0.0674413894262,0.0675049833813,0.0671870136056,0.0672824045383,0.0673142015159,0.0670916226729,0.067377795471,0.0677911561794,0.0681409229327,0.0679501410673,0.0680773289776,0.068490689686,0.0682363138654,0.0681091259551,0.0682045168879,0.0683635017757,0.0684270957308,0.0681091259551,0.0677911561794,0.0685542836411,0.068490689686,0.0680773289776,0.0682999078206,0.0681091259551,0.068490689686,0.0683635017757,0.0688086594617,0.0682999078206,0.0683952987533,0.0679819380449,0.0682999078206,0.0686496745738,0.0694128020355,0.0693174111028,0.0693174111028,0.0697625687888,0.0698261627439,0.0696989748336,0.0699851476318,0.0703667113626,0.0702077264748,0.070557493228,0.0699215536766,0.0696989748336,0.0691902231925,0.069158426215,0.0697943657664,0.0696353808785,0.0698261627439,0.0699851476318,0.0698579597215,0.0696035839009,0.0699533506542,0.0699851476318,0.070334914385,0.0696671778561,0.0694445990131,0.0694445990131,0.0697307718112,0.0698897566991,0.0698579597215,0.0695717869234,0.0696989748336,0.0702077264748,0.070557493228,0.0712888237122,0.0714796055776,0.071670387443,0.0710662448692,0.0713206206897,0.0706528841607,0.0708118690486,0.071002650914,0.0709708539364,0.0708754630037,0.0704938992729,0.0706210871832,0.0703667113626,0.0708118690486,0.0706846811383,0.0706846811383,0.0710662448692,0.0702395234523,0.070557493228,0.0708118690486,0.0706528841607,0.0703031174075,0.0699215536766,0.0698579597215,0.0702077264748,0.0703985083402,0.0706846811383,0.0711298388243,0.0712888237122,0.0708118690486,0.0706210871832,0.0702713204299,0.0708754630037,0.070557493228,0.0708436660262,0.0706528841607,0.0698261627439,0.0699851476318,0.0695399899458,0.0695717869234,0.0696989748336,0.0702713204299,0.0703985083402,0.0702077264748,0.0706210871832,0.071002650914,0.0710980418467,0.0711298388243,0.0716385904654,0.0716067934879,0.071892966286,0.0720201541963,0.0719565602411,0.0722427330393,0.0720201541963,0.0719883572187,0.0720201541963,0.072338123972,0.0730376574785,0.0734192212093,0.0727196877028,0.0728468756131,0.0729740635234,0.0732284393439,0.0732284393439,0.0734510181869,0.0736735970299,0.0739279728505,0.0743095365813,0.0745321154243,0.074627506357,0.0749772731103,0.0752634459084,0.0746911003122,0.0748500852,0.0750090700879,0.0749772731103,0.0748182882224,0.0746911003122,0.0747546942673,0.0749454761327,0.0747228972897,0.075072664043,0.075072664043,0.0749772731103,0.0747864912449,0.0745003184467,0.0748500852,0.0751044610206,0.0750090700879,0.0751044610206,0.0748500852,0.075072664043,0.0751998519533,0.0753906338187,0.0748182882224,0.0750408670654,0.0752316489308,0.0749454761327,0.0742777396037,0.073959769828,0.0737689879626,0.0742141456486,0.0738961758729,0.0733556272542,0.0734510181869,0.0730058605009,0.0724653118822,0.0724971088598,0.0727196877028,0.0727196877028,0.0731966423664,0.0731648453888,0.0732920332991,0.0732920332991,0.0734510181869,0.0733874242318,0.0738007849402,0.0738007849402,0.0736418000523,0.0735146121421,0.0736418000523,0.0737053940075,0.073737190985,0.0737053940075,0.0738325819178,0.0742141456486,0.0750408670654,0.0745957093794,0.074182348671,0.0735146121421,0.0740869577383,0.0742777396037,0.0736735970299,0.0739915668056,0.0741187547159,0.0743095365813,0.0747864912449,0.0743731305364,0.0745639124019,0.0743731305364,0.0740551607607,0.0747228972897,0.0748500852,0.0747228972897,0.0749136791551,0.0745639124019,0.0741187547159,0.0740869577383,0.0743731305364,0.074404927514,0.0740551607607,0.0740551607607,0.0745639124019,0.0750408670654,0.0751998519533,0.0753906338187,0.0755496187065,0.0762491522131,0.075962979415,0.0756450096393,0.0761855582579,0.0758675884822,0.0751362579981,0.0758357915047,0.0763127461682,0.0765989189664,0.0761219643028,0.0761219643028,0.0766625129215,0.0766307159439,0.0764717310561,0.0766943098991,0.0761537612804,0.0762173552355,0.0767261068766,0.0772666554953,0.0779343920243,0.0774892343383,0.0774574373607,0.077807204114,0.0779343920243,0.0785385345981,0.0789518953065,0.078920098329,0.0790154892617,0.0796832257907,0.0806371351178,0.0806689320953,0.0803509623196,0.0799058046336,0.0798740076561,0.0796832257907,0.0799376016112,0.0795878348579,0.0802237744093,0.0808279169832,0.080541744185,0.0803827592972,0.0810186988486,0.0807961200056,0.0809233079159,0.081432059557,0.082544953772,0.0827993295925,0.0832126903009,0.0838168328748,0.0844209754486,0.0845163663813,0.0853112908206,0.0857564485065,0.0860108243271,0.0861380122374,0.0864241850355,0.0871555155196,0.0876960641383,0.0882048157794,0.0886499734654,0.088904349286,0.0893813039495,0.0902398223439,0.0908439649178,0.090748573985,0.0903670102542,0.0908757618953,0.0908757618953,0.0914799044692,0.0915752954019,0.091638889357,0.0917660772673,0.0926563926393,0.092306625886,0.0925610017065,0.0928789714822,0.0933877231234,0.0938010838318,0.0943098354729,0.0944688203607,0.0952319478224,0.0951365568897,0.0955499175981,0.0953591357327,0.0957724964411,0.0963130450598,0.0967582027458,0.0969171876336,0.0966310148355,0.0962176541271,0.0960586692393,0.0957724964411,0.0951047599122,0.0955181206206,0.0954545266654,0.0951047599122,0.0960268722617,0.0957724964411,0.0957406994636,0.0955499175981,0.0960586692393,0.096154060172,0.0964720299477,0.0966628118131,0.0964402329701,0.0968535936785,0.0976485181178,0.0981890667365,0.097998284871,0.0982526606916,0.0981572697589,0.0982526606916,0.0981890667365,0.0981572697589,0.0985706304673,0.0986660214,0.0984752395346,0.0988250062879,0.0989521941981,0.0994609458393,0.0991429760636,0.0988568032654,0.0991429760636,0.0987296153551,0.0988568032654,0.0994291488617,0.0996199307271,0.0993973518841,0.0999696974804,0.0993019609514,0.099778915615,0.100192276323,0.0996199307271,0.0992065700187,0.0994291488617,0.0990793821084,0.0990475851308,0.099111179086,0.099111179086,0.098888600243,0.0986024274449,0.0986024274449,0.0988568032654,0.0983798486019,0.0986024274449,0.0990793821084,0.099333757929,0.0994291488617,0.0994927428168,0.0994927428168,0.0986660214,0.0990793821084,0.0990793821084,0.0990475851308,0.0988250062879,0.0983480516243,0.0982844576692,0.0981254727813,0.0992065700187,0.0995881337495,0.100033291436,0.0999061035252,0.100001494458,0.100828215875,0.100573840054,0.100605637032,0.100319464234,0.100605637032,0.10076462192,0.100860012852,0.100923606807,0.101559546359,0.101623140314,0.10219548591,0.102354470798,0.102640643596,0.103403771058,0.103403771058,0.103149395237,0.103626349901,0.103785334789,0.103562755946,0.103753537811,0.103753537811,0.103753537811,0.10429408643,0.104612056206,0.105120807847,0.104930025981,0.104643853183,0.104993619936,0.10534338669,0.10559776251,0.105883935308,0.104580259228,0.104612056206,0.105216198779,0.105502371578,0.106170108107,0.105979326241,0.106042920196,0.106901438591,0.107155814411,0.107219408366,0.108014332806,0.108459490492,0.108395896536,0.108554881424,0.108682069335,0.108554881424,0.108364099559,0.108364099559,0.108395896536,0.109063633065,0.109127227021,0.109254414931,0.109445196796,0.109699572617,0.110112933325,0.110335512168,0.11109863963,0.111416609406,0.111829970114,0.111639188249,0.111670985226,0.112529503621,0.113356225037,0.11357880388,0.113896773656,0.114214743432,0.114341931342,0.114723495073,0.114946073916,0.11580459231,0.11580459231,0.116376937907,0.117617020032,0.118189365628,0.118475538426,0.118666320292,0.118570929359,0.11920686891,0.119683823574,0.120510544991,0.120733123834,0.12143265734,0.122640942488,0.123213288084,0.124040009501,0.124008212523,0.125311888604,0.125502670469,0.125470873492,0.126138610021,0.126265797931,0.126265797931,0.126615564684,0.126424782819,