# R script for Peak Model
#  -- generated by MACS
p <- c(0.0276301487657,0.0290654811691,0.0307291619094,0.0319361459759,0.0334040995703,0.0346437048278,0.0360464160402,0.0375469908256,0.039047565611,0.0405807615874,0.0422118211367,0.0434514263942,0.0449193799886,0.0465504395379,0.0479205295594,0.0492579983898,0.0505302248383,0.0521286631966,0.0521286631966,0.0518350724778,0.0520634208147,0.0526179810614,0.0523896327245,0.0523243903426,0.0525527386795,0.0528137082074,0.0525853598705,0.0522917691516,0.0523243903426,0.0523243903426,0.0525201174885,0.0526179810614,0.0526179810614,0.0525527386795,0.0530094353533,0.0526179810614,0.0522265267696,0.0521939055786,0.0520634208147,0.0524222539155,0.0527158446344,0.0528137082074,0.0525853598705,0.0525201174885,0.0523896327245,0.0523243903426,0.0519329360507,0.0521612843876,0.0524222539155,0.0523896327245,0.0525853598705,0.0525853598705,0.0528789505893,0.0524548751065,0.0520634208147,0.0524222539155,0.0522265267696,0.0517698300958,0.0516393453318,0.0517372089048,0.0517698300958,0.0515414817589,0.0520307996237,0.0520307996237,0.0520960420057,0.0520960420057,0.0517372089048,0.0517698300958,0.0518676936687,0.0519003148597,0.0517372089048,0.0516393453318,0.0515414817589,0.0515088605679,0.051215269849,0.0509216791301,0.0505954672203,0.0505628460293,0.0507911943662,0.0506280884113,0.0505628460293,0.0503997400744,0.0505302248383,0.0503997400744,0.0498125586366,0.0495515891087,0.0497146950636,0.0493558619628,0.0491601348169,0.0495842102997,0.0498778010186,0.0499430434005,0.0495189679177,0.0497146950636,0.0500409069735,0.0498451798276,0.0498125586366,0.0497146950636,0.0493232407718,0.0498125586366,0.0497146950636,0.0497473162546,0.0497146950636,0.0495842102997,0.0494211043448,0.0497799374456,0.0496494526817,0.0501061493555,0.0503344976924,0.0500409069735,0.0504323612653,0.0503344976924,0.0504649824563,0.0504649824563,0.0506933307932,0.0514436181859,0.051280512231,0.0514436181859,0.0519655572417,0.0519329360507,0.0521286631966,0.0523570115335,0.0522591479606,0.0526179810614,0.0523896327245,0.0526179810614,0.0522917691516,0.0519981784327,0.0520960420057,0.0518024512868,0.0517372089048,0.0519003148597,0.0518024512868,0.0515414817589,0.0516393453318,0.0517372089048,0.0518676936687,0.0517372089048,0.0519981784327,0.0525853598705,0.0526179810614,0.0527810870164,0.0526506022524,0.0525201174885,0.0531399201172,0.0531399201172,0.0531725413082,0.0535313744091,0.053792343937,0.0541511770378,0.0539554498919,0.0533682684541,0.053661859173,0.053694480364,0.0531725413082,0.0531725413082,0.0534987532181,0.0534661320271,0.0535639956001,0.0538575863189,0.0542164194198,0.0535639956001,0.0534335108361,0.053629237982,0.0538575863189,0.0541511770378,0.053759722746,0.0535639956001,0.053596616791,0.0540859346558,0.0542490406108,0.0535639956001,0.053694480364,0.0538902075099,0.0539228287009,0.053727101555,0.053727101555,0.0535639956001,0.0541511770378,0.0538575863189,0.0530094353533,0.0533682684541,0.0531725413082,0.0528789505893,0.0527158446344,0.0526179810614,0.0532051624992,0.0532377836902,0.0532051624992,0.0528137082074,0.0530420565443,0.0530420565443,0.0531072989262,0.0532377836902,0.0528463293983,0.0528137082074,0.0531072989262,0.0533682684541,0.0538249651279,0.0541185558468,0.0547057372846,0.0547057372846,0.0550645703854,0.0551298127674,0.0555538882502,0.0553907822953,0.0555212670593,0.0559453425421,0.056141069688,0.0562715544519,0.0565651451708,0.0565325239798,0.0570870842266,0.0572501901815,0.0571197054176,0.0575437809004,0.0578047504283,0.0581635835292,0.058652901394,0.0589138709219,0.0588812497309,0.0590443556858,0.058489795439,0.0587181437759,0.0589464921128,0.0593705675957,0.0596967795055,0.0599577490334,0.0599903702244,0.0597620218875,0.0602513397523,0.0603165821343,0.0598272642695,0.0604796880892,0.060969005954,0.061066869527,0.060969005954,0.0615235662008,0.0615561873918,0.0618823993016,0.0619150204926,0.0624369595484,0.0627631714583,0.0627957926493,0.0627631714583,0.0630241409862,0.0628610350312,0.0629262774132,0.0628284138403,0.0625348231214,0.0625348231214,0.0626979290763,0.0631546257501,0.0632198681321,0.063415595278,0.0639049131428,0.0646552005355,0.0647856852995,0.0657316998381,0.0657316998381,0.0660579117479,0.0665798508037,0.0668081991406,0.0670039262865,0.0670365474775,0.0672975170054,0.0672648958144,0.0675258653423,0.0675584865333,0.0674932441513,0.0671670322415,0.0674280017694,0.0675584865333,0.0673301381964,0.0675258653423,0.0678194560612,0.0677542136792,0.0677868348702,0.0676237289153,0.0682109103531,0.068406637499,0.0687002282179,0.0686676070269,0.0689611977457,0.0696462427565,0.0701681818123,0.0705270149131,0.070690120868,0.0709837115869,0.0709510903959,0.0711141963509,0.0710163327779,0.070787984441,0.070722742059,0.0710815751599,0.0715708930247,0.0724516651813,0.0723864227993,0.0725821499453,0.0729736042371,0.073201952574,0.0733650585289,0.0737238916298,0.0746046637864,0.075681163089,0.0754528147521,0.0759421326169,0.0762031021448,0.0767576623916,0.0769860107285,0.0774753285933,0.0776058133572,0.0777689193121,0.07802988884,0.0782582371769,0.0775079497842,0.0779646464581,0.078192994795,0.0787475550417,0.0785518278958,0.0784539643229,0.0782582371769,0.0785518278958,0.0791716305246,0.0790411457606,0.0793673576705,0.0789432821877,0.0788454186147,0.0788780398057,0.0793021152885,0.0787801762327,0.0789759033786,0.0783887219409,0.0785192067048,0.0784213431319,0.0786496914688,0.0792368729065,0.0799219179173,0.0802155086361,0.0795630848164,0.0793673576705,0.0800850238722,0.0802481298271,0.0801828874451,0.0795304636254,0.0796935695803,0.0794978424344,0.0793673576705,0.0798240543443,0.0795957060074,0.0801828874451,0.0811289019838,0.0808026900739,0.0807048265009,0.0808353112649,0.0807700688829,0.0806722053099,0.0817487046125,0.0819118105674,0.0824337496232,0.083086173443,0.0837385972627,0.0841952939365,0.0855653839579,0.0860873230137,0.0862504289687,0.0865113984966,0.0869354739794,0.0869680951704,0.0871964435073,0.0872616858892,0.0876857613721,0.087751003754,0.0874900342262,0.0875552766081,0.0881750792369,0.0886317759107,0.0887948818656,0.0890558513935,0.0893820633034,0.090197593078,0.0907195321338,0.0914698195265,0.0919591373913,0.0921548645372,0.092676803593,0.092742045975,0.0929051519299,0.0935249545587,0.0939490300415,0.0949276657711,0.0960694074556,0.0961020286466,0.0958410591187,0.0960694074556,0.0954169836359,0.0953517412539,0.0953191200629,0.0956127107818,0.0957758167368,0.0954822260179,0.0961020286466,0.0967218312754,0.0966565888934,0.0969828008033,0.0979614365329,0.0981897848698,0.0982876484427,0.0985159967796,0.0986464815436,0.0992989053633,0.0996577384642,0.100049192756,0.100375404666,0.100734237767,0.10050588943,0.101190934441,0.101549767541,0.101027828486,0.101386661586,0.101647631114,0.102593645653,0.102561024462,0.102789372799,0.103311311855,0.103376554237,0.103213448282,0.10347441781,0.103409175428,0.104192084011,0.104322568775,0.105007613786,0.105170719741,0.105170719741,0.105105477359,0.104648780685,0.10546431046,0.105627416415,0.105692658797,0.105627416415,0.105855764752,0.106540809762,0.106769158099,0.107388960728,0.107291097155,0.108530702413,0.108367596458,0.10810662693,0.108269732885,0.108759050749,0.109052641468,0.109541959333,0.109868171243,0.110259625535,0.111531851983,0.112347381758,0.112575730095,0.112640972477,0.113423881061,0.1147287287,0.115152804183,0.115870470385,0.116425030631,0.116522894204,0.117501529934,0.117534151125,0.118414923281,0.118969483528,0.119556664966,0.120209088786,0.121318209279,0.122459950964,0.123144995975,0.123601692648,0.124091010513,0.125722070062,0.126374493882,0.126929054129,0.128201280577,0.128201280577,0.129016810352,0.129473507026,0.13025641561,0.131724369204,0.133061838034,0.134464549247,0.13488862473,0.136356578324,0.137596183582,0.138737925266,0.139488212659,0.139651318614,0.141706453646,0.143076543667,0.144316148925,0.144838087981,0.146306041575,0.146730117058,0.147969722315,0.149470297101,0.151655916897,0.152601931435,0.153189112873,0.15508114195,