# R script for Peak Model
#  -- generated by MACS
p <- c(0.0196420548933,0.0205475396933,0.0218361142165,0.022776425355,0.0236470838165,0.0246222212935,0.0254580534166,0.0263635382167,0.0275476337244,0.0287665555706,0.0297416930476,0.0307516568631,0.0317616206785,0.0329805425247,0.0339905063401,0.0347218594479,0.0355925179094,0.036532829048,0.0361497393249,0.0360452603095,0.0361149129864,0.0360800866479,0.0360452603095,0.0363935236941,0.0363586973556,0.036532829048,0.0361845656633,0.0366024817249,0.0367069607403,0.0366721344018,0.0368810924326,0.0370900504634,0.0371248768018,0.0373338348326,0.036985571448,0.0373338348326,0.0368810924326,0.0370900504634,0.0368462660941,0.0368810924326,0.0373686611711,0.037438313848,0.0374731401865,0.0377865772326,0.0374034875095,0.0372293558172,0.0372293558172,0.0372990084941,0.037438313848,0.0373338348326,0.0374034875095,0.0376820982172,0.0381000142788,0.0381000142788,0.0384482776634,0.0387268883711,0.0389010200635,0.0388313673865,0.0387965410481,0.0385875830173,0.0388313673865,0.0387268883711,0.0389358464019,0.038866193725,0.0389358464019,0.0390403254173,0.0389706727404,0.0389358464019,0.0389358464019,0.038866193725,0.0393885888019,0.0394582414789,0.0395627204943,0.0397020258481,0.0398761575404,0.0402244209251,0.039771678525,0.0399806365558,0.0402244209251,0.0401547682481,0.0406771633251,0.0411299057251,0.0410254267097,0.0412343847405,0.0415478217867,0.0415478217867,0.041721953479,0.0418960851713,0.0416523008021,0.0421398695405,0.0420005641867,0.0420353905251,0.0415478217867,0.0421398695405,0.0420005641867,0.0419309115098,0.0420702168636,0.0422095222175,0.0423488275713,0.0424533065867,0.0428015699713,0.0430453543406,0.0432891387098,0.043602575756,0.0439508391406,0.0441597971714,0.044055318156,0.0442294498483,0.044508060556,0.044577713233,0.0444035815406,0.0441249708329,0.0441946235099,0.0440204918176,0.0441249708329,0.0444384078791,0.0444384078791,0.0442642761868,0.0446125395714,0.0444035815406,0.0442642761868,0.0442991025253,0.0444384078791,0.0442642761868,0.0445428868945,0.0439856654791,0.0439160128022,0.0437767074483,0.0443339288637,0.0440901444945,0.0444732342176,0.0448911502791,0.0447170185868,0.0445428868945,0.0442991025253,0.044508060556,0.0443687552022,0.0442642761868,0.0441946235099,0.0437767074483,0.0437767074483,0.0437070547714,0.0433587913867,0.0432543123714,0.0429060489867,0.0424881329252,0.0428363963098,0.0429060489867,0.0429757016637,0.0428712226483,0.0426622646175,0.0423140012329,0.0422791748944,0.0423140012329,0.0423140012329,0.042627438279,0.0429060489867,0.0427319172944,0.0425926119406,0.0432194860329,0.043149833356,0.0433587913867,0.0433239650483,0.0432891387098,0.0430105280021,0.0430105280021,0.0428015699713,0.0430105280021,0.0432194860329,0.0436374020945,0.0441946235099,0.043602575756,0.0438115337868,0.0438811864637,0.0442991025253,0.044508060556,0.0444035815406,0.0445428868945,0.0443687552022,0.0446125395714,0.0450652819714,0.0453438926792,0.0451697609868,0.0452742400022,0.0455876770484,0.0458314614176,0.0463538564946,0.0464931618484,0.0465628145254,0.0464235091715,0.0464931618484,0.0464235091715,0.0462842038177,0.0463886828331,0.0464235091715,0.0457618087407,0.0456225033869,0.0458662877561,0.0457966350792,0.0458662877561,0.0459707667715,0.0457966350792,0.0461448984638,0.0464235091715,0.0465279881869,0.0464931618484,0.0462145511407,0.0470155569254,0.0470852096023,0.0470155569254,0.04691107791,0.0471896886177,0.0477120836947,0.0477817363716,0.0484434368024,0.048338957787,0.0481996524331,0.048338957787,0.0489310055409,0.0490354845563,0.0486523948332,0.0490703108947,0.0488613528639,0.0490354845563,0.0492792689255,0.0495927059717,0.049766837664,0.0500454483717,0.0501499273871,0.0504285380948,0.0509509331717,0.0512643702179,0.0519260706487,0.0524832920641,0.0529708608026,0.0535977348949,0.0542942616642,0.0547818304027,0.0552345728027,0.0548166567412,0.0546076987104,0.0546425250488,0.0547470040642,0.0544683933565,0.0542942616642,0.0543987406796,0.0546773513873,0.0547818304027,0.0546773513873,0.0547818304027,0.0550604411104,0.0556176625258,0.0557569678797,0.056383841972,0.0562445366182,0.0566624526797,0.0570455424028,0.0570803687413,0.0572545004336,0.0572893267721,0.0571151950797,0.0573938057874,0.0576724164951,0.057811721849,0.0581599852336,0.0582992905875,0.0584037696029,0.058717206649,0.058786859326,0.0585082486183,0.058717206649,0.0589609910183,0.0586127276337,0.0583341169259,0.0581948115721,0.0586823803106,0.0592047753875,0.0596226914491,0.0603192182184,0.0608416132953,0.0617470980953,0.0619212297877,0.0621301878184,0.0624436248646,0.0625132775415,0.0631053252954,0.0636973730493,0.0633839360031,0.0641152891108,0.0642545944647,0.0642894208032,0.0649162948955,0.0657869533571,0.065856606034,0.0662048694186,0.0667969171725,0.0675282702802,0.068259623388,0.0683292760649,0.0685034077572,0.0686427131111,0.0697223296034,0.0698964612957,0.0704536827112,0.0707322934189,0.0714636465266,0.0720556942805,0.0721601732959,0.073448747819,0.0739711428959,0.0745283643114,0.0748069750191,0.0753990227729,0.0754686754499,0.0755731544653,0.0754338491114,0.0751204120652,0.0755035017883,0.0760607232037,0.0772448187115,0.0775582557577,0.0774537767423,0.0775234294192,0.0783244352039,0.0788120039423,0.0788468302808,0.0795085307116,0.0792995726808,0.0795085307116,0.0797871414193,0.0803791891732,0.080518494527,0.0806229735424,0.0806577998809,0.0817025900348,0.0825035958194,0.0828170328656,0.0826429011733,0.0831652962502,0.0833046016041,0.0833046016041,0.0834787332964,0.083826996681,0.0841404337272,0.083374254281,0.0843145654195,0.0847673078196,0.0849066131734,0.0848717868349,0.0853941819119,0.0866131037581,0.0872748041889,0.0877971992659,0.0887375104044,0.0887026840659,0.0883195943428,0.0889116420967,0.0904440009891,0.0906877853583,0.0911057014199,0.0911753540968,0.0918370545276,0.0926032339738,0.09291667102,0.09291667102,0.0934390660969,0.09427489822,0.0941704192046,0.0950410776662,0.0954589937278,0.0959117361278,0.0969565262817,0.0978968374202,0.098105795451,0.0980709691125,0.0991157592664,0.100125723082,0.100125723082,0.100648118159,0.101414297605,0.102702872128,0.103294919882,0.103260093544,0.104270057359,0.105419326528,0.106046200621,0.106046200621,0.107021338098,0.107961649236,0.108066128251,0.10900643939,0.109807445175,0.110295013913,0.110573624621,0.11127015139,0.111862199144,0.112663204929,0.11398660579,0.113777647759,0.11513587496,0.116528928498,0.117469239637,0.117678197667,0.119140903883,0.119802604314,0.120533957421,0.120429478406,0.120533957421,0.120882220806,0.122658364068,0.124086243945,0.124364854652,0.125305165791,0.126315129606,0.127255440745,0.128892278652,0.129519152745,0.130703248253,0.13258387053,0.132758002222,0.133524181668,0.13415105576,0.135404803945,0.135892372684,0.136623725791,0.138121258345,0.139444659207,0.139862575268,0.141603892192,0.142613856007,0.143693472499,0.144389999269,0.145469615761,0.145539268438,0.147036800992,0.147837806777,0.148812944253,0.149613950038,0.150832871884,0.152469709792,0.153270715577,0.153932416008,0.1559175173,0.157066786469,0.157972271269,0.157972271269,0.158773277054,0.160027025239,0.1613504261,0.162743479639,0.164449970223,0.163997227823,0.1654251077,0.165738544747,0.16612163447,0.167061945608,0.168071909424,0.169499789301,0.170126663393,0.171415237916,0.173121728501,0.173017249485,0.174340650347,0.175873009239,0.17698745207,0.177788457855,0.178484984624,0.179460122101,0.180922828317,0.182594492563,0.18402237244,0.185450252317,0.186320910778,0.187818443332,0.18945528124,0.190325939702,0.191649340563,0.19332100481,0.194644405671,0.195166800748,0.195898153856,0.197952907825,0.199241482348,0.200390751518,0.200704188564,0.202306200133,0.202445505487,0.205022654533,0.205649528626,0.206624666102,0.208331156687,0.210734174041,0.211918269549,0.212719275334,0.213694412811,0.21484368198,0.215017813672,0.217002914965,0.218361142165,0.219614890349,0.220590027826,0.222226865734,0.223654745611,0.226510505365,0.228042864257,0.229610049488,0.230620013304,0.231037929365,