# R script for Peak Model
#  -- generated by MACS
p <- c(0.0223860167985,0.0248164986223,0.0266073799662,0.028782021598,0.029933302462,0.0317241838058,0.0335150651497,0.0353059464936,0.0368409876455,0.0385039488934,0.0399110699493,0.0419577914851,0.043364912541,0.044516193405,0.0447720335969,0.0456674742689,0.0447720335969,0.0452837139809,0.0456674742689,0.0451557938849,0.0448999536929,0.0450278737889,0.0451557938849,0.0454116340769,0.0460512345568,0.0459233144609,0.0455395541729,0.0447720335969,0.0451557938849,0.044388273309,0.0447720335969,0.0450278737889,0.0448999536929,0.0451557938849,0.0464349948448,0.0473304355168,0.0478421159007,0.0474583556128,0.0474583556128,0.0478421159007,0.0475862757087,0.0469466752288,0.0470745953248,0.0466908350368,0.0464349948448,0.0468187551328,0.0477141958047,0.0478421159007,0.0486096364767,0.0488654766687,0.0488654766687,0.0493771570526,0.0488654766687,0.0492492369566,0.0498888374366,0.0498888374366,0.0496329972446,0.0489933967646,0.0495050771486,0.0486096364767,0.0479700359967,0.0475862757087,0.0468187551328,0.0465629149408,0.0463070747488,0.0456674742689,0.0457953943649,0.0454116340769,0.0452837139809,0.0456674742689,0.0459233144609,0.0466908350368,0.0466908350368,0.0465629149408,0.0474583556128,0.0474583556128,0.0479700359967,0.0482258761887,0.0486096364767,0.0491213168606,0.0479700359967,0.0479700359967,0.0491213168606,0.0493771570526,0.0484817163807,0.0493771570526,0.0501446776286,0.0505284379165,0.0510401183005,0.0511680383965,0.0516797187805,0.0520634790684,0.0514238785885,0.0523193192604,0.0535985202203,0.0535985202203,0.0542381207003,0.0529589197404,0.0533426800283,0.0535985202203,0.0520634790684,0.0521913991644,0.0518076388765,0.0514238785885,0.0515517986845,0.0514238785885,0.0515517986845,0.0520634790684,0.0507842781085,0.0512959584925,0.0525751594524,0.0529589197404,0.0510401183005,0.0510401183005,0.0507842781085,0.0510401183005,0.0515517986845,0.0512959584925,0.0519355589724,0.0512959584925,0.0504005178205,0.0505284379165,0.0492492369566,0.0505284379165,0.0500167575326,0.0505284379165,0.0515517986845,0.0519355589724,0.0523193192604,0.0525751594524,0.0529589197404,0.0524472393564,0.0523193192604,0.0527030795484,0.0534706001243,0.0538543604123,0.0530868398364,0.0546218809883,0.0548777211802,0.0543660407963,0.0547498010843,0.0543660407963,0.0547498010843,0.0548777211802,0.0553894015642,0.0561569221402,0.0562848422361,0.0566686025241,0.057819883388,0.0573082030041,0.0575640431961,0.0575640431961,0.058587403964,0.057691963292,0.057691963292,0.058459483868,0.057819883388,0.058203643676,0.058459483868,0.05807572358,0.057691963292,0.0569244427161,0.0575640431961,0.0560290020442,0.0565406824281,0.0557731618522,0.0564127623321,0.0574361231001,0.0570523628121,0.0567965226201,0.0566686025241,0.0561569221402,0.0569244427161,0.0569244427161,0.0567965226201,0.0560290020442,0.0552614814682,0.0539822805083,0.0530868398364,0.0543660407963,0.0534706001243,0.0530868398364,0.0530868398364,0.0527030795484,0.0530868398364,0.0533426800283,0.0539822805083,0.0542381207003,0.0532147599324,0.0532147599324,0.0535985202203,0.0548777211802,0.0544939608923,0.0543660407963,0.0541102006043,0.0541102006043,0.0538543604123,0.0539822805083,0.0539822805083,0.0534706001243,0.0532147599324,0.0533426800283,0.0533426800283,0.0538543604123,0.0547498010843,0.0541102006043,0.0546218809883,0.0553894015642,0.0551335613722,0.0551335613722,0.0552614814682,0.0556452417562,0.0556452417562,0.0550056412762,0.0553894015642,0.0546218809883,0.0548777211802,0.0547498010843,0.0552614814682,0.0557731618522,0.0571802829081,0.057819883388,0.0575640431961,0.05807572358,0.0571802829081,0.0571802829081,0.0573082030041,0.058459483868,0.0599945250199,0.0612737259798,0.0598666049239,0.0597386848279,0.0608899656918,0.0601224451159,0.0608899656918,0.0612737259798,0.0615295661718,0.0608899656918,0.0599945250199,0.0614016460758,0.0617854063638,0.0631925274197,0.0634483676117,0.0631925274197,0.0626808470357,0.0620412465558,0.0611458058838,0.0610178857878,0.0616574862678,0.0611458058838,0.0619133264598,0.0619133264598,0.0628087671317,0.0614016460758,0.0606341254998,0.0601224451159,0.0603782853079,0.0602503652119,0.0611458058838,0.0617854063638,0.0619133264598,0.0620412465558,0.0610178857878,0.0615295661718,0.0637042078036,0.0644717283796,0.0652392489555,0.0640879680916,0.0640879680916,0.0644717283796,0.0648554886676,0.0656230092435,0.0661346896275,0.0662626097235,0.0666463700114,0.0681814111633,0.0680534910673,0.0677976508754,0.0665184499154,0.0683093312593,0.0672859704914,0.0675418106834,0.0683093312593,0.0695885322192,0.0686930915473,0.0686930915473,0.0690768518353,0.0703560527952,0.0716352537551,0.0718910939471,0.0711235733711,0.0704839728912,0.0711235733711,0.072402774331,0.0722748542351,0.072914454715,0.0739378154829,0.0748332561549,0.0752170164428,0.0766241374988,0.0770078977867,0.0758566169228,0.0771358178827,0.0784150188426,0.0795662997066,0.0791825394186,0.0811013408584,0.0816130212424,0.0822526217224,0.0822526217224,0.0830201422983,0.0827643021063,0.0834039025863,0.0825084619143,0.0836597427783,0.0837876628743,0.0845551834502,0.0855785442181,0.0859623045061,0.0862181446981,0.0860902246021,0.0854506241221,0.0849389437382,0.0853227040262,0.0854506241221,0.0858343844101,0.086985665274,0.087625265754,0.087369425562,0.087881105946,0.0886486265219,0.0883927863299,0.0885207064259,0.0892882270019,0.0889044667139,0.0896719872899,0.0905674279618,0.0906953480578,0.0899278274818,0.0908232681538,0.0900557475778,0.0909511882498,0.0912070284418,0.0918466289217,0.0913349485377,0.0919745490177,0.0931258298816,0.0944050308415,0.0951725514175,0.0929979097856,0.0915907887297,0.0900557475778,0.0886486265219,0.0904395078658,0.0895440671939,0.0901836676738,0.0899278274818,0.0908232681538,0.0904395078658,0.0896719872899,0.0904395078658,0.0905674279618,0.0903115877698,0.0912070284418,0.0914628686337,0.0914628686337,0.0910791083458,0.0901836676738,0.0904395078658,0.0901836676738,0.0915907887297,0.0917187088257,0.0933816700736,0.0949167112255,0.0945329509375,0.0961959121854,0.0981147136253,0.0996497547772,0.100801035641,0.0991380743932,0.100161435161,0.0993939145852,0.0990101542972,0.0995218346812,0.101696476313,0.101696476313,0.102975677273,0.102336076793,0.101184795929,0.101952316505,0.102719837081,0.102719837081,0.104766558617,0.106429519865,0.105789919385,0.106429519865,0.106429519865,0.107197040441,0.105278239001,0.103487357657,0.104510718425,0.104510718425,0.104638638521,0.104894478713,0.105406159097,0.106173679673,0.106813280153,0.107836640921,0.108476241401,0.107708720825,0.107069120345,0.108860001689,0.109243761977,0.10975544236,0.110650883032,0.111546323704,0.112569684472,0.11359304524,0.112569684472,0.11231384428,0.113337205048,0.112569684472,0.112569684472,0.11231384428,0.113465125144,0.115128086392,0.115000166296,0.115256006488,0.11551184668,0.116535207448,0.115639766776,0.115895606968,0.116663127544,0.116535207448,0.117686488312,0.117686488312,0.116918967736,0.116023527064,0.1148722462,0.115895606968,0.116279367256,0.11679104764,0.11679104764,0.117302728024,0.118454008888,0.118837769176,0.119733209848,0.120500730424,0.12190785148,0.122931212248,0.12254745196,0.123698732824,0.125873374455,0.127024655319,0.127664255799,0.128687616567,0.128431776375,0.130734338103,0.131629778775,0.133676500311,0.134316100791,0.137130342903,0.138281623767,0.13879330415,0.140456265398,0.140456265398,0.141223785974,0.14007250511,0.14135170607,0.142886747222,0.143014667318,0.14391010799,0.144165948182,0.14518930895,0.145956829526,0.145956829526,0.147236030486,0.147619790774,0.14838731135,0.150689873078,0.152352834326,0.151713233846,0.155550836725,0.156062517109,0.155678756821,0.156830037685,0.159004679317,0.159900119989,0.163993563061,0.166040284597,0.166551964981,0.168982446804,0.17102916834,0.172692129588,0.173331730068,0.172180449204,0.173971330548,0.175890131988,0.177169332948,0.177681013332,0.177936853524,0.179216054484,0.181006935828,0.182797817171,0.183821177939,0.183949098035,0.186123739667,