# R script for Peak Model
#  -- generated by MACS
p <- c(0.0216303369005,0.0228498514439,0.0240051810113,0.0252246955546,0.0261874701941,0.0274711697134,0.0285623143048,0.0292683490405,0.0310013433915,0.031964118031,0.0331194475984,0.0342105921898,0.035815216589,0.0366496212765,0.037612395916,0.0390886503633,0.0401797949547,0.0411425695942,0.041399309498,0.0415918644259,0.0412067545701,0.041463494474,0.041463494474,0.041399309498,0.041463494474,0.0422337141856,0.0422337141856,0.0430681188731,0.043389043753,0.0428755639452,0.0426188240414,0.0429397489212,0.0428755639452,0.0423620841375,0.0419127893058,0.0419127893058,0.0421695292096,0.0421695292096,0.0426188240414,0.0429397489212,0.043324858777,0.0430681188731,0.0430039338972,0.0437099686328,0.043389043753,0.0435174137049,0.0437741536088,0.0442876334165,0.0437099686328,0.0441592634646,0.0444801883444,0.0440950784886,0.0439667085367,0.0441592634646,0.0436457836568,0.043389043753,0.043389043753,0.0435815986809,0.0435174137049,0.0439025235607,0.0442234484405,0.0438383385847,0.0438383385847,0.0435174137049,0.0437741536088,0.0435174137049,0.043324858777,0.043389043753,0.0440308935126,0.0436457836568,0.0440308935126,0.0440950784886,0.0439025235607,0.0440308935126,0.043389043753,0.043260673801,0.0429397489212,0.0430681188731,0.0431323038491,0.0427471939933,0.0420411592577,0.0420411592577,0.0417202343779,0.0410141996422,0.0410783846182,0.0408216447143,0.0408858296903,0.0409500146663,0.0411425695942,0.0410141996422,0.0409500146663,0.0408858296903,0.0407574597384,0.0412067545701,0.0412067545701,0.0412067545701,0.0406290897864,0.0411425695942,0.0412709395461,0.0410141996422,0.0407574597384,0.0411425695942,0.041399309498,0.0413351245221,0.0409500146663,0.0417844193538,0.0419127893058,0.0419769742817,0.0420411592577,0.0423620841375,0.0427471939933,0.0423620841375,0.0427471939933,0.0424904540894,0.0424262691135,0.0428113789693,0.043260673801,0.0436457836568,0.0438383385847,0.0444160033684,0.0442876334165,0.0442234484405,0.0442876334165,0.0440950784886,0.0444801883444,0.0450578531281,0.0456355179118,0.0457638878637,0.0457638878637,0.0453787780079,0.0458280728397,0.0465341075753,0.0469834024071,0.0465341075753,0.0459564427916,0.0468550324551,0.0466624775272,0.0469834024071,0.0469192174311,0.0469834024071,0.047047587383,0.0465341075753,0.0469834024071,0.0469192174311,0.0469192174311,0.0462773676714,0.0463415526474,0.0467266625032,0.0465982925513,0.0468550324551,0.0473043272869,0.0472401423109,0.0476252521667,0.047175957335,0.0477536221187,0.0476894371427,0.0482029169504,0.0483954718783,0.0478819920706,0.0478819920706,0.0474968822148,0.0474326972388,0.0473043272869,0.0473685122629,0.0478819920706,0.0479461770466,0.0475610671908,0.0473685122629,0.0473685122629,0.0476252521667,0.0478178070946,0.0476252521667,0.0481387319745,0.0478819920706,0.0478819920706,0.0477536221187,0.0480103620225,0.0483954718783,0.0480103620225,0.0480745469985,0.0480745469985,0.0485880268062,0.0491015066139,0.0488447667101,0.0484596568543,0.0485880268062,0.0481387319745,0.0482671019264,0.0485880268062,0.0485880268062,0.0482671019264,0.0480103620225,0.0478819920706,0.0480103620225,0.0480745469985,0.0482029169504,0.0485880268062,0.0487805817341,0.0487805817341,0.0487805817341,0.0483312869023,0.0478178070946,0.0485238418302,0.0482671019264,0.0485880268062,0.0487163967581,0.0487163967581,0.0482671019264,0.0485238418302,0.0485880268062,0.0484596568543,0.0482671019264,0.0482671019264,0.0482671019264,0.0481387319745,0.0483312869023,0.0484596568543,0.0485238418302,0.0483312869023,0.0484596568543,0.0487163967581,0.0483312869023,0.0488447667101,0.048973136662,0.0482029169504,0.0485238418302,0.048908951686,0.0485238418302,0.0483312869023,0.0485238418302,0.0485880268062,0.0494224314938,0.0487163967581,0.0482671019264,0.0483954718783,0.0480103620225,0.0482671019264,0.0483312869023,0.0483954718783,0.0478819920706,0.0474968822148,0.0472401423109,0.0476894371427,0.0475610671908,0.047047587383,0.047047587383,0.0474326972388,0.0485238418302,0.0483954718783,0.0483954718783,0.048973136662,0.0487805817341,0.0491015066139,0.0487805817341,0.0484596568543,0.0483312869023,0.0488447667101,0.0495508014457,0.0497433563736,0.0498717263255,0.0503852061333,0.050834500965,0.0505777610612,0.050834500965,0.0512196108208,0.050962870917,0.0511554258449,0.050962870917,0.0516689056526,0.0521823854603,0.0522465704363,0.0531451600998,0.05282423522,0.0535944549316,0.0529526051719,0.0538511948354,0.0543004896672,0.054621414547,0.0548781544509,0.0557125591384,0.0560976689942,0.0562902239221,0.0560334840183,0.0555200042105,0.0560334840183,0.0559692990423,0.0556483741625,0.0560334840183,0.0564185938741,0.0568678887058,0.0576381084174,0.058344143153,0.058472513105,0.0586008830569,0.0596278426724,0.0600771375041,0.0603980623839,0.060205507456,0.060205507456,0.0607189872638,0.0605264323359,0.0607189872638,0.0617459468792,0.0618101318552,0.062195241711,0.0626445365428,0.0628370914707,0.0631580163505,0.0637356811342,0.0636073111822,0.0643133459179,0.0641849759659,0.0642491609419,0.0642491609419,0.063992421038,0.064056606014,0.0641849759659,0.0643133459179,0.0651477506054,0.0652119355814,0.0651477506054,0.0654686754853,0.0665598200767,0.0672016698363,0.0671374848604,0.0676509646681,0.067843519596,0.0676509646681,0.0672016698363,0.06777933462,0.0669449299325,0.0675225947162,0.0676509646681,0.0686137393076,0.0684211843797,0.0691272191153,0.069769068875,0.0706034735625,0.0702183637067,0.0702183637067,0.0701541787308,0.0691272191153,0.0695765139471,0.0693197740432,0.0693197740432,0.0692555890672,0.0689988491634,0.0691914040913,0.0688062942355,0.0688704792114,0.0695765139471,0.069769068875,0.0700258087788,0.0700258087788,0.069704883899,0.0700258087788,0.0703467336587,0.0700258087788,0.0694481439951,0.0691914040913,0.0689988491634,0.0684211843797,0.06777933462,0.0681002594999,0.0683569994037,0.067907704572,0.067843519596,0.0667523750046,0.0665598200767,0.0661105252449,0.0666881900286,0.0668165599805,0.0668807449565,0.0665598200767,0.0664314501247,0.0675225947162,0.0679718895479,0.0693197740432,0.0694481439951,0.069769068875,0.0701541787308,0.0703467336587,0.0705392885866,0.0705392885866,0.0713095082982,0.0719513580578,0.0711169533703,0.0711811383462,0.0718229881059,0.0728499477213,0.073555982457,0.0739410923128,0.0740694622647,0.0746471270484,0.0749680519282,0.0751606068561,0.0756740866638,0.0765726763274,0.0768936012072,0.0775996359428,0.0789475204381,0.0792684453179,0.0799744800536,0.0813865495248,0.0822851391883,0.0827344340201,0.0832479138278,0.0838255786115,0.0840181335394,0.0845957983231,0.0856869429145,0.0849809081789,0.084852538227,0.084788353251,0.0846599832991,0.0855585729626,0.0859436828184,0.0862646076982,0.0862004227223,0.0871631973617,0.0873557522896,0.0869064574579,0.088511081857,0.0894096715205,0.0892171165927,0.0887678217609,0.088639451809,0.0894738564965,0.090500816112,0.0908217409918,0.0915277757274,0.0927472902708,0.0933891400304,0.0938384348622,0.0953146893094,0.0948012095017,0.0947370245257,0.0953788742854,0.0959565390691,0.0958923540931,0.0959565390691,0.0965983888287,0.0971760536124,0.0969193137086,0.0973044235644,0.0976253484442,0.097946273324,0.0993583427953,0.100064377531,0.10134807705,0.102824331497,0.103979661065,0.10564847044,0.107253094839,0.109242829094,0.110462343637,0.111617673205,0.1129655577,0.113671592436,0.114185072243,0.116174806498,0.117715245922,0.119640795201,0.119512425249,0.120860309744,0.122850043999,0.123812818638,0.12522488811,0.126572772605,0.127471362268,0.129396911547,0.13190012561,0.133825674889,0.136072149048,0.138190253255,0.140757652293,0.1428757565,0.144929675731,0.146726855058,0.148844959265,0.1511556184,0.15385138739,0.156097861549,0.157574115996,0.160975919723,0.162708914074,0.164698648329,0.167137677415,0.168934856742,0.17009018631,0.171887365637,0.17406965482,0.176572868882,0.180359782464,0.183183921407,0.186200615277,0.188126164556,0.19172052321,0.194480477177,0.198845055542,0.201605009509,0.203466373812,0.20635469773,0.208601171889,