# R script for Peak Model
#  -- generated by MACS
p <- c(0.0266449081144,0.0277805927225,0.0289162773307,0.0299646015844,0.0314497276104,0.0328911734592,0.0344199796625,0.0355993444479,0.0371281506512,0.0384822361455,0.0398800018171,0.0412777674887,0.0425008124513,0.0442480195408,0.0459078662758,0.0472619517701,0.04852867691,0.0502322038222,0.0498390822271,0.049271239923,0.0496643615181,0.0494896408092,0.0492275597457,0.0489217985051,0.0486160372644,0.0488344381506,0.0481355553148,0.0481355553148,0.0480481949604,0.0478734742514,0.0476987535425,0.0473493121246,0.0474803526563,0.0467814698205,0.0469125103522,0.0475677130108,0.0476550733652,0.0477861138969,0.0478297940742,0.0482665958465,0.0481792354921,0.0476987535425,0.0478297940742,0.0479171544286,0.0476987535425,0.0477861138969,0.0479171544286,0.0477861138969,0.0478734742514,0.0473056319473,0.0477424337197,0.0475240328335,0.047436672479,0.0471745914156,0.0473929923018,0.0479171544286,0.0477861138969,0.0476987535425,0.0474803526563,0.0473493121246,0.0475677130108,0.0475677130108,0.0475677130108,0.0478734742514,0.0475240328335,0.0477861138969,0.0475240328335,0.0476550733652,0.0474803526563,0.0481355553148,0.0482229156693,0.0478297940742,0.0479171544286,0.0479171544286,0.0478297940742,0.0477861138969,0.0478297940742,0.0483976363782,0.0482665958465,0.0480481949604,0.0482229156693,0.0481355553148,0.0476550733652,0.0476987535425,0.0478297940742,0.0477861138969,0.0465630689343,0.0465193887571,0.0465630689343,0.0467814698205,0.0469998707067,0.0465630689343,0.0461262671619,0.0469561905294,0.0469998707067,0.0468251499977,0.0468251499977,0.0469561905294,0.0473056319473,0.047436672479,0.047436672479,0.0475240328335,0.0472619517701,0.0476987535425,0.0481355553148,0.0481792354921,0.0475677130108,0.0476550733652,0.0478734742514,0.0480481949604,0.0483976363782,0.0484849967327,0.0483102760238,0.04852867691,0.0483976363782,0.0489654786823,0.0487907579734,0.0487033976189,0.049096519214,0.0487907579734,0.0486160372644,0.0491838795685,0.0501011632905,0.0499701227588,0.0503195641767,0.0501011632905,0.0503632443539,0.0506253254173,0.0511931677214,0.0511931677214,0.051673649671,0.0514115686076,0.0516299694938,0.0519794109117,0.0520667712661,0.0520230910889,0.0522414919751,0.0520667712661,0.0526346135702,0.0521978117978,0.0521541316206,0.0521978117978,0.0524598928613,0.052590933393,0.0522851721523,0.0521541316206,0.052590933393,0.0527219739247,0.0524598928613,0.0525472532157,0.0526782937474,0.0528093342792,0.053333496406,0.0537702981784,0.0536392576467,0.0542070999507,0.0545128611914,0.054250780128,0.0542070999507,0.0549496629638,0.0542944603052,0.0542944603052,0.054076059419,0.0543818206597,0.0543818206597,0.0541197395963,0.0535955774694,0.0541634197735,0.0542944603052,0.0539886990645,0.0539886990645,0.0537266180011,0.0538576585328,0.0539450188873,0.0535082171149,0.0536392576467,0.0535955774694,0.0536392576467,0.0539013387101,0.0539013387101,0.0541197395963,0.0542070999507,0.0540323792418,0.0537702981784,0.0542070999507,0.0541197395963,0.054076059419,0.0542070999507,0.0539886990645,0.0538139783556,0.054076059419,0.0539886990645,0.0544255008369,0.0544255008369,0.0543818206597,0.0545565413686,0.0553427845589,0.0550370233182,0.0551243836727,0.0541197395963,0.0543818206597,0.0540323792418,0.0546439017231,0.0545565413686,0.0546002215459,0.0551243836727,0.0545565413686,0.0552554242044,0.0556048656223,0.0559979872174,0.0565658295215,0.0565658295215,0.0566095096987,0.0568279105849,0.056478469167,0.0566968700532,0.0569589511166,0.0572210321801,0.0568279105849,0.0570463114711,0.0574831132435,0.0570026312939,0.0573083925345,0.0569152709394,0.0570463114711,0.0570026312939,0.0569152709394,0.0566095096987,0.0561727079264,0.0562163881036,0.0563911088126,0.0565221493443,0.0567405502305,0.0570899916484,0.0572647123573,0.0584003969655,0.0577451943069,0.0580946357248,0.0579635951931,0.0586187978516,0.0582256762565,0.0579199150158,0.0585751176744,0.0584003969655,0.0585751176744,0.0588808789151,0.0590992798012,0.059798162637,0.0597544824598,0.0598418428143,0.0603223247639,0.0598855229915,0.0595797617508,0.0598418428143,0.0604096851183,0.0604533652956,0.0608901670679,0.0615453697265,0.0613706490175,0.0616764102582,0.0622879327395,0.0629868155753,0.0632052164615,0.0633362569932,0.0636420182339,0.0644719416014,0.064777702842,0.0648213830192,0.0647340226648,0.0648213830192,0.0652145046144,0.0646903424875,0.0652581847916,0.0663938693998,0.0666122702859,0.0661754685136,0.0666559504632,0.0667869909949,0.0673111531217,0.0672674729445,0.0675732341852,0.0672237927673,0.0676605945396,0.0670053918811,0.0675295540079,0.067354833299,0.0684468377299,0.0698446034015,0.0705871664145,0.0701503646421,0.0702377249966,0.0705871664145,0.0704561258828,0.0706308465917,0.0707618871234,0.0714607699592,0.0711113285413,0.0713297294275,0.0713297294275,0.0722470131495,0.0724654140357,0.0718975717316,0.072159652795,0.0725964545674,0.073076936517,0.0739942202389,0.0739068598845,0.0749551841382,0.0753483057333,0.0754356660878,0.076221909278,0.0775323145951,0.077881756013,0.0781875172537,0.0786679992033,0.0790611207984,0.0785369586716,0.0791048009756,0.0791048009756,0.0794979225708,0.0794105622163,0.0799347243431,0.0793668820391,0.0791048009756,0.0791921613301,0.0801094450521,0.0804152062927,0.08045888647,0.080284165761,0.0805899270017,0.0811140891285,0.0808956882423,0.0814635305464,0.0815508909009,0.0823808142684,0.0827302556863,0.0829923367497,0.0830360169269,0.0829923367497,0.0834728186993,0.0835164988765,0.0838659402944,0.0844774627758,0.0843901024213,0.0847395438392,0.0847395438392,0.0844337825985,0.0842153817123,0.0838222601172,0.0837348997627,0.0837348997627,0.0841280213579,0.0857005077384,0.0855257870294,0.085438426675,0.0863993905742,0.0870109130555,0.0882776381953,0.0887144399677,0.0891949219173,0.0889765210311,0.0893696426263,0.0898501245759,0.0903742867027,0.0908547686523,0.0909421290068,0.0914662911336,0.0919904532605,0.0919904532605,0.0925146153873,0.0927330162735,0.0932571784003,0.0940434215906,0.0953101467305,0.0955285476166,0.095222786376,0.0959216692118,0.0955285476166,0.0957469485028,0.0962711106297,0.0971010339972,0.097450475415,0.0986298402004,0.0987608807321,0.0995908040996,0.10085752924,0.101687452607,0.102124254379,0.102255294911,0.10291049757,0.103565700228,0.104133542532,0.104439303773,0.104439303773,0.105400267672,0.105225546963,0.106273871217,0.106666992812,0.107060114407,0.107584276534,0.108414199901,0.10906940256,0.109331483623,0.109680925041,0.110860289827,0.111515492485,0.112258055498,0.112432776207,0.113044298689,0.113786861702,0.11522830755,0.115970870563,0.116582393045,0.117455996589,0.117849118185,0.118111199248,0.118198559602,0.118679041552,0.118285919957,0.118897442438,0.120207847755,0.121387212541,0.121824014313,0.122653937681,0.123658581757,0.124532185302,0.125449469024,0.125929950973,0.127327716645,0.128113959835,0.128725482317,0.12946804533,0.129424365152,0.130341648874,0.130778450647,0.132613018091,0.133530301813,0.134622306243,0.135583270143,0.1371994367,0.137374157409,0.137155756523,0.137941999713,0.138684562726,0.139077684322,0.139820247335,0.140038648221,0.140955931943,0.141218013006,0.142047936374,0.14305258045,0.1435330624,0.144581386653,0.145280269489,0.145891791971,0.146328593743,0.145717071262,0.14510554878,0.146066512679,0.146809075693,0.146678035161,0.147726359414,0.148818363845,0.15095869253,0.150434530403,0.150740291644,0.151832296075,0.152574859088,0.154846228304,0.155632471494,0.157161277698,0.157073917343,0.156942876811,0.158209601951,0.15917056585,0.1596510478,0.160874092763,0.162228178257,0.163625943929,0.164848988891,0.16580995279,0.165940993322,0.166552515803,0.167513479703,0.168605484134,0.170309011046,0.171007893882,0.17214357849,0.173366623452,0.174545988238,0.175288551251,0.176293195327,0.17830248348,0.180137050924,0.180093370747,0.181316415709,0.183150983153,0.183849865989,0.18494187042,0.185072910952,0.185990194674,0.186820118041,0.187344280168,0.189353568321,0.189659329562,0.190926054702,0.191624937537,