# R script for Peak Model
#  -- generated by MACS
p <- c(0.0177851825333,0.0183206503946,0.0190473567776,0.0197740631607,0.0202330356132,0.021036237405,0.02195418231,0.0227191363974,0.0233693473718,0.023904815233,0.0245932739117,0.0253199802948,0.0260466866779,0.0266968976522,0.027194117809,0.0278825764878,0.0283797966446,0.0291065030277,0.0296802185933,0.0302921818632,0.0310188882463,0.0316690992207,0.0322810624906,0.0328930257606,0.0333519982131,0.0331990073956,0.0335049890306,0.0334667413262,0.0335814844393,0.0335049890306,0.0335432367349,0.0336962275524,0.033657979848,0.0334667413262,0.0332755028043,0.0336197321437,0.0336962275524,0.0335432367349,0.0340404568918,0.0337727229612,0.033963961483,0.0336962275524,0.0335814844393,0.0338492183699,0.0339257137787,0.0338874660743,0.0338874660743,0.0338109706655,0.0341934477093,0.0342316954136,0.0342316954136,0.0345376770486,0.0346141724574,0.0348054109792,0.0349201540924,0.034881906388,0.0347671632749,0.0347671632749,0.0347671632749,0.0354556219536,0.0356468604754,0.0356086127711,0.0356468604754,0.0357233558842,0.0359910898148,0.0360293375192,0.0364500622673,0.0363353191541,0.0363735668585,0.0363735668585,0.0362970714498,0.0366030530848,0.0366030530848,0.0369090347197,0.0371767686503,0.0371767686503,0.0369090347197,0.0370237778329,0.0369090347197,0.0371767686503,0.0370620255372,0.0367560439022,0.036832539311,0.0367560439022,0.0368707870154,0.0366030530848,0.0361823283367,0.0363353191541,0.0358763467017,0.0361058329279,0.0360675852235,0.0361823283367,0.0361058329279,0.036220576041,0.0364118145629,0.0364883099716,0.0364118145629,0.0363735668585,0.0361823283367,0.036220576041,0.0362588237454,0.0360675852235,0.035914594406,0.0357233558842,0.0357616035886,0.0356086127711,0.0352261357273,0.0353791265448,0.0354173742492,0.0349201540924,0.0347289155705,0.0346906678661,0.0346906678661,0.0346141724574,0.0346906678661,0.0345376770486,0.0341552000049,0.0343464385268,0.0341552000049,0.0339257137787,0.0337344752568,0.0331990073956,0.0331990073956,0.0328165303518,0.03262529183,0.0325105487169,0.0323575578994,0.0321280716731,0.0323575578994,0.0318985854469,0.0323575578994,0.032319310195,0.0320898239688,0.0322810624906,0.0321663193775,0.0318985854469,0.0321280716731,0.0320898239688,0.032319310195,0.0322045670819,0.0317455946294,0.031707346925,0.0318220900382,0.0313631175857,0.0309041451332,0.030674658907,0.0305599157939,0.0305599157939,0.0304834203851,0.0304451726807,0.0304451726807,0.0301774387501,0.0300244479326,0.0299862002283,0.0300244479326,0.0298714571151,0.029756714002,0.029756714002,0.0298332094108,0.0297184662977,0.0296037231845,0.0296037231845,0.0294124846627,0.0292594938452,0.0291065030277,0.0290682553233,0.0296037231845,0.0291447507321,0.0292977415496,0.0297184662977,0.0301774387501,0.0305599157939,0.030674658907,0.0306364112026,0.0307129066113,0.0312483744726,0.0314013652901,0.0312866221769,0.0310571359507,0.0312866221769,0.0311336313594,0.0309041451332,0.0309423928376,0.0307894020201,0.0310571359507,0.0314013652901,0.0312101267682,0.0312866221769,0.0312483744726,0.0310953836551,0.0311718790638,0.0314778606988,0.0315161084032,0.0318220900382,0.0321663193775,0.0322045670819,0.0326635395344,0.0330077688737,0.0332372550999,0.0331607596912,0.0331607596912,0.0333137505087,0.0335814844393,0.0337344752568,0.0340022091874,0.0344611816399,0.0348054109792,0.0344229339355,0.0340787045962,0.0341934477093,0.0345376770486,0.034575924753,0.0346141724574,0.0350731449098,0.0350731449098,0.0352643834317,0.034575924753,0.0347289155705,0.0347289155705,0.0346524201617,0.0344994293443,0.0342316954136,0.0341934477093,0.0341934477093,0.0343081908224,0.0339257137787,0.0337344752568,0.0338109706655,0.0338874660743,0.0338492183699,0.033657979848,0.0337344752568,0.0337727229612,0.0341169523005,0.0340787045962,0.0338109706655,0.0340404568918,0.0339257137787,0.0338492183699,0.0341934477093,0.0344994293443,0.0342316954136,0.0340787045962,0.0338874660743,0.0338492183699,0.0338492183699,0.0334667413262,0.0334667413262,0.0335049890306,0.0336962275524,0.0337727229612,0.033963961483,0.0338109706655,0.0338874660743,0.0338492183699,0.0338874660743,0.0338492183699,0.0340022091874,0.0340404568918,0.0338874660743,0.0334284936218,0.0333137505087,0.0334667413262,0.0331607596912,0.0333902459174,0.0334667413262,0.0338109706655,0.0340787045962,0.0343846862311,0.0344994293443,0.0347671632749,0.0349584017967,0.0349584017967,0.0350731449098,0.0354556219536,0.0358763467017,0.0364500622673,0.036526557676,0.036832539311,0.0369472824241,0.0371767686503,0.0380182181465,0.0385536860078,0.0389744107559,0.0388979153471,0.0394333832083,0.0397011171389,0.0400070987739,0.040121841887,0.0403895758177,0.040427823522,0.0408867959745,0.0414987592445,0.0419959794013,0.0421489702188,0.0431051628281,0.0436788783937,0.0437936215068,0.0442143462549,0.0447115664118,0.0450940434555,0.045858997543,0.0460884837692,0.0463562176998,0.0463944654042,0.0468534378567,0.047503648831,0.0480391166922,0.0486510799622,0.0491100524147,0.0499515019109,0.0504104743633,0.0508311991114,0.0514431623814,0.0517491440164,0.052322859582,0.0529348228519,0.0536232815306,0.0537380246438,0.0543499879137,0.0546177218443,0.0548472080706,0.055612162158,0.0563006208367,0.0563771162455,0.0565683547673,0.056530107063,0.0570273272198,0.0574098042635,0.0580217675335,0.0585954830991,0.0583277491685,0.0591309509603,0.0591691986647,0.0598959050478,0.0602018866828,0.0605461160221,0.0608138499527,0.0615405563358,0.0618082902664,0.0624202535364,0.0630704645107,0.0634911892588,0.0639884094157,0.06463862039,0.0647151157987,0.0655948129993,0.0661302808605,0.0667039964261,0.0673924551048,0.0675836936267,0.0676601890355,0.0684251431229,0.0692665926191,0.0698785558891,0.0698020604803,0.0698785558891,0.0701462898197,0.0709877393159,0.0715997025859,0.0722116658558,0.0729766199433,0.073359096987,0.0738563171438,0.0745065281182,0.0748890051619,0.0754627207275,0.0755392161362,0.0767631426762,0.0775280967636,0.078178307738,0.0794787296866,0.080434922296,0.0812763717922,0.0829210230802,0.0838389679851,0.0856366100907,0.086286821065,0.0872047659699,0.0877019861268,0.0889259126667,0.0901498392067,0.0908382978854,0.0919857290165,0.093056664739,0.0944335820964,0.0957340040451,0.0973786553331,0.0981436094206,0.0991762974386,0.0999412515261,0.100744453318,0.101853636745,0.103498288033,0.10426324212,0.105334177843,0.106137379634,0.107437801583,0.109235443689,0.11003864548,0.111912782995,0.113404443465,0.114819608527,0.115928791954,0.117917672581,0.120021296322,0.121627699905,0.122928121854,0.124305039212,0.12656165377,0.128397543579,0.130233433389,0.131686846155,0.133637479079,0.135435121184,0.136965029359,0.138571432943,0.140369075048,0.141707744701,0.143543634511,0.145800249069,0.147215414131,0.149127799349,0.151499157021,0.152646588152,0.154520725666,0.15578289991,0.157580542016,0.159301688713,0.161367064749,0.163355945376,0.166071532387,0.168366394649,0.170470018389,0.172191165086,0.174141798009,0.176015935524,0.177622339107,0.179687715143,0.181523604953,0.183550733285,0.185998586365,0.188369944036,0.18997634762,0.192347705291,0.194833806075,0.196784438998,0.197970117834,0.199194044373,0.201144677296,0.203286548741,0.204280989055,0.206461108204,0.20825875031,0.208985456693,0.209826906189,0.211815786816,0.213689924331,0.215143337097,0.216443759046,0.217591190177,0.218968107534,0.220498015709,0.221798437658,0.223175355015,0.225431969573,0.227573841018,0.229677464759,0.232087070134,0.232813776517,0.232890271926,0.23476440944,0.234917400258,0.235146886484,0.236179574502,0.23721226252,0.238168455129,0.238627427582,0.240425069687,0.241113528366,0.24149600541,0.241572500819,0.24115177607,0.24210796868,0.242605188837,0.24298766588,0.243637876855,0.244861803395,0.246544702387,0.248227601379,0.249336784806,0.250560711346,0.25155515166,0.253697023105,0.25610662848,0.258133756812,0.260619857596,0.263564930833,0.266968976522,0.270220031394,0.272438398247,0.276798636546,0.279973196009,0.284333434307,0.288081709336,0.293092158609,0.296037231845,