# R script for Peak Model
#  -- generated by MACS
p <- c(0.033899682052,0.0359676365127,0.0381833020063,0.0400296899176,0.041728366796,0.0443871653884,0.0468982529478,0.0487446408591,0.0511080173856,0.0527328387476,0.0550223597576,0.0572380252512,0.0589367021296,0.0601922459093,0.0620386338207,0.0644758658636,0.0666915313572,0.0688333413343,0.0689071968508,0.0692764744331,0.0696457520153,0.0700888851141,0.0705320182128,0.0713444288938,0.0714921399267,0.0725999726735,0.0731169612886,0.0735600943874,0.0740770830025,0.0749633492,0.0754803378151,0.0768097371113,0.0777698588252,0.0774744367594,0.0775482922758,0.0782129919239,0.0776960033087,0.0776960033087,0.078065280891,0.0782129919239,0.0789515470884,0.0790254026049,0.0785822695062,0.0788038360555,0.0791731136378,0.0795423912201,0.0793946801871,0.0799855243188,0.080354801901,0.0818319122301,0.0817580567137,0.0812410680985,0.0814626346478,0.0813887791314,0.0822011898124,0.0816103456807,0.081979623263,0.0815364901643,0.0816103456807,0.0815364901643,0.081167212582,0.0813887791314,0.0807979349998,0.0800593798352,0.0798378132859,0.078877691572,0.0779175698581,0.0771051591771,0.0766620260784,0.0765143150455,0.0761450374632,0.0757757598809,0.0759973264303,0.0754803378151,0.0750372047164,0.0752587712658,0.0750372047164,0.0742986495519,0.0737816609367,0.0734862388709,0.0727476837064,0.0720091285418,0.0718614175089,0.0707535847621,0.0706797292457,0.0701627406305,0.0703104516634,0.0705320182128,0.0697934630482,0.069424185466,0.0680947861698,0.067799364104,0.0668392423901,0.0670608089395,0.0672823754888,0.0672085199724,0.0670608089395,0.0661006872256,0.0666176758408,0.0672085199724,0.0666915313572,0.0672085199724,0.0673562310053,0.066986953423,0.0675039420382,0.0674300865217,0.0668392423901,0.0667653868737,0.0669130979066,0.0669130979066,0.0667653868737,0.0666176758408,0.0662483982585,0.0664699648078,0.0668392423901,0.0672823754888,0.0669130979066,0.0673562310053,0.0671346644559,0.067799364104,0.0675039420382,0.0669130979066,0.0667653868737,0.0666915313572,0.0665438203243,0.0664699648078,0.0672823754888,0.0680209306534,0.0683163527192,0.0681686416863,0.0681686416863,0.0677255085876,0.0679470751369,0.0681686416863,0.0678732196205,0.067799364104,0.0677255085876,0.0675777975546,0.0673562310053,0.0674300865217,0.066986953423,0.0666915313572,0.0674300865217,0.0681686416863,0.0673562310053,0.0677255085876,0.0681686416863,0.0681686416863,0.0678732196205,0.0674300865217,0.0674300865217,0.0670608089395,0.0672823754888,0.0676516530711,0.0680209306534,0.0674300865217,0.0671346644559,0.0672085199724,0.0670608089395,0.0667653868737,0.066986953423,0.0673562310053,0.0667653868737,0.0666915313572,0.0662483982585,0.0656575541269,0.065509843094,0.0661006872256,0.0662483982585,0.066174542742,0.0664699648078,0.0666176758408,0.0670608089395,0.0668392423901,0.0676516530711,0.0683163527192,0.068611774785,0.0693503299495,0.0691287634002,0.0678732196205,0.0683902082356,0.0679470751369,0.0675777975546,0.0667653868737,0.0673562310053,0.067799364104,0.0680209306534,0.0675039420382,0.0672823754888,0.0672823754888,0.0676516530711,0.0677255085876,0.0686856303014,0.0689810523673,0.0692026189166,0.069424185466,0.0693503299495,0.0689810523673,0.0689810523673,0.068611774785,0.0688333413343,0.0697196075318,0.0692026189166,0.0688333413343,0.0684640637521,0.0684640637521,0.068611774785,0.0680947861698,0.0683163527192,0.068611774785,0.0680947861698,0.0678732196205,0.0674300865217,0.0671346644559,0.0677255085876,0.0683163527192,0.067799364104,0.0679470751369,0.0680209306534,0.0689071968508,0.0684640637521,0.0682424972027,0.067799364104,0.0674300865217,0.0678732196205,0.0680947861698,0.0672823754888,0.0675777975546,0.0673562310053,0.0680209306534,0.0680947861698,0.0682424972027,0.0683902082356,0.0685379192685,0.0686856303014,0.0684640637521,0.0689071968508,0.0680209306534,0.0680209306534,0.0681686416863,0.0683902082356,0.0680209306534,0.0680209306534,0.0680209306534,0.0679470751369,0.0672823754888,0.067799364104,0.0669130979066,0.0671346644559,0.0668392423901,0.066174542742,0.0657314096433,0.0660268317091,0.0656575541269,0.0657314096433,0.0651405655117,0.0649928544788,0.064697432413,0.0652144210281,0.065509843094,0.0654359875775,0.065362132061,0.0652144210281,0.0646235768965,0.0644020103472,0.0639588772484,0.0640327327649,0.0635895996662,0.0642542993143,0.0644020103472,0.0645497213801,0.0645497213801,0.0640327327649,0.0646235768965,0.0650667099952,0.0652882765446,0.0651405655117,0.066174542742,0.0665438203243,0.0672823754888,0.066986953423,0.0677255085876,0.0672085199724,0.0686856303014,0.068611774785,0.0692026189166,0.0701627406305,0.0710490068279,0.0714921399267,0.072526117157,0.0730431057722,0.0737816609367,0.0743725050683,0.0754064822987,0.0755541933316,0.076440459529,0.076440459529,0.0765143150455,0.0771790146936,0.0787299805391,0.0794685357036,0.0796162467365,0.0805025129339,0.0810933570656,0.0808717905162,0.0820534787795,0.0824966118782,0.0841214332402,0.0853769770199,0.0858201101186,0.0870017983818,0.0876664980299,0.0886266197438,0.089808308007,0.089808308007,0.0901037300729,0.0919501179842,0.0926886731487,0.0943134945107,0.09453506106,0.0950520496752,0.096159882422,0.0968245820701,0.097784703784,0.0978585593004,0.0987448254979,0.0988186810143,0.0988186810143,0.0991879585966,0.0986709699814,0.0986709699814,0.0994833806624,0.100886635475,0.101920612705,0.102511456837,0.102068323738,0.102363745804,0.103250012002,0.103619289584,0.10391471165,0.105022544396,0.104357844748,0.10494868888,0.104874833363,0.105317966462,0.105317966462,0.104874833363,0.104505555781,0.105096399913,0.103988567166,0.103545434067,0.1036931451,0.102363745804,0.101551335123,0.100665068926,0.100074224794,0.100000369278,0.098597114465,0.0981539813663,0.0974892817182,0.0973415706853,0.0977108482675,0.0975631372346,0.0982278368827,0.0991879585966,0.0997788027282,0.10036964686,0.100074224794,0.099409525146,0.0993356696295,0.0991141030801,0.0993356696295,0.10014808031,0.0991879585966,0.0980801258498,0.0988186810143,0.0977108482675,0.0988186810143,0.0988186810143,0.0983016923992,0.0975631372346,0.0980801258498,0.0983755479156,0.0983016923992,0.0974892817182,0.0977108482675,0.0978585593004,0.0985232589485,0.0988186810143,0.0991141030801,0.0987448254979,0.0985232589485,0.0987448254979,0.0992618141131,0.0988186810143,0.0994833806624,0.10036964686,0.0990402475637,0.0989663920472,0.0985232589485,0.0979324148169,0.0980062703333,0.0971938596524,0.0966768710372,0.0967507265536,0.0964553044878,0.096159882422,0.0954951827739,0.0944612055436,0.0950520496752,0.0960121713891,0.0956428938068,0.0966030155207,0.0957906048398,0.0954951827739,0.0954951827739,0.0960121713891,0.0959383158727,0.0957906048398,0.0963814489714,0.0955690382904,0.0957167493233,0.0967507265536,0.0962337379385,0.0959383158727,0.0959383158727,0.0976369927511,0.0979324148169,0.0980801258498,0.097784703784,0.0985232589485,0.0982278368827,0.0984494034321,0.0988186810143,0.0988186810143,0.0990402475637,0.0988186810143,0.0995572361789,0.0997788027282,0.100295791343,0.100591213409,0.100738924442,0.100960490991,0.102289890288,0.10265916787,0.102880734419,0.102142179255,0.101846757189,0.101477479607,0.101920612705,0.102880734419,0.102954589936,0.102806878903,0.103102300969,0.104210133715,0.104136278199,0.104874833363,0.104431700265,0.103988567166,0.104062422683,0.104505555781,0.104653266814,0.102806878903,0.103102300969,0.102511456837,0.103471578551,0.104579411298,0.104283989232,0.104800977847,0.104800977847,0.104653266814,0.105244110946,0.105908810594,0.106130377143,0.106278088176,0.107385920923,0.106721221275,0.106942787824,0.107312065406,0.106721221275,0.107090498857,0.106499654725,0.107090498857,0.10723820989,0.106942787824,0.106425799209,0.106056521627,0.106056521627,0.106278088176,0.10620423266,0.105317966462,0.106056521627,0.107164354374,0.107755198505,0.109084597801,0.110044719515,0.109897008482,0.110118575032,0.111004841229,0.111374118811,0.112481951558,0.11181725191,0.110635563647,0.110266286065,0.109823152966,0.110635563647,