# R script for Peak Model
#  -- generated by MACS
p <- c(0.00407196673354,0.00427933540979,0.00444900069035,0.00456211087739,0.00476947955364,0.00490144143852,0.00501455162556,0.00512766181261,0.00516536520829,0.00537273388453,0.00546699237373,0.0056366576543,0.00580632293486,0.00595713651759,0.00612680179815,0.00622106028735,0.00635302217224,0.00639072556792,0.00657924254632,0.00674890782689,0.00695627650313,0.00705053499233,0.00712594178369,0.00723905197074,0.0073144587621,0.00744642064698,0.00757838253187,0.00767264102107,0.00774804781243,0.00791771309299,0.0080119715822,0.00814393346708,0.00825704365412,0.00837015384117,0.00838900553901,0.00835130214332,0.00838900553901,0.00842670893469,0.00835130214332,0.00840785723685,0.00833245044548,0.00831359874764,0.00823819195628,0.0082947470498,0.00837015384117,0.00852096742389,0.00865292930877,0.00859637421525,0.00863407761093,0.00869063270445,0.00870948440229,0.00872833610013,0.00874718779797,0.00882259458934,0.00878489119366,0.0088037428915,0.00878489119366,0.00887914968286,0.00901111156774,0.0089922598699,0.00904881496342,0.00914307345262,0.00910537005694,0.00906766666126,0.0090865183591,0.00904881496342,0.00912422175478,0.00927503533751,0.00929388703535,0.00919962854615,0.00910537005694,0.0090865183591,0.00897340817206,0.0088980013807,0.00886029798502,0.00882259458934,0.00891685307854,0.00886029798502,0.00887914968286,0.00887914968286,0.00878489119366,0.00869063270445,0.00861522591309,0.00861522591309,0.00861522591309,0.00870948440229,0.00863407761093,0.00853981912173,0.00852096742389,0.00861522591309,0.00861522591309,0.00857752251741,0.00863407761093,0.00863407761093,0.00859637421525,0.00865292930877,0.00872833610013,0.00872833610013,0.00874718779797,0.00884144628718,0.00887914968286,0.00891685307854,0.00895455647422,0.00891685307854,0.00891685307854,0.00886029798502,0.00906766666126,0.0089922598699,0.00901111156774,0.0090865183591,0.0090865183591,0.00916192515046,0.00910537005694,0.00893570477638,0.00882259458934,0.00882259458934,0.0088037428915,0.00878489119366,0.00870948440229,0.00876603949582,0.00876603949582,0.00867178100661,0.00872833610013,0.00869063270445,0.00876603949582,0.00878489119366,0.00874718779797,0.0088037428915,0.00884144628718,0.00884144628718,0.00901111156774,0.00906766666126,0.00914307345262,0.00923733194183,0.00923733194183,0.00927503533751,0.00935044212887,0.00946355231591,0.00955781080511,0.00963321759648,0.00965206929432,0.00974632778352,0.00984058627272,0.00995369645976,0.0100291032511,0.0100102515533,0.0100668066468,0.010047954949,0.0100856583446,0.0101422134382,0.0102553236252,0.0103118787187,0.0102930270209,0.0103118787187,0.0104438406036,0.0104438406036,0.0104438406036,0.0103307304166,0.0104249889058,0.0104626923015,0.0103872855101,0.0104249889058,0.010519247395,0.0105380990928,0.0105003956971,0.0105003956971,0.0105380990928,0.0104061372079,0.0103872855101,0.010519247395,0.0104626923015,0.0104626923015,0.0104815439993,0.0105758024885,0.0105003956971,0.010519247395,0.0105569507907,0.010632357582,0.0107077643734,0.0106700609777,0.0107266160712,0.0108774296539,0.0109151330496,0.0108962813518,0.0108774296539,0.0108397262583,0.0110093915388,0.010990539841,0.0111225017259,0.0112733153086,0.0112921670064,0.0113110187043,0.0113487221,0.0114241288913,0.011574942474,0.0116126458697,0.0116880526611,0.011574942474,0.011461832287,0.011461832287,0.0114429805892,0.0114429805892,0.0116126458697,0.0116503492654,0.0117446077546,0.0116314975676,0.011574942474,0.0115372390784,0.0115560907762,0.0116314975676,0.0116503492654,0.0117257560568,0.0117069043589,0.0118011628481,0.0118765696395,0.0120650866179,0.0121404934093,0.0123290103877,0.0123478620855,0.0123290103877,0.0123478620855,0.0124798239704,0.0123667137833,0.0124609722725,0.0124609722725,0.0126117858553,0.0126871926466,0.0128003028337,0.0130076715099,0.0130642266034,0.013120781697,0.0130642266034,0.0131396333948,0.0133658537689,0.0134224088624,0.0135732224451,0.0136674809343,0.013592074143,0.0136863326322,0.0138937013084,0.0139691080998,0.0139879597976,0.0142330318695,0.0142895869631,0.0144026971501,0.0144404005458,0.0146289175242,0.0147985828048,0.0149116929918,0.014892841294,0.0149870997832,0.0150625065745,0.0151756167616,0.0153075786465,0.0152133201573,0.01536413374,0.0154583922292,0.0155337990205,0.0156469092076,0.0157600193946,0.0157788710925,0.0157223159989,0.0157034643011,0.0157600193946,0.0157788710925,0.015835426186,0.0160804982579,0.0162878669342,0.016419828819,0.0164952356104,0.0164575322147,0.0165706424018,0.0166271974953,0.016778011078,0.0170419348478,0.0174566722003,0.0175697823873,0.0177394476679,0.0178714095528,0.0178902612506,0.0181164816247,0.0183427019988,0.0183992570923,0.0183804053945,0.0187008842577,0.018908252934,0.0190967699124,0.0194361004735,0.0197000242433,0.0197565793368,0.0198885412217,0.0201524649915,0.0203598336677,0.0203786853655,0.0207368676245,0.0210573464878,0.0213778253511,0.0217171559122,0.0221884483582,0.022565482315,0.0228671094805,0.022923664574,0.0231121815524,0.0233572536243,0.0236588807898,0.0239793596531,0.0244129487034,0.0245449105883,0.0250727581278,0.0254874954803,0.0256760124587,0.0262604150918,0.0267317075378,0.0272784067751,0.0273726652644,0.0276177373363,0.0279759195952,0.0282021399693,0.0284849154369,0.0288053943002,0.0290881697678,0.0292955384441,0.0296348690052,0.0300307546599,0.0302381233361,0.030483195408,0.0309733395519,0.0312938184152,0.0317462591633,0.0323118100986,0.0325380304726,0.0331412848035,0.0336502806452,0.0343289417675,0.0349510477962,0.0352903783573,0.0360632979688,0.036515738717,0.0372132515371,0.0379484677529,0.0384386118967,0.0389287560406,0.0395131586736,0.0398713409326,0.0403803367743,0.0409270360116,0.0418507692058,0.042661392213,0.0432646465439,0.0439056042704,0.0445842653927,0.0456211087739,0.0465448419681,0.0474497234644,0.0482980498673,0.0490709694787,0.0499569992772,0.0508241773779,0.0518044656656,0.0526339403706,0.0536330803561,0.0551223644855,0.0560272459819,0.056950979176,0.0579501191616,0.0589492591471,0.0601557678089,0.061211462888,0.0623614164563,0.0633040013483,0.0646236201971,0.066056349233,0.0674513748732,0.0687144386285,0.0698643921968,0.0713536763262,0.0725978883836,0.0741248759087,0.0752371260813,0.0761985626711,0.07751818152,0.078818948671,0.0802516777068,0.0817598135341,0.0834376146419,0.085077712354,0.0867555134618,0.0887160900372,0.090752073404,0.0925618363967,0.0942773409002,0.0958797352166,0.0978591634898,0.0997066298782,0.10134672759,0.103382710957,0.105437546022,0.107398122597,0.109547216151,0.111771716496,0.113468369302,0.115504352669,0.116993636798,0.119425505819,0.121329527301,0.123327807272,0.125250680452,0.127003888351,0.129058723416,0.131264372063,0.133243800336,0.135694521056,0.137843614609,0.139898449674,0.141783619458,0.143932713012,0.146590802407,0.14866448917,0.151397985357,0.153565930608,0.155884689443,0.158486223745,0.160673020694,0.163406516881,0.166234271557,0.169156284722,0.172285666564,0.175019162751,0.178054286103,0.18105170606,0.183973719225,0.18698999088,0.190232482908,0.193418419843,0.1964158398,0.19963948013,0.202693455181,0.205954798907,0.209442363008,0.212590596547,0.216191270834,0.219678834935,0.222789365079,0.226748221625,0.230424302704,0.23421349397,0.238172350516,0.242150058761,0.24599580512,0.249860403177,0.254083183494,0.257796967968,0.262377930544,0.266412193881,0.270672677593,0.274348758672,0.278420725406,0.283265611751,0.287846574326,0.291635765592,0.295820842513,0.299515775289,0.303210708066,0.306811382354,0.309959615893,0.313579141878,0.317029002583,0.32002642254,0.323664800223,0.327171216021,0.33058337333,0.3334676831,0.336597064941,0.339519078107,0.342667311646,0.345683583301,0.34856789307,0.351640719818,0.354487326192,0.357164267285,0.360519869501,0.36349843776,0.366533561112,0.36987031163,0.372547252723,0.375638931169,0.378523240939,0.381784584665,0.384819708017,0.387440094017,0.390512920765,0.392775124506,0.395659434276,0.398185561786,0.400617430808,0.403313223599,0.405858202807,0.40836547862,