# R script for Peak Model
#  -- generated by MACS
p <- c(0.00563539083242,0.00581085171914,0.00590374277682,0.00605856120628,0.00622370086437,0.00634755560794,0.00647141035151,0.00665719246687,0.00683265335359,0.00698747178305,0.00712164775525,0.00726614495608,0.0073383935565,0.0074725695287,0.00757578181501,0.0077409214731,0.00788541867393,0.0080092734175,0.00813312816107,0.00831891027642,0.00849437116315,0.00861822590672,0.00874208065029,0.00890722030838,0.00895882645153,0.00903107505195,0.00916525102415,0.00929942699635,0.00945424542581,0.00958842139801,0.00972259737021,0.00983613088515,0.00998062808598,0.0100941616009,0.0102076951159,0.0103005861735,0.0104657258316,0.0105895805752,0.0107443990047,0.0109095386628,0.0110643570922,0.0111778906072,0.0113017453507,0.0113636727225,0.0114256000943,0.0113946364084,0.0114359213229,0.0115391336092,0.0115804185238,0.011601060981,0.0117042732673,0.0117042732673,0.0117249157246,0.0118074855536,0.0118384492395,0.0119313402972,0.0119519827545,0.0119726252117,0.0120448738121,0.0120242313549,0.0120861587267,0.0120448738121,0.0120448738121,0.011993267669,0.0119416615258,0.0119106978399,0.0119003766113,0.0119003766113,0.011993267669,0.0120035888976,0.0120861587267,0.0121274436412,0.0121687285557,0.0121687285557,0.0121996922416,0.0122100134702,0.0122409771561,0.0122925832993,0.0124061168142,0.0123545106711,0.0123751531283,0.0124577229574,0.0123751531283,0.0123545106711,0.0123029045279,0.0123132257565,0.0123957955856,0.0123751531283,0.0124990078719,0.0125196503292,0.0125299715578,0.0125918989296,0.0126022201582,0.0126125413868,0.0126022201582,0.0125815777009,0.01266414753,0.0127157536731,0.0128912145599,0.0129015357885,0.0129634631603,0.0129221782458,0.0129324994744,0.0129841056175,0.013056354218,0.0129944268462,0.0129324994744,0.0129944268462,0.0130666754466,0.0130357117607,0.0131182815897,0.0131698877329,0.0132111726474,0.0132214938761,0.0132214938761,0.0132524575619,0.0132627787906,0.0133556698483,0.0133866335341,0.0134382396773,0.0134795245918,0.0135724156495,0.0135827368781,0.0135930581068,0.0136549854785,0.0136653067072,0.013613700564,0.0136446642499,0.0136446642499,0.0136653067072,0.0136446642499,0.0136859491644,0.0136343430213,0.0136240217927,0.0136549854785,0.0136756279358,0.0136343430213,0.0136549854785,0.0136240217927,0.0135930581068,0.0135517731922,0.0134898458205,0.0134692033632,0.0135620944209,0.0136033793354,0.0137375553076,0.0137478765362,0.0137994826794,0.0137891614507,0.0138510888225,0.0138820525084,0.0139646223375,0.0140987983097,0.0141813681387,0.0141813681387,0.0142742591964,0.0143568290254,0.0143877927113,0.0143568290254,0.0143258653395,0.0143671502541,0.0143877927113,0.0143361865682,0.0143465077968,0.0142536167391,0.0143052228823,0.0144187563972,0.0144600413117,0.0145219686835,0.014594217284,0.0146974295703,0.0147387144848,0.0146561446557,0.0146664658844,0.0146355021985,0.0146355021985,0.0146355021985,0.0146045385126,0.0146561446557,0.0146664658844,0.0146561446557,0.0146974295703,0.0146148597412,0.0146148597412,0.0146355021985,0.0146148597412,0.014594217284,0.0146664658844,0.0146561446557,0.0146561446557,0.0146458234271,0.0146458234271,0.0147387144848,0.0146871083416,0.0146664658844,0.014676787113,0.0147387144848,0.0147696781707,0.0148212843138,0.0148625692284,0.0148832116856,0.0148832116856,0.0149967452006,0.0150380301151,0.0150173876578,0.0149761027433,0.0150483513437,0.0150483513437,0.015068993801,0.0151309211728,0.0150793150296,0.0151412424014,0.0152547759163,0.0153167032881,0.015430236803,0.0154921641748,0.0155953764611,0.0156469826043,0.0156985887474,0.0157605161192,0.0158327647196,0.015822443491,0.0159256557773,0.0159772619205,0.0160701529782,0.0161424015786,0.0162043289504,0.0163385049226,0.0163901110657,0.0163385049226,0.0164313959802,0.0163385049226,0.016410753523,0.0164520384375,0.0165449294952,0.0165758931811,0.0166171780956,0.0166481417815,0.0166171780956,0.0166171780956,0.0167203903819,0.0167823177537,0.0167410328392,0.016771996525,0.0168029602109,0.0169268149545,0.0169577786404,0.0170403484694,0.0171332395271,0.0171332395271,0.0172364518134,0.0173190216425,0.0173396640997,0.0173190216425,0.0173706277856,0.0173499853284,0.0174222339288,0.0174944825292,0.017556409901,0.0176183372728,0.0176596221873,0.0177215495591,0.0178866892172,0.0180518288753,0.0181343987043,0.0182685746765,0.0184853204778,0.0186401389072,0.0187949573367,0.0188878483944,0.0189394545375,0.0190117031379,0.0191355578815,0.0192594126251,0.0194348735118,0.0195484070267,0.0196309768558,0.0198270801998,0.0199715774006,0.0202296081164,0.0203844265458,0.0206218148043,0.0207043846334,0.0209417728919,0.0211172337786,0.0212617309794,0.0214062281803,0.0215713678384,0.021664258896,0.0218087560969,0.0219429320691,0.0221493566417,0.0224589935006,0.0226654180732,0.0228718426459,0.0230576247612,0.0232743705625,0.0234601526778,0.0236046498786,0.0238317169085,0.023986535338,0.0241619962247,0.0243271358828,0.0246367727417,0.0248431973143,0.0249876945152,0.0251012280301,0.0252766889168,0.0253695799745,0.0255966470044,0.0257721078911,0.0259888536924,0.0263088117799,0.0264842726666,0.0267113396965,0.0268971218119,0.0271138676131,0.0275886441301,0.0278363536173,0.0281356692476,0.0284349848779,0.0286930155936,0.028961367538,0.0292400407111,0.02954967757,0.0298489932003,0.0302308786596,0.030612764119,0.0310668981787,0.0313868562663,0.031840990326,0.0322022333281,0.0326873310737,0.0329969679327,0.0334820656783,0.0340290907957,0.0345864371418,0.0351334622592,0.0356908086053,0.0362997610945,0.0369087135837,0.0375692722161,0.0381988671626,0.038859425795,0.0394477358269,0.0399741184871,0.0407378894058,0.041346841895,0.0419145094697,0.0426473167025,0.0435349423647,0.0442677495975,0.0447322048859,0.0453927635183,0.0461358919797,0.046796450612,0.0474054031013,0.0483755985926,0.0492838667121,0.0502540622034,0.0510797604938,0.0519261012416,0.0529169391901,0.0538768134528,0.0547334754291,0.055548852491,0.0564777630677,0.0576337406744,0.0588826093387,0.0599973020308,0.0610707098084,0.06234022093,0.063599410823,0.0648069945728,0.0661797179807,0.067428586645,0.0689251647965,0.070308209433,0.0715983630119,0.0730433350202,0.0746328042293,0.0761603460667,0.0777601365044,0.0793496057136,0.0808048989505,0.0824046893883,0.084118013341,0.0858623009796,0.0876581947614,0.0894540885431,0.0910848426668,0.0930458761067,0.0949862670892,0.0971846887876,0.099383110486,0.101426713755,0.10372834774,0.105875163295,0.108176797279,0.110468110035,0.11292456245,0.115164269062,0.117228514789,0.11963336106,0.12189371013,0.124319198858,0.126930469702,0.129304352287,0.131513095214,0.134258542029,0.136601460929,0.139439798802,0.141978821045,0.144445594688,0.147139435361,0.149874560948,0.15265097145,0.155788624953,0.158730175113,0.161723331416,0.16463391789,0.16764771665,0.170733764011,0.173881738743,0.177050355933,0.18023961558,0.183449517684,0.186731668388,0.189931249264,0.193399182084,0.197021933333,0.200685969497,0.204009405116,0.207497980394,0.211131052872,0.214619628149,0.217994669911,0.221648384846,0.225529166812,0.229141596832,0.232692099481,0.236768984791,0.24061880307,0.244282839234,0.247802378197,0.25109485013,0.25478984998,0.25848484983,0.262210813365,0.266091595331,0.269993019753,0.273832516804,0.277465589282,0.281119304217,0.284773019152,0.28840609163,0.292307516053,0.296116049418,0.299955546468,0.304187250207,0.307686146713,0.311288255505,0.314818115697,0.318347975888,0.322146188025,0.32564508453,0.329020126293,0.33235388314,0.335790852274,0.339238142637,0.34291250003,0.346463002679,0.349662583554,0.352924091802,0.356206242506,0.35911682898,0.362419622142,0.365485027045,0.36854011072,0.371306199993,0.374289035067,0.377426688571,0.379934747128,0.382845333602,0.385116003901,0.387489886486,0.390028908729,0.392949816432,0.395767511848,0.398151715662,0.401010695992,0.403508433321,0.405789424849,0.408318125863,0.411218391108,0.413705807208,0.416379005424,0.418804494152,0.421209340423,0.42371739898,0.426029354193,0.428114242377,0.43012688196,0.431716351169,