# R script for Peak Model
#  -- generated by MACS
p <- c(0.0217339810328,0.0229121426295,0.0242143212363,0.0252994700753,0.0265706444296,0.0278418187839,0.0288959633703,0.0298260909466,0.0310662610484,0.0322134183925,0.033329571484,0.0343837160705,0.035437860657,0.0363989924858,0.0373911285672,0.0384452731537,0.0394994177401,0.0403985410639,0.0403675368113,0.0406155708317,0.0402435198012,0.0399954857808,0.0400264900334,0.040460549569,0.0399644815283,0.0399024730232,0.0400264900334,0.0401505070435,0.0403675368113,0.0405225580741,0.0406155708317,0.0406465750842,0.0406775793368,0.0406155708317,0.040460549569,0.040119502791,0.0400264900334,0.0399954857808,0.039778456013,0.040119502791,0.0399024730232,0.0395924304978,0.0396544390029,0.0396234347503,0.0394994177401,0.039778456013,0.0401505070435,0.0399954857808,0.040119502791,0.0402125155486,0.040863604852,0.0408326005995,0.0412356558826,0.0413906771453,0.0414526856504,0.0414216813978,0.0414526856504,0.0412666601351,0.0412666601351,0.0410496303673,0.0413286686402,0.0412976643876,0.0412356558826,0.0412356558826,0.04120465163,0.0412666601351,0.04120465163,0.0411426431249,0.0412976643876,0.0412666601351,0.0413286686402,0.0414836899029,0.0413596728927,0.0411736473775,0.0414526856504,0.0411116388724,0.0412356558826,0.0415146941555,0.0416387111656,0.0419797579436,0.0419177494385,0.0417007196707,0.0411736473775,0.0412976643876,0.0411736473775,0.04120465163,0.0407395878419,0.0410496303673,0.0407395878419,0.0411736473775,0.0413596728927,0.0414836899029,0.0413286686402,0.0419177494385,0.041545698408,0.0418557409334,0.0419487536911,0.0418247366809,0.0419177494385,0.0417627281758,0.0417937324283,0.0415146941555,0.0417007196707,0.0416077069131,0.0414836899029,0.0418247366809,0.0418557409334,0.0417007196707,0.041886745186,0.0420417664487,0.0417937324283,0.0420417664487,0.0420727707012,0.0417317239233,0.0417937324283,0.0419177494385,0.0418247366809,0.0417627281758,0.0419487536911,0.0423208047216,0.0424138174792,0.0425688387419,0.0425688387419,0.0424138174792,0.0423518089741,0.0424758259843,0.042630847247,0.0425068302368,0.0425068302368,0.0421657834589,0.0426618514996,0.0422277919639,0.0421037749538,0.0420417664487,0.0418247366809,0.0417627281758,0.041545698408,0.0417627281758,0.0415146941555,0.0420417664487,0.0420107621961,0.0423518089741,0.042630847247,0.0430649067826,0.0428788812674,0.0430959110352,0.0432819365504,0.042971894025,0.0430028982775,0.0431269152877,0.0428788812674,0.0426618514996,0.0429098855199,0.0428478770148,0.0427238600046,0.0425068302368,0.0423828132267,0.0423208047216,0.042630847247,0.0424758259843,0.0427548642572,0.0422587962165,0.0420107621961,0.0416077069131,0.0420107621961,0.0424758259843,0.0423208047216,0.042289800469,0.0424758259843,0.0428478770148,0.0431889237928,0.0430959110352,0.0431269152877,0.0429408897724,0.0428478770148,0.0425688387419,0.0424758259843,0.0423518089741,0.0419487536911,0.0416697154182,0.0421347792063,0.0421347792063,0.0423518089741,0.0431269152877,0.0431579195402,0.0432509322979,0.0435919790759,0.0436229833284,0.0439330258538,0.0443360811369,0.0446461236623,0.0449561661878,0.0449871704403,0.045142191703,0.0449251619352,0.045483238481,0.0453282172183,0.0454212299759,0.0455142427335,0.0460723192793,0.0455762512386,0.0450181746928,0.0449251619352,0.0453282172183,0.0455762512386,0.0452662087132,0.0449871704403,0.0452042002081,0.0453902257234,0.0456382597437,0.045824285259,0.0458862937641,0.0460103107742,0.0457622767539,0.0461033235319,0.0459172980166,0.0455142427335,0.0455762512386,0.0448941576827,0.0442430683793,0.0441500556216,0.0447701406725,0.0446461236623,0.0443360811369,0.0443360811369,0.0440260386115,0.0443050768843,0.0443670853894,0.0444600981471,0.0443050768843,0.0446151194098,0.0442120641267,0.0441190513691,0.0442740726318,0.0443360811369,0.0440880471165,0.0440260386115,0.0443050768843,0.0442430683793,0.0440260386115,0.043715996086,0.044057042864,0.0443050768843,0.0444911023996,0.0446151194098,0.04473913642,0.0446771279149,0.0443360811369,0.0441190513691,0.0442430683793,0.0442740726318,0.0441190513691,0.0438710173487,0.0434679620657,0.0441190513691,0.0442430683793,0.0443360811369,0.0437780045911,0.0437470003386,0.0442740726318,0.044057042864,0.0441190513691,0.0437470003386,0.0434369578131,0.0435609748233,0.0435609748233,0.0428168727623,0.0427548642572,0.0428168727623,0.0425068302368,0.0426928557521,0.042971894025,0.0435609748233,0.0438400130962,0.0441190513691,0.0445531109047,0.0445531109047,0.0445531109047,0.0449251619352,0.0448321491776,0.0448631534301,0.0449251619352,0.0455452469861,0.0463203532997,0.0467544128353,0.0468164213404,0.0471574681183,0.0477155446641,0.0482116127048,0.0483666339675,0.0484286424726,0.0484906509777,0.0485836637353,0.0490177232709,0.0489867190184,0.0490487275235,0.049420778554,0.0496688125743,0.0496688125743,0.0499168465947,0.0496068040692,0.0504129146354,0.0511260124439,0.051591076232,0.0517460974947,0.0524591953032,0.052676225071,0.0532032973643,0.0537923781626,0.0537923781626,0.0540404121829,0.0538853909202,0.0540404121829,0.0546294929813,0.0548465227491,0.0554976120525,0.0558386588304,0.0560246843457,0.0560246843457,0.0562727183661,0.0567687864067,0.0574198757102,0.0571718416898,0.0575748969729,0.0582259862763,0.058722054317,0.0591871181051,0.0603342754492,0.0612023945204,0.0621015178442,0.0629386326629,0.0635277134612,0.0643958325324,0.0651089303409,0.0661630749274,0.0667521557257,0.067682283302,0.06802333008,0.069108478919,0.0692324959291,0.0696665554647,0.0694185214444,0.0692945044342,0.0692945044342,0.0686434151308,0.0693875171919,0.0696045469597,0.0699765979902,0.0707207000512,0.0710307425767,0.0710307425767,0.0713097808495,0.0715888191224,0.0721158914157,0.0723019169309,0.0724259339411,0.072704972214,0.0723329211835,0.0729530062343,0.0734180700225,0.0732010402547,0.0735110827801,0.0738831338106,0.0733560615174,0.0738211253055,0.0736661040428,0.0736661040428,0.0734800785276,0.0724259339411,0.0724569381936,0.0725499509513,0.0727669807191,0.0732940530123,0.0733560615174,0.0727979849716,0.0729530062343,0.0733870657699,0.0743481975988,0.0748442656395,0.0750612954073,0.0758053974683,0.0758053974683,0.0761464442463,0.0768285378022,0.0776036441158,0.0776656526209,0.0780066993989,0.078409754682,0.0791848609955,0.0790298397328,0.0796499247837,0.0801149885718,0.0806730651176,0.0814481714312,0.082006247977,0.0824403075126,0.083494452099,0.083835498877,0.0843005626652,0.0851376774838,0.085261694494,0.0856957540296,0.0864088518381,0.0866568858585,0.0878660517077,0.0887341707789,0.088858187789,0.0892612430721,0.0897883153653,0.0905324174264,0.0914625450027,0.0928887406197,0.0935088256705,0.0940669022163,0.0950280340451,0.0957721361062,0.0966712594299,0.0971053189655,0.0980044422893,0.0986555315927,0.0982524763097,0.0990895911283,0.100360765483,0.101166876049,0.101476918574,0.102438050403,0.103058135454,0.104236297051,0.105507471405,0.106127556456,0.107088688284,0.107894798851,0.108824926427,0.110065096529,0.110158109286,0.111429283641,0.112111377196,0.112979496268,0.113816611086,0.115676866239,0.116793019331,0.117506117139,0.118622270231,0.120141478605,0.121102610434,0.122528806051,0.123644959143,0.124079018678,0.125226176022,0.126404337619,0.127830533236,0.129349741611,0.1310549755,0.13263619238,0.133907366734,0.135116532584,0.137441851524,0.139271102424,0.140666293789,0.143146633992,0.144169774326,0.146836140045,0.148882420713,0.150928701381,0.152416905503,0.15421515215,0.156199424313,0.158245704981,0.160447006911,0.16286533861,0.166337814895,0.167795014764,0.170988452776,0.172755695171,0.17567009491,0.178119430861,0.18066177957,0.183359149541,0.186459574795,0.188970919251,0.192350382779,0.194489676204,0.19675298664,0.199543369369,0.203015845653,0.206054262403,0.208782636626,0.21151101085,0.214611436105,0.217866882622,0.220626261098,0.224780830939,0.227819247688,0.2310126857,0.234113110954,0.236531442653,0.241027059271,0.243724429243,0.248096028851,0.251599509389,0.255040981421,0.259040529999,0.262171959506,0.266140503832,0.269085907823,