# R script for Peak Model
#  -- generated by MACS
p <- c(0.00805841757828,0.00828827177094,0.00854516763334,0.00880206349573,0.00907248019299,0.00922120937648,0.00943754273429,0.00964035525723,0.0100054177985,0.0103163970004,0.0106408970371,0.0108707512298,0.011141167927,0.0113304596151,0.0115738346426,0.0118442513399,0.0120876263674,0.0123850847344,0.0126960639362,0.0129394389638,0.0130746473124,0.0133180223399,0.0135749182023,0.0138182932299,0.0139805432482,0.0142644807803,0.0144402516336,0.0146430641565,0.0149540433583,0.0151162933767,0.0152785433951,0.0155624809272,0.0157112101107,0.0160492309822,0.0162926060098,0.0165495018722,0.0167117518905,0.0167387935602,0.0167523143951,0.0167387935602,0.0166576685511,0.0166441477162,0.0166576685511,0.0167252727254,0.0166847102208,0.0167252727254,0.0168469602391,0.0168875227437,0.016955126918,0.016860481074,0.0168875227437,0.0169686477529,0.017063293597,0.0171444186061,0.017157939441,0.0171985019456,0.0172120227804,0.0171985019456,0.0173337102942,0.0172931477896,0.0172796269548,0.017252585285,0.0172661061199,0.0172120227804,0.0172390644502,0.0172390644502,0.0172120227804,0.0173337102942,0.0174689186428,0.0175906061566,0.0176446894961,0.0177122936704,0.0177798978447,0.0179151061933,0.0180097520374,0.0179962312025,0.0179556686979,0.0179556686979,0.0179827103676,0.0180908770465,0.0180503145419,0.0181043978814,0.0179556686979,0.0178069395144,0.0177122936704,0.0177122936704,0.0176311686612,0.0176582103309,0.0176041269915,0.0176041269915,0.0176311686612,0.0174824394777,0.0175094811474,0.0176041269915,0.0176717311658,0.0176987728355,0.0177393353401,0.017752856175,0.0177663770098,0.017847502019,0.017847502019,0.0179015853585,0.0179556686979,0.0180638353768,0.018144960386,0.0181179187163,0.0182260853952,0.0181043978814,0.018144960386,0.0180773562117,0.0181179187163,0.0182125645603,0.01823960623,0.0182936895695,0.0183072104043,0.0182666478997,0.0182936895695,0.0182801687346,0.0183612937438,0.0183477729089,0.0184288979181,0.0184559395878,0.0184829812576,0.0184829812576,0.018442418753,0.0183883354135,0.0182531270649,0.0182531270649,0.0183612937438,0.0183612937438,0.0184153770832,0.0185100229273,0.0184153770832,0.0185100229273,0.0186993146154,0.0189156479732,0.0190238146521,0.0191455021658,0.0191860646704,0.0191995855053,0.0193483146888,0.019429439698,0.0194564813677,0.0194023980282,0.0193347938539,0.0193753563585,0.0193212730191,0.0191995855053,0.0191860646704,0.0192401480099,0.0192536688447,0.0193212730191,0.0193347938539,0.0194159188631,0.0195646480466,0.0196457730558,0.0197404188998,0.019821543909,0.019821543909,0.0198350647438,0.0200378772668,0.0201595647806,0.0203894189732,0.0204164606429,0.0204299814778,0.0205922314962,0.0206598356705,0.0207274398448,0.0208761690283,0.020903210698,0.020997856542,0.0210519398815,0.0211465857255,0.0211465857255,0.0213358774136,0.0213899607531,0.0214846065971,0.0215792524412,0.0217550232944,0.0218767108081,0.0218496691384,0.0219713566522,0.0220119191568,0.02218769001,0.0223364191935,0.0222958566889,0.0222552941843,0.0224040233678,0.0225527525513,0.0227150025696,0.0228366900834,0.0230530234412,0.0232017526247,0.0236208985054,0.0235938568357,0.02366146101,0.0236749818449,0.0237020235146,0.0239048360376,0.0242022944046,0.0244456694321,0.0245267944413,0.0245808777807,0.0248377736431,0.0249594611569,0.0252298778541,0.0254597320468,0.0257166279092,0.0257977529184,0.0256760654046,0.0258788779275,0.0260952112854,0.0264737946615,0.0267712530285,0.0268658988725,0.0268929405423,0.0269740655514,0.0273932114322,0.0275689822854,0.0276501072946,0.0278799614873,0.0281368573496,0.0285154407258,0.0287723365882,0.0291373991295,0.0293131699827,0.0294889408359,0.0296241491846,0.0297052741937,0.0299621700561,0.0302055450837,0.0305030034507,0.0308815868268,0.031260170203,0.0314765035608,0.0316793160837,0.0317063577534,0.0318821286067,0.0322877536526,0.0326122536893,0.0326933786984,0.0328826703865,0.0330584412397,0.0333694204416,0.0335181496251,0.0337885663223,0.034113066359,0.0343970038912,0.0346268580838,0.0349513581205,0.0351676914783,0.0354381081756,0.0357085248729,0.0359383790655,0.0363575249463,0.0367361083224,0.0369118791757,0.0372228583775,0.0374797542399,0.0378853792858,0.0385073376895,0.038845358561,0.0391833794326,0.0395754836436,0.039832379506,0.0401704003776,0.0403596920657,0.0405084212492,0.0410898171483,0.0413467130107,0.0417252963868,0.0424148589648,0.0427393590016,0.0430773798731,0.0434559632493,0.0437534216163,0.0440373591484,0.0444429841943,0.0447945259007,0.0450108592585,0.045551692653,0.0458761926897,0.0463359010751,0.0470119428182,0.0475122137082,0.0477961512403,0.0479854429284,0.0483640263045,0.0489454222036,0.0495132972679,0.050094693167,0.050486797378,0.0513250891395,0.0519064850386,0.0522850684147,0.0529746309928,0.053542506057,0.0539210894332,0.054326714479,0.0550568395616,0.0557058396351,0.0561790688553,0.0568686314333,0.0574635481672,0.058274798259,0.0589373191673,0.0595187150664,0.0601271526352,0.0609519235619,0.061627965305,0.0624797779014,0.0634127155069,0.0637507363785,0.0646160698097,0.0655490074152,0.0661033616446,0.0667794033878,0.0675771326447,0.0684695077456,0.0696052578741,0.0704570704705,0.0714440914154,0.0721606956632,0.0732017999476,0.0739724875348,0.0746620501128,0.0756220293881,0.0764062378101,0.0773391754157,0.0781504255074,0.0790292797735,0.0799892590488,0.0813413425351,0.0822201968012,0.082923280214,0.0837345303058,0.084599863737,0.0855463221774,0.086668551471,0.0874933223977,0.0884397808381,0.0896566559757,0.0905355102418,0.0918199895538,0.0929151771777,0.0940103648016,0.0951325940952,0.0961872192145,0.0974446568568,0.0989319486917,0.100135302994,0.100973594756,0.101974136536,0.103177490839,0.104150990949,0.105476032765,0.106571220389,0.107815137197,0.108748074802,0.110181283298,0.111344075096,0.112682637747,0.113818387876,0.115075825518,0.11630622149,0.117725909151,0.118821096775,0.120146138592,0.121863284619,0.12328297228,0.124526889087,0.125770805894,0.126784868509,0.128191035335,0.129570160491,0.130908723142,0.132139119115,0.133518244271,0.134816244418,0.136276494583,0.137763786418,0.139169953244,0.140440911721,0.142063411904,0.143699432923,0.145200245592,0.14691739162,0.148215391767,0.149810850281,0.151500954639,0.153447954859,0.154543142483,0.156179163501,0.157774622015,0.159464726373,0.160870893199,0.162358185033,0.163899560208,0.165292206199,0.16713103974,0.168361435713,0.170092102575,0.171755165263,0.173648082144,0.175784374052,0.177636728428,0.179069936924,0.180908770465,0.182936895695,0.185019104264,0.186912021144,0.188886063034,0.190468000713,0.192604292622,0.194754105365,0.196106188851,0.19816135575,0.200365251833,0.201893106172,0.203461523017,0.20563837743,0.207666502659,0.209275482008,0.211195440558,0.213318211632,0.215697878567,0.217888253815,0.219618920678,0.221592962568,0.223310108595,0.225175983806,0.226906650669,0.229435046788,0.23124683866,0.233315526394,0.235289568284,0.237682756055,0.239481027091,0.241428027312,0.243361506697,0.245416673596,0.247390715486,0.249554049064,0.251325278431,0.253245236982,0.255651945587,0.258153300037,0.259992133578,0.26183096712,0.263832050679,0.266157634276,0.268118155331,0.270254447239,0.272417780817,0.2746216769,0.277136552184,0.279408052441,0.281395615166,0.283613032084,0.285222011432,0.287669282543,0.290116553653,0.292266366396,0.294091679102,0.295998116818,0.298715804626,0.301081950727,0.302826138424,0.304813701149,0.30712576391,0.309802889213,0.311952701956,0.314427014736,0.316657952489,0.319145786103,0.321566015544,0.323621182443,0.325514099324,0.327231245351,0.3288402247,0.330652016572,0.332098745902,0.333626600242,0.334951642058,0.336398371388,0.33773693404,0.339399996728,0.340833205223,0.342415142902,0.344348622288,0.345389726572,0.346363226682,0.348066851875,0.349445977031,0.350635810499,0.351987893985,0.353921373371,0.354989519325,0.356314561141,0.357599040453,0.358802394756,0.360681790802,0.361993311784,0.363737499481,0.365657458032,0.367415166564,0.36879429172,0.370281583555,0.371917604573,