# R script for Peak Model
#  -- generated by MACS
p <- c(0.0110163708341,0.011292932445,0.0116040642572,0.0119497662709,0.0122263278818,0.0125028894927,0.012790974504,0.0131597233185,0.0133901913276,0.013678276339,0.0140700719544,0.0143466335653,0.014669288778,0.014922803588,0.0152800290021,0.0155450672125,0.0158561990248,0.0161673308371,0.0165015094502,0.0166858838575,0.0170085390702,0.0173427176834,0.0176423260952,0.017941934507,0.0181493557152,0.0185181045297,0.0188292363419,0.0191749383556,0.0194860701678,0.0198087253805,0.0201429039937,0.0205116528082,0.0208573548219,0.0212145802359,0.0215602822496,0.02182532046,0.0218944608627,0.0218598906614,0.0219175076636,0.0220096948673,0.0220096948673,0.0220212182677,0.0218944608627,0.0218944608627,0.0220096948673,0.0219175076636,0.0220327416682,0.0220673118695,0.0221940692745,0.0221594990732,0.0221479756727,0.0222401628764,0.0223669202813,0.0223784436818,0.0223093032791,0.0224014904827,0.0226089116909,0.0226780520936,0.0227587158968,0.0228969967022,0.0229891839059,0.022966137105,0.0230352775077,0.0231044179104,0.0231044179104,0.0231389881118,0.0231389881118,0.0230237541072,0.0230237541072,0.023069847709,0.02309289451,0.0230583243086,0.0230007073063,0.02309289451,0.0232196519149,0.0232542221163,0.0232772689172,0.0232542221163,0.0233003157181,0.023323362519,0.0233003157181,0.0235077369263,0.0235884007295,0.0237842985372,0.0238073453381,0.0239341027431,0.0239917197454,0.0240147665463,0.0239917197454,0.0239917197454,0.0240262899467,0.0240147665463,0.0241530473517,0.0241991409535,0.0242798047567,0.0241876175531,0.0241876175531,0.0242221877545,0.0242452345554,0.024210664354,0.0242452345554,0.0242221877545,0.0241991409535,0.0241300005508,0.0240608601481,0.023830392139,0.0238534389399,0.023830392139,0.0238419155395,0.0237727751367,0.0237612517363,0.0237842985372,0.023957149544,0.0239917197454,0.0240262899467,0.0240954303495,0.0240493367476,0.0240723835485,0.0241184771504,0.0241300005508,0.0242682813563,0.0243258983585,0.0244296089626,0.0244757025644,0.024590936569,0.0245102727658,0.0243719919604,0.0244411323631,0.0244411323631,0.0242798047567,0.0241760941526,0.0241760941526,0.0241300005508,0.0243143749581,0.0243489451594,0.024337421759,0.0243143749581,0.0244411323631,0.0244411323631,0.0244065621617,0.0245448429672,0.0246831237726,0.0248559747794,0.024844451379,0.0247522641753,0.0249366385826,0.0249366385826,0.0249827321844,0.0250864427885,0.025097966189,0.0250749193881,0.024971208784,0.0249942555849,0.0250864427885,0.0251901533926,0.0251786299921,0.025224723594,0.0252362469944,0.0254206214017,0.0256971830126,0.0258469872185,0.0259046042207,0.0258585106189,0.0258930808203,0.0259506978226,0.0260544084266,0.0261465956303,0.0262733530353,0.026469250843,0.0266305784494,0.0266075316484,0.0266997188521,0.0267688592548,0.0269417102616,0.0271606548702,0.0273450292775,0.0275294036848,0.0278290120966,0.0279211993002,0.0281170971079,0.0281862375107,0.0283936587188,0.0283706119179,0.0285088927234,0.0285895565265,0.0287163139315,0.0289237351397,0.0292002967506,0.029234866952,0.029361624357,0.0293040073547,0.0293155307551,0.0292463903524,0.0293040073547,0.0292809605538,0.0294077179588,0.029615139167,0.029615139167,0.0296497093683,0.029845607176,0.0300299815833,0.0300184581828,0.0301452155878,0.0300069347824,0.0301336921874,0.0301913091897,0.0304678708006,0.0306752920087,0.0308135728142,0.0307674792124,0.0308366196151,0.0308827132169,0.0309403302192,0.0310555642237,0.0312975556332,0.0314127896378,0.0318045852532,0.0319313426582,0.032104193665,0.0322655212714,0.0324153254773,0.0325536062827,0.0326803636877,0.0326342700859,0.0327034104886,0.0329684486991,0.0330836827036,0.0333026273123,0.0333371975136,0.0336713761268,0.0336828995272,0.0337981335318,0.0339709845386,0.0342014525477,0.0344088737558,0.0345471545613,0.0347660991699,0.0349043799754,0.0349274267763,0.0351118011835,0.0353537925931,0.0355266435999,0.035757111609,0.036010626419,0.0361489072244,0.0363102348308,0.0364024220344,0.0364139454349,0.0367596474485,0.0369094516544,0.0369670686567,0.0370246856589,0.0372782004689,0.0374740982766,0.037888940693,0.0380502682993,0.0380733151002,0.0383268299102,0.0386840553243,0.039133467942,0.0395022167565,0.0398594421706,0.0402166675847,0.0405854163992,0.0411154928201,0.0414611948337,0.0417608032455,0.0420027946551,0.0424291604719,0.0429246666914,0.043270368705,0.04365064092,0.0440539599359,0.0444227087504,0.0447568873636,0.0451141127777,0.0453215339858,0.0455635253954,0.0459437976104,0.0464969208322,0.0467389122417,0.0472920354635,0.0476262140767,0.0480180096921,0.0484674223098,0.0487670307216,0.0490205455316,0.0494469113484,0.0500346047716,0.0505301109911,0.0509795236088,0.0515556936315,0.051924442446,0.0523738550637,0.0528463144824,0.053065259091,0.0538142801205,0.0542521693378,0.0546209181523,0.0548513861614,0.0554851731863,0.0560152496072,0.0566605600327,0.0574211044626,0.0581125084899,0.0589076231212,0.0595414101462,0.060094533368,0.0609357416011,0.0613621074179,0.0619267540402,0.0625259708638,0.0632519450924,0.0637359279115,0.0646001829455,0.0652339699705,0.0658908037964,0.0666398248259,0.0673888458554,0.0683452880931,0.0693017303308,0.070119891763,0.0706845383853,0.0714220360143,0.0720212528379,0.0729776950756,0.0736114821006,0.0742106989242,0.0747753455464,0.0754782729741,0.0763194812073,0.0773450638477,0.0780940848772,0.0790390037145,0.0796036503367,0.0804333351694,0.0810555987939,0.0821387984366,0.0828762960657,0.0833718022852,0.084408908326,0.0852616399596,0.0861258949937,0.0870362436296,0.0880272560686,0.0893754939218,0.0905278339672,0.0915073230058,0.0925329056462,0.0936506754902,0.0946416879293,0.0957709811738,0.0967504702124,0.0974418742396,0.0984559334796,0.0995045629209,0.100357294554,0.101382877195,0.102419983236,0.103434042476,0.104643999523,0.105738722567,0.106994773216,0.108458245074,0.109725819124,0.111304524986,0.112260967224,0.113367213667,0.114646311118,0.11597150217,0.117181459217,0.118472080068,0.119624420114,0.120569338951,0.121698632195,0.122874019042,0.124130069691,0.125351550139,0.126722834793,0.128578102266,0.130099191126,0.131608756586,0.132887854036,0.134213045089,0.135492142539,0.136955614397,0.138776311668,0.140101502721,0.141438217173,0.142705791223,0.144330590687,0.146093670957,0.147902844828,0.149285652882,0.150818265143,0.152108885994,0.153952630066,0.155635046533,0.157271369397,0.158919215662,0.160336593918,0.161823112576,0.163528575844,0.165187945509,0.166858838575,0.16851820824,0.170488709718,0.172113509182,0.173865066051,0.175593576119,0.177218375583,0.179085166457,0.181101761536,0.182887888607,0.184432024267,0.185895496125,0.187854474202,0.189340992861,0.191127119931,0.192982387404,0.194860701678,0.196220462932,0.198386862217,0.200633925306,0.202224154568,0.204413600655,0.206499336137,0.208458314214,0.210336628488,0.212203419362,0.214024116633,0.216040711713,0.21799968979,0.219889527465,0.221917645944,0.223726819816,0.225824078698,0.228048094986,0.230041643265,0.231793200134,0.233913505817,0.235584398883,0.23753185356,0.239698252845,0.241415239513,0.243466404794,0.245448429672,0.247591782156,0.249331815625,0.250829857684,0.252973210168,0.25480543084,0.256672221714,0.258631199791,0.260578654468,0.262560679346,0.264081768206,0.265994652681,0.267884490356,0.269532336621,0.271364557293,0.273093067361,0.275075092239,0.277149304321,0.279108282398,0.281124877477,0.282887957747,0.284570374213,0.286344977883,0.28854594737,0.290516448848,0.292268005717,0.294169366791,0.295955493862,0.297845331536,0.299827356414,0.301463679279,0.303388087155,0.30528944823,0.307386707112,0.309023029977,0.310832203848,0.312341769308,0.313816764566,0.315579844835,0.317054840093,0.318126516335,0.319728268999,0.321226311058,0.322597595712,0.324383722782,0.326135279651,0.327345236699,0.328589763948,0.330594835627,0.331528231064,0.332749711512,0.334213183369,0.335446187218,0.337105556883,0.338522935139,0.339836602791,0.341426832054,0.342959444314,0.344319205568,0.345748107224,0.347153962079,0.348905518948,0.350530318412,