# R script for Peak Model
#  -- generated by MACS
p <- c(0.0097238904445,0.00997482955275,0.0102634095272,0.0106147242788,0.0109158512087,0.0112671659602,0.0116435746226,0.0119572485079,0.0122458284824,0.0125845962785,0.0128982701638,0.0131868501383,0.013513070979,0.0137640100873,0.014090230928,0.0143286230808,0.0147050317432,0.0149559708514,0.0152947386475,0.0155331308004,0.0158342577303,0.0161353846602,0.0164239646346,0.0166498098321,0.0169007489403,0.0172771576027,0.0175030028001,0.0176661132205,0.0179923340612,0.0182432731694,0.0184691183668,0.0186447757426,0.0189333557171,0.0189584496279,0.019021184405,0.0189208087617,0.0189459026725,0.0188455270292,0.0187576983413,0.0186322287872,0.0186322287872,0.0186824166089,0.0189082618063,0.0190588252712,0.0189960904942,0.0190588252712,0.019021184405,0.0188957148509,0.0189082618063,0.0187576983413,0.0186824166089,0.018657322698,0.0187200574751,0.018657322698,0.0187075105197,0.0186196818318,0.0186322287872,0.0185193061885,0.0185067592331,0.0184942122777,0.0186196818318,0.0186698696534,0.0189208087617,0.0189333557171,0.01887062094,0.0187075105197,0.0186196818318,0.0187075105197,0.0186322287872,0.0185318531439,0.0185820409656,0.0185067592331,0.0183687427236,0.0183185549019,0.0183185549019,0.0182056323032,0.0182056323032,0.0181805383924,0.0182056323032,0.0182181792586,0.0181930853478,0.018230726214,0.0181178036153,0.0181303505707,0.0180299749274,0.0180550688382,0.0180425218828,0.0180425218828,0.0180299749274,0.0180927097045,0.0181428975261,0.0181052566599,0.0181805383924,0.0182432731694,0.0182432731694,0.0183185549019,0.0184189305452,0.0185193061885,0.0186322287872,0.0186824166089,0.0186447757426,0.0186949635643,0.0186196818318,0.0186447757426,0.018657322698,0.0187702452967,0.0186949635643,0.018594587921,0.0185569470547,0.0185820409656,0.0186447757426,0.0187576983413,0.0189082618063,0.0190086374496,0.0189584496279,0.0189584496279,0.0189082618063,0.0189459026725,0.0189709965833,0.0190588252712,0.0190086374496,0.0191466539591,0.0190462783158,0.0191842948253,0.0190964661375,0.0191717478699,0.0191592009145,0.0191341070037,0.0189459026725,0.0189082618063,0.0188957148509,0.0190337313604,0.0191341070037,0.0192219356916,0.0193348582903,0.0193223113349,0.0192595765578,0.0193223113349,0.019447780889,0.019447780889,0.0195230626215,0.0195732504431,0.0197489078189,0.0197614547743,0.0197865486851,0.0197865486851,0.0197865486851,0.0199245651947,0.0199747530163,0.0200625817042,0.0201378634367,0.0202758799462,0.0202256921246,0.0202131451692,0.0203637086341,0.0204640842774,0.020451537322,0.0203762555895,0.020451537322,0.020514272099,0.0205770068761,0.0206522886086,0.0207526642519,0.020878133806,0.020878133806,0.0209032277168,0.0211165259588,0.0211667137805,0.0212670894238,0.0213549181117,0.0215682163537,0.0217815145957,0.0220826415256,0.0223210336784,0.0223586745446,0.0223712215001,0.0223963154109,0.0224841440988,0.0224966910542,0.0226096136529,0.0227601771178,0.0229734753598,0.0231114918694,0.0233247901114,0.0234251657547,0.0235004474872,0.0236635579075,0.0238643091941,0.0240525135253,0.0241403422132,0.0244916569647,0.0244665630539,0.0244289221877,0.0244791100093,0.0245669386972,0.0246171265189,0.0247927838946,0.0247551430284,0.02480533085,0.02480533085,0.0249684412704,0.0251942864678,0.0253197560219,0.0254075847098,0.0254577725315,0.0256961646843,0.025746352506,0.0260600263913,0.0260851203021,0.0262607776779,0.0264615289645,0.0267124680727,0.0269257663147,0.0269508602255,0.0271139706459,0.0273272688879,0.027390003665,0.0275782079961,0.0277538653719,0.0278918818815,0.0278918818815,0.0279420697031,0.0282306496776,0.0284314009642,0.0285443235629,0.028669793117,0.0288579974482,0.0289458261361,0.0289834670023,0.0291214835119,0.0292845939322,0.0295857208621,0.0297111904162,0.0298993947474,0.0299872234353,0.0300625051678,0.0301879747219,0.0302256155881,0.0302381625435,0.0304514607856,0.0305392894734,0.0307149468492,0.0309909798683,0.0311164494224,0.0313297476644,0.0315681398172,0.0318190789255,0.0320072832567,0.032170393677,0.032320957142,0.0325091614732,0.032747553626,0.0329984927342,0.0332117909763,0.033387448352,0.0335756526832,0.0335254648616,0.0338893265685,0.0342657352309,0.0345919560716,0.034817801269,0.0351691160206,0.0354200551288,0.0356960881479,0.0359093863899,0.0361101376765,0.0361728724535,0.0364739993834,0.0366371098038,0.0369758775999,0.0373146453961,0.0375781314597,0.0379921809883,0.0380674627208,0.0383434957399,0.0384438713832,0.0385191531156,0.0386571696252,0.0389081087334,0.0391715947971,0.0393848930391,0.0395730973703,0.0399495060326,0.0400498816759,0.0405768538033,0.040965809421,0.0413171241726,0.0416809858795,0.0420448475865,0.042396162338,0.0427098362233,0.0432117144398,0.0434626535481,0.04397707872,0.0445416917135,0.0449055534205,0.0452317742612,0.0454199785924,0.0457085585669,0.0462857185158,0.0469758010635,0.0475027731908,0.0479921044519,0.048481435713,0.0489833139295,0.0493722695472,0.04991178863,0.0504513077127,0.0508277163751,0.0513546885024,0.0517938319418,0.0521325997379,0.0526470249098,0.0533872952792,0.0541777534701,0.0545792560433,0.0551438690369,0.0557210289859,0.0562981889348,0.0566745975972,0.0573521331894,0.0582429670237,0.0591714417242,0.0598991651381,0.0605014189979,0.0610032972144,0.0618815840933,0.0626218544626,0.0630484509466,0.0636005169848,0.0644035221311,0.0650183229463,0.0659969854685,0.0665490515066,0.0675528079396,0.0683307191752,0.0690082547674,0.0695226799393,0.0702253094424,0.0713419884741,0.0722077283976,0.0732616726522,0.0739643021553,0.0749429646774,0.0758087046009,0.0769128366772,0.0778036705114,0.0787446921673,0.0795351503583,0.0806016415684,0.0814046467147,0.082446044014,0.0835501760902,0.0843280873258,0.0852816559371,0.0862603184593,0.0871009644719,0.088167455682,0.0893217755799,0.090024405083,0.0907897693631,0.0922326692355,0.0932489726239,0.0947922481396,0.0960720375917,0.0973392800883,0.0985186938971,0.0999239529032,0.101241383222,0.102270233565,0.103662945616,0.105118392444,0.106410728851,0.107665424393,0.109070683399,0.110538677182,0.111981577054,0.113324101284,0.114716813334,0.115833492366,0.116824701844,0.118367977359,0.120250020671,0.121818390098,0.123273836925,0.12479201853,0.126272559269,0.127615083498,0.128857232084,0.130212303268,0.13176812574,0.134001483803,0.135632588007,0.137640100873,0.139183376388,0.140789386681,0.142458131751,0.144340175063,0.145745434069,0.14760238347,0.149246034629,0.150914779699,0.152746635189,0.154716507189,0.156611097456,0.158066544284,0.159622366755,0.161291111825,0.163511922933,0.165168121047,0.16693724176,0.168618533785,0.170789157072,0.173085249912,0.175243326243,0.177163010421,0.179383821529,0.181516803949,0.18351176986,0.185619658369,0.187413872993,0.189421385859,0.191529274368,0.193386223769,0.195280814036,0.197451437323,0.19950913801,0.201554291743,0.203348506367,0.204741218417,0.206911841704,0.209170293678,0.211152712633,0.212821457703,0.214753688836,0.216748654747,0.218831449345,0.220838962211,0.222833928122,0.224640689701,0.226685843433,0.22885646672,0.230926714363,0.233335729802,0.235330695712,0.237375849445,0.239584113597,0.241679455151,0.243536404552,0.245405900908,0.247476148551,0.249747147481,0.252043240321,0.254013112321,0.256610332092,0.259044441442,0.261779677721,0.263573892345,0.265644139988,0.267701840676,0.270286513491,0.272582606331,0.274853605261,0.276986587681,0.279458337897,0.281628961184,0.283561192317,0.285455782584,0.287751875425,0.289872310889,0.291716713335,0.293849695755,0.296208523373,0.298328958837,0.300135720417,0.302331437614,0.30464007741,0.306534667677,0.308567274454,0.310298754301,0.312356454988,0.314727829561,0.316459309408,0.318228430121,0.320185755165,0.322469301051,0.324614830426,0.326609796337,0.328780419623,0.330925948998,0.333084025329,0.335104085151,0.33707395715,0.338629779622,0.341026248105,0.343297247035,0.345041273837,0.346684924996,0.348416404843,0.350348635977,0.352331054932,0.35425073911,0.355718732893,0.35745021274,0.359482819517,0.361603254981,0.364012270421,0.365781391134,