# R script for Peak Model
#  -- generated by MACS
p <- c(0.00729105973734,0.00748084871098,0.00771808492804,0.00790787390168,0.00812929437092,0.00839816208358,0.00857213530942,0.00882518727427,0.00922058096935,0.00953689592542,0.00988484237709,0.0102486045766,0.0104858407936,0.0107072612629,0.0110077604711,0.0112924439316,0.0115771273921,0.0118618108525,0.0121781258086,0.0123204675388,0.0126842297383,0.0130163604422,0.0132852281548,0.0135224643719,0.0136806218499,0.0139020423191,0.0142183572752,0.0145821194747,0.0149458816742,0.0152305651346,0.0154678013517,0.0155310643429,0.0154994328473,0.0155152485951,0.0154203541083,0.0155152485951,0.0154678013517,0.0154994328473,0.0156101430819,0.0156101430819,0.0156734060731,0.0156892218209,0.0156259588297,0.0155785115863,0.0156259588297,0.0156892218209,0.0156892218209,0.0157208533165,0.0158631950468,0.0160529840204,0.0162111414984,0.0164483777155,0.0164800092111,0.0165274564545,0.0164958249589,0.0164958249589,0.0166223509413,0.0165749036979,0.0166539824369,0.0166223509413,0.0166223509413,0.0166065351935,0.0166223509413,0.0166856139325,0.0166697981847,0.016812139915,0.0167646926716,0.0166697981847,0.0167805084194,0.0167646926716,0.0165907194457,0.0164641934633,0.0163218517331,0.0161795100028,0.0161320627594,0.016163694255,0.016163694255,0.0161162470116,0.0160687997682,0.0160371682726,0.0158790107946,0.0159106422902,0.0156734060731,0.0156259588297,0.0156259588297,0.0156575903253,0.0156734060731,0.0157050375687,0.0156892218209,0.0156259588297,0.0154678013517,0.0154519856039,0.0153412753693,0.0153254596214,0.015278012378,0.0152147493868,0.0151198549,0.0150091446654,0.015040776161,0.0149142501786,0.0147719084483,0.0147560927005,0.0146453824659,0.0145821194747,0.0146137509703,0.0146137509703,0.0145979352225,0.0145504879791,0.0144397777445,0.0144714092401,0.014392330501,0.0141392785362,0.0140127525538,0.0139020423191,0.0139336738148,0.0138862265713,0.0139494895626,0.0139336738148,0.0140443840494,0.0141709100318,0.0142025415274,0.014313251762,0.0143290675098,0.0145346722313,0.0144714092401,0.0144239619967,0.0145030407357,0.0145346722313,0.0146611982137,0.0147086454571,0.0147244612049,0.0147402769527,0.0147560927005,0.0148035399439,0.0148984344308,0.0149142501786,0.0149933289176,0.0149933289176,0.0149933289176,0.015040776161,0.014961697422,0.014882618683,0.015040776161,0.0151040391522,0.0152463808824,0.0152463808824,0.0152621966302,0.015278012378,0.0153254596214,0.0153096438736,0.0151673021434,0.0151040391522,0.0151040391522,0.0150249604132,0.0152463808824,0.0151831178912,0.0151673021434,0.015198933639,0.0153412753693,0.0153729068649,0.0153570911171,0.0154836170995,0.0156101430819,0.0156417745775,0.0157683005599,0.0159422737858,0.0159422737858,0.0159897210292,0.0159897210292,0.0159897210292,0.0160371682726,0.0160213525248,0.016163694255,0.0162744044896,0.0162902202375,0.0163060359853,0.0164641934633,0.0166381666891,0.0166223509413,0.0166539824369,0.0165590879501,0.0164958249589,0.0165432722023,0.0165432722023,0.0166065351935,0.0165116407067,0.0166856139325,0.0167488769237,0.0167488769237,0.0166539824369,0.0166697981847,0.016812139915,0.0168754029062,0.0169070344018,0.0168595871584,0.0169544816452,0.016970297393,0.0170968233754,0.0171126391232,0.0171442706188,0.0170335603842,0.0169861131408,0.0171759021144,0.0174605855749,0.0175396643139,0.0176820060441,0.0177927162788,0.0178876107656,0.0179666895046,0.0179825052524,0.0180299524958,0.0181090312348,0.0182513729651,0.0183937146953,0.0184727934343,0.0187574768948,0.0187574768948,0.018899818625,0.0189630816162,0.0190737918508,0.0191528705899,0.0192635808245,0.0195166327893,0.019627343024,0.0196906060152,0.0198487634932,0.0199120264844,0.01994365798,0.0200701839625,0.0202757886839,0.0204497619097,0.0206395508834,0.0207818926136,0.020987497335,0.0210191288307,0.0211456548131,0.0213670752823,0.0216201272472,0.0216675744906,0.0217782847252,0.0220629681857,0.0222685729071,0.0224899933764,0.0227430453412,0.0231226232885,0.0232807807665,0.0233914910012,0.0237552532006,0.0238185161918,0.0240715681567,0.0242139098869,0.0244985933474,0.0245776720864,0.0246409350776,0.0248307240513,0.0249572500337,0.0255108012068,0.0257480374239,0.0258745634063,0.0260959838755,0.0264439303272,0.0266969822921,0.0271556389784,0.0274877696822,0.0278040846383,0.02815203109,0.0281836625856,0.0283260043158,0.0286265035241,0.0287213980109,0.0289428184801,0.029195870445,0.0295596326445,0.0299550263395,0.030318788539,0.0306983664863,0.0311728389204,0.0313784436418,0.0314258908853,0.0318845475716,0.032248309771,0.0325646247271,0.0330865444046,0.0333395963695,0.0337033585689,0.0340829365162,0.0344783302113,0.0347313821762,0.0350476971322,0.0356328798009,0.0360599049916,0.0363920356955,0.036834876634,0.0371986388335,0.0376889270154,0.0381317679539,0.038527161649,0.0389067395962,0.039412843526,0.0399031317079,0.0402510781595,0.0406622876024,0.0410734970453,0.0416744954618,0.0421331521481,0.0426867033212,0.0429713867817,0.0435407537026,0.0440943048757,0.044394804084,0.0450590654917,0.0455651694215,0.0461187205946,0.0464666670462,0.047130928454,0.0476054008881,0.0480324260788,0.0487757662255,0.0492502386596,0.0498354213284,0.0504522354927,0.0511639441438,0.0519072842906,0.0525557299505,0.0530934653758,0.0537577267836,0.0543745409479,0.0549755393644,0.0559244842326,0.056620377136,0.057506059013,0.05839174089,0.0591192652889,0.0599416841747,0.0607008400693,0.0614283644682,0.062329862093,0.0632471754656,0.0640695943514,0.0649710919762,0.066030747079,0.0667740872257,0.0678970053198,0.0691148179006,0.0698581580474,0.0709019974024,0.0715978903058,0.0729264131213,0.0736223060246,0.0748084871098,0.0760104839429,0.0765482193682,0.077528795732,0.0787307925651,0.0799169736503,0.0808975500141,0.0818939421258,0.0827479925071,0.0841397783138,0.0852152491645,0.0863381672585,0.0872712963789,0.0886472664378,0.0899916050011,0.0915099167902,0.0929175183447,0.0939771734475,0.0950368285503,0.096270456879,0.0975040852077,0.0987693450319,0.100208578082,0.101790152862,0.10324520166,0.104668618963,0.106297640986,0.107610348054,0.109413343304,0.111121444066,0.112924439316,0.114158067645,0.115708010929,0.117700795153,0.118981870725,0.12045273527,0.122271546268,0.123615884831,0.125323985594,0.126842297383,0.128756002867,0.130543182369,0.132425256357,0.134196620111,0.136015431109,0.137770979115,0.139415816887,0.141487679849,0.143433016829,0.145172749087,0.146912481345,0.148778739586,0.15069244507,0.152558703311,0.154678013517,0.156291219793,0.157841163077,0.159770684309,0.16163694255,0.16394604173,0.165559248005,0.167789268446,0.169750421173,0.171917178622,0.174178830558,0.176234877773,0.178259293492,0.180204630471,0.182656071381,0.185313117012,0.188159951616,0.1904374193,0.19266743974,0.195055617659,0.197538690064,0.199958499478,0.202267598657,0.204292014376,0.206363877338,0.209036738717,0.211915204817,0.214255935492,0.216786455141,0.219680736989,0.221657705464,0.224014251887,0.226449877048,0.229106922679,0.231510916345,0.234136330481,0.236714297373,0.238628002857,0.240858023297,0.24400535711,0.246614955498,0.248781712947,0.251296416847,0.253210122332,0.255535037259,0.258176267142,0.260374656087,0.262731202509,0.265024485941,0.267238690633,0.26978502603,0.272189019696,0.274529750371,0.277360769227,0.280429024301,0.282864649463,0.285363537616,0.2876410053,0.290361313922,0.293081622544,0.295248379993,0.298016135859,0.300356866533,0.303409305859,0.305686773543,0.308438713661,0.310779444336,0.313230885245,0.316172614337,0.318734765481,0.321423442607,0.323384595335,0.326057456714,0.32896755431,0.331656231436,0.334107672346,0.336353508534,0.338441187244,0.340528865954,0.342537465925,0.344894012348,0.347298006014,0.349860157158,0.352279966572,0.354557434256,0.356913980678,0.35934960584,0.361389837307,0.363461700269,0.3661187459,0.36849110807,0.37080020725,0.373583778863,0.375196985139,0.377521900066,0.379657026019,0.381981940947,0.383753304701,0.385904246402,0.388687818015,0.390728049482,0.392562676227,0.394587091946,0.396579876169,0.398857343853,