# R script for Peak Model
#  -- generated by MACS
p <- c(0.0328500229184,0.0339186941024,0.0351035251978,0.0363115882754,0.037612579282,0.0387509464129,0.0396337617388,0.0407488968874,0.0417478721247,0.0426074554684,0.0437922865637,0.0451165095526,0.0462781086657,0.0474397077788,0.0484386830161,0.049321498342,0.0502740096148,0.0514356087279,0.0525507438765,0.0538981988476,0.0550133339962,0.0559193813044,0.0570112844707,0.0581496516016,0.0594041786437,0.0605890097391,0.0615182890296,0.0625637282313,0.0637253273444,0.0649798543866,0.0660252935884,0.0658859016948,0.0657000458367,0.0660020616061,0.0664434692691,0.0664434692691,0.0664434692691,0.0666060931449,0.066257613411,0.0664667012513,0.0666060931449,0.0669313408966,0.0669313408966,0.0670939647724,0.0673727485596,0.067233356666,0.0671868927015,0.0673727485596,0.0673959805418,0.0677444602757,0.0677212282935,0.0680232440629,0.0679767800984,0.0684181877613,0.0680232440629,0.0679070841516,0.0680232440629,0.0684414197436,0.0688363634421,0.0690222193002,0.0692313071405,0.0692545391228,0.069277771105,0.0694403949809,0.0693939310163,0.0690222193002,0.0688363634421,0.0690454512824,0.0694403949809,0.0695100909277,0.069626250839,0.0697424107503,0.0695100909277,0.069184843176,0.0690222193002,0.0692080751583,0.0693010030873,0.0693010030873,0.0694403949809,0.069184843176,0.0691151472292,0.0688363634421,0.0689060593888,0.0689989873179,0.0689525233534,0.0688828274066,0.0689757553356,0.0690686832647,0.0693242350696,0.069277771105,0.0692545391228,0.069184843176,0.0691151472292,0.0691616111937,0.0693010030873,0.0693242350696,0.0690919152469,0.0691616111937,0.0689525233534,0.0690222193002,0.0693474670518,0.0689989873179,0.0689757553356,0.0689060593888,0.0690454512824,0.0690222193002,0.0688363634421,0.0688595954243,0.0689060593888,0.068650507584,0.068650507584,0.0682555638855,0.0683252598323,0.0684414197436,0.0685575796549,0.0681161719919,0.0683949557791,0.0686737395662,0.0685343476727,0.0686969715485,0.0683484918146,0.068209099921,0.0683252598323,0.0685343476727,0.0687202035308,0.0686040436194,0.0684646517259,0.068743435513,0.068743435513,0.0686737395662,0.0685343476727,0.0684181877613,0.0683252598323,0.0684414197436,0.0685808116372,0.0686040436194,0.0684414197436,0.06830202785,0.0682787958678,0.0683949557791,0.0682555638855,0.06830202785,0.0684878837081,0.068650507584,0.068650507584,0.0686737395662,0.0686040436194,0.0684878837081,0.068209099921,0.0681161719919,0.0680232440629,0.0681394039742,0.0680697080274,0.0681626359565,0.0683949557791,0.0686969715485,0.0683484918146,0.0681858679387,0.0682323319032,0.0683252598323,0.0683252598323,0.0683949557791,0.0688595954243,0.0690222193002,0.0689757553356,0.0689757553356,0.068743435513,0.0687898994775,0.0685343476727,0.0684181877613,0.0682323319032,0.0683252598323,0.068209099921,0.0684414197436,0.0684646517259,0.0681161719919,0.0679767800984,0.0683484918146,0.0681161719919,0.0678838521693,0.0680000120806,0.067674764329,0.0679535481161,0.0679767800984,0.0679070841516,0.0677444602757,0.0676283003644,0.067674764329,0.0679535481161,0.0680000120806,0.0679303161338,0.0678373882048,0.0679535481161,0.0678373882048,0.0679070841516,0.067767692258,0.0677444602757,0.067767692258,0.0679535481161,0.0676050683822,0.0674424445063,0.0675586044177,0.0675353724354,0.0676979963112,0.0676050683822,0.0675818363999,0.0676283003644,0.067674764329,0.0678141562225,0.0679767800984,0.0680464760452,0.0677909242403,0.0678606201871,0.0679070841516,0.0682555638855,0.0682787958678,0.0682323319032,0.0680464760452,0.0683949557791,0.0684414197436,0.0685343476727,0.0681161719919,0.0686272756017,0.0682323319032,0.0676515323467,0.0675121404531,0.0676050683822,0.0673727485596,0.0676050683822,0.0674656764886,0.067674764329,0.0677212282935,0.067767692258,0.0678606201871,0.0681161719919,0.0681161719919,0.0682323319032,0.0683252598323,0.0683252598323,0.0679303161338,0.0677212282935,0.0679070841516,0.0676979963112,0.0675586044177,0.0672101246837,0.0673495165773,0.0673727485596,0.0674656764886,0.0675586044177,0.0674192125241,0.0671404287369,0.0673727485596,0.0677444602757,0.0675818363999,0.0674889084709,0.0677444602757,0.067767692258,0.0680000120806,0.0680697080274,0.06830202785,0.0686737395662,0.0690686832647,0.0692545391228,0.0693939310163,0.0698353386793,0.0700676585019,0.0700444265197,0.0698121066971,0.0699050346261,0.0697888747148,0.0700444265197,0.0701838184133,0.0704626022004,0.0708110819343,0.0709272418456,0.0709737058102,0.0709040098634,0.0708807778811,0.0710434017569,0.0709969377924,0.071229257615,0.0715312733844,0.0713686495086,0.0717171292425,0.0717635932071,0.0719494490652,0.0725070166394,0.0726696405153,0.073087816196,0.0736453837703,0.0736686157525,0.0740170954865,0.0743655752204,0.0748534468479,0.0753180864931,0.0755504063158,0.0759453500142,0.0763635256949,0.0766190774998,0.0767584693934,0.0772231090386,0.0778736045419,0.0784544040985,0.0788261158147,0.0791281315841,0.0796624671761,0.0802664987149,0.0807776023247,0.0811957780054,0.0815210257571,0.0818230415265,0.0822179852249,0.082938176675,0.0829614086573,0.0828220167637,0.0831704964977,0.0830311046041,0.0831704964977,0.0836583681252,0.0840533118236,0.0844482555221,0.0847270393092,0.0849593591318,0.0851684469722,0.085772478511,0.0860047983336,0.0860977262627,0.0861674222094,0.0865855978902,0.0868179177128,0.0870502375354,0.08781689295,0.0878633569146,0.0881886046662,0.0883976925066,0.0885835483647,0.0888158681873,0.0888158681873,0.0888855641341,0.0893037398148,0.0895128276552,0.0899542353181,0.0901400911762,0.0903491790166,0.0905814988392,0.090744122715,0.090744122715,0.0907208907328,0.090744122715,0.0911390664135,0.0911158344312,0.0907673546973,0.0913016902893,0.0914178502006,0.0918360258814,0.0916734020055,0.0917663299346,0.0919521857927,0.091626938041,0.0915107781297,0.091534010112,0.0919289538104,0.0920451137217,0.0921845056153,0.0921845056153,0.0922774335443,0.0925562173315,0.0923935934556,0.092161273633,0.0920451137217,0.0919289538104,0.0914410821829,0.0915572420942,0.0912552263248,0.0907673546973,0.0905350348747,0.0905350348747,0.0904188749634,0.0906744267683,0.0903956429811,0.090116859194,0.0900006992827,0.0897916114423,0.0896057555842,0.089582523602,0.0894198997261,0.0891643479212,0.0892805078325,0.0890249560277,0.0889320280986,0.0887694042228,0.0886764762937,0.088258300613,0.0879795168259,0.0880027488081,0.0880724447549,0.0878633569146,0.0876542690742,0.087631037092,0.0879098208791,0.0877704289855,0.0875613411452,0.0874684132161,0.0871663974467,0.0870037735709,0.0870037735709,0.0869805415886,0.0869805415886,0.0872360933935,0.0872593253758,0.0870967014999,0.0866785258192,0.0865391339256,0.086655293837,0.0859118704046,0.0855169267061,0.0851916789544,0.0853775348125,0.085331070848,0.0852149109367,0.0850755190431,0.0850987510254,0.0853078388658,0.0848199672383,0.0845644154334,0.0844250235398,0.0841462397527,0.0839836158768,0.0837280640719,0.0837048320897,0.0838442239833,0.0836119041606,0.0840068478591,0.0844017915575,0.0840300798414,0.084262399664,0.084262399664,0.0842391676817,0.0842391676817,0.0839836158768,0.0839603838946,0.0844017915575,0.0845411834511,0.0845411834511,0.0845179514689,0.0844714875043,0.084355327593,0.0843088636285,0.0840997757881,0.0837745280365,0.0838442239833,0.0837745280365,0.0838442239833,0.0842159356994,0.0844482555221,0.0842159356994,0.0837745280365,0.0833563523558,0.083286656409,0.083286656409,0.0832401924444,0.0829149446928,0.0832401924444,0.0830311046041,0.082938176675,0.0830775685686,0.0833563523558,0.0830078726218,0.0833331203735,0.0835422082139,0.0829846406396,0.0834028163203,0.0832634244267,0.0834028163203,0.0831240325331,0.0832169604622,0.0833563523558,0.0838442239833,0.0836119041606,0.0836351361429,0.0833098883912,0.0832401924444,0.0833563523558,0.0832169604622,0.0826826248702,0.0827987847815,0.0828684807283,0.0830078726218,0.0834260483025,0.0834028163203,0.0834957442493,0.0835654401961,0.0836119041606,0.0836583681252,0.0837512960542,0.0837745280365,0.0842159356994,0.0842391676817,0.0845179514689,0.0850522870609,