# R script for Peak Model
#  -- generated by MACS
p <- c(0.0334367791343,0.0345145947254,0.0356169061254,0.0366702259077,0.0375765708366,0.0387278738544,0.0395607313567,0.0403935888589,0.0413979170234,0.0423042619523,0.0432351026901,0.0442639266635,0.0452927506368,0.046370566228,0.0477178357169,0.0489671219703,0.0498979627081,0.0509512824903,0.0520290980815,0.0526659891126,0.0535478382326,0.0544051915438,0.0556299819882,0.0569527556683,0.0580795628772,0.0593288491306,0.0603086814861,0.0616069593573,0.0628317498018,0.063885069584,0.0650118767929,0.0649873809841,0.0648649019396,0.0649138935574,0.0648649019396,0.0648159103218,0.0647424228952,0.0649383893663,0.0652323390729,0.0653058264996,0.0652323390729,0.0653793139263,0.0654772971618,0.0655262887796,0.0655997762063,0.0656242720152,0.0657222552507,0.0657467510596,0.0660407007663,0.066114188193,0.0662121714285,0.066114188193,0.0661631798108,0.0665306169441,0.0670205331219,0.0675839367263,0.0676819199619,0.0680738529041,0.0682698193753,0.0686127606997,0.0686862481264,0.0686372565086,0.0685147774641,0.068759735553,0.0689312062153,0.0690291894508,0.0693966265842,0.0694701140108,0.0698130553353,0.070107005042,0.0700090218064,0.0702049882775,0.0702784757042,0.070327467322,0.0703029715131,0.0703029715131,0.0700090218064,0.0698375511442,0.0700335176153,0.0703029715131,0.0702784757042,0.0706459128375,0.0710378457798,0.071209316442,0.0709398625442,0.0707194002642,0.0709398625442,0.0708418793087,0.0710868373976,0.0708418793087,0.0708418793087,0.0707194002642,0.0707438960731,0.0704989379842,0.0705724254109,0.0702049882775,0.0701315008509,0.069886542762,0.0699600301886,0.0700580134242,0.0701315008509,0.0699110385709,0.0697640637175,0.0692986433486,0.0692006601131,0.0692741475397,0.0693476349664,0.0691271726864,0.0691761643042,0.0689801978331,0.0690291894508,0.0690046936419,0.0692251559219,0.0697150720997,0.069886542762,0.0696905762908,0.0694946098197,0.0696905762908,0.0695436014375,0.069445618202,0.0695680972464,0.0694211223931,0.0693966265842,0.0694946098197,0.0695436014375,0.0692251559219,0.0692006601131,0.0692986433486,0.0693966265842,0.0693231391575,0.0692741475397,0.0692741475397,0.0693721307753,0.069445618202,0.0696415846731,0.0700335176153,0.0704009547486,0.0702539798953,0.0703519631309,0.0704744421753,0.0707438960731,0.0703029715131,0.0702539798953,0.0704744421753,0.070327467322,0.0702784757042,0.0704744421753,0.0707438960731,0.0703764589398,0.0704744421753,0.0702294840864,0.070327467322,0.0701559966598,0.0705234337931,0.0705724254109,0.0706704086464,0.0706949044553,0.0709153667353,0.0710133499709,0.0710623415887,0.0709153667353,0.0708663751175,0.0706459128375,0.0706949044553,0.070547929602,0.0708663751175,0.0708173834998,0.0704254505575,0.0706214170287,0.0708663751175,0.0707194002642,0.0705724254109,0.0703519631309,0.070107005042,0.0700335176153,0.0697885595264,0.0692741475397,0.0692741475397,0.0690291894508,0.0685882648908,0.0684902816553,0.0682453235664,0.0678288948152,0.0680493570952,0.0680738529041,0.0679268780508,0.0680738529041,0.0681228445219,0.067877886433,0.067657424153,0.0673634744463,0.0674614576819,0.0675349451086,0.067216499593,0.0673879702552,0.0675594409175,0.0674614576819,0.0671675079752,0.0668735582685,0.0667020876063,0.066775575033,0.0666530959885,0.0665061211352,0.066775575033,0.0668735582685,0.0668735582685,0.0665796085619,0.0667510792241,0.0668000708419,0.066334650473,0.066555112753,0.0664571295174,0.066775575033,0.0667510792241,0.0670205331219,0.0668245666508,0.066775575033,0.0666775917974,0.0666775917974,0.0664326337085,0.0661631798108,0.066114188193,0.0661876756196,0.0659917091485,0.0663591462819,0.0663836420908,0.0666775917974,0.0665061211352,0.0664816253263,0.0665061211352,0.0662611630463,0.0662611630463,0.0664816253263,0.066775575033,0.0669715415041,0.0671185163574,0.0672654912108,0.0673144828286,0.0678043990064,0.0679268780508,0.0677064157708,0.0677064157708,0.0678288948152,0.0681473403308,0.0683678026108,0.0679513738597,0.0679758696686,0.0679758696686,0.0677554073886,0.0679268780508,0.0679268780508,0.0679513738597,0.0681718361397,0.0679023822419,0.0677064157708,0.0681228445219,0.0682208277575,0.0679513738597,0.0679513738597,0.0679268780508,0.0680003654775,0.0684657858464,0.068539273273,0.0688822145975,0.0687352397442,0.0688087271708,0.0690291894508,0.0688822145975,0.0691516684953,0.0691271726864,0.0694211223931,0.0698130553353,0.0700090218064,0.070327467322,0.0703519631309,0.0706214170287,0.070768391882,0.0709153667353,0.0710378457798,0.0710623415887,0.0711603248242,0.0719196948998,0.0722381404154,0.0727770482109,0.0730220062998,0.0734629308598,0.0733894434332,0.0740263344643,0.0741978051265,0.0748836877754,0.0751776374821,0.0757655368955,0.076304444691,0.0765004111622,0.0769413357222,0.0771862938111,0.0775537309444,0.0780681429311,0.0782886052111,0.0788275130067,0.0789010004333,0.0791214627133,0.0800278076423,0.0805422196289,0.0810566316156,0.0809586483801,0.0809831441889,0.0813995729401,0.0819139849267,0.0822814220601,0.0826978508112,0.0832857502246,0.0837511705935,0.0840941119179,0.084290078389,0.0847799945668,0.085196423318,0.0850739442735,0.0850249526557,0.0852454149357,0.0854903730246,0.085637347878,0.085857810158,0.0861027682469,0.0861762556735,0.0861272640558,0.0866661718513,0.0868376425136,0.0868621383224,0.0873520545002,0.0875725167802,0.0877929790602,0.0879399539136,0.087841970678,0.0878664664869,0.0875970125891,0.0878664664869,0.0879644497225,0.087841970678,0.0877929790602,0.0877684832514,0.0881604161936,0.088282895238,0.0879889455314,0.0880134413403,0.0879399539136,0.0877684832514,0.0876460042069,0.0878664664869,0.0875480209714,0.087621508398,0.0874500377358,0.0874500377358,0.0873030628825,0.0872050796469,0.087180583838,0.0869846173669,0.0868866341313,0.0864212137624,0.0863477263358,0.086298734718,0.0862252472913,0.0862007514824,0.0864702053802,0.0861272640558,0.0858333143491,0.0856128520691,0.0857598269224,0.0859312975846,0.0859312975846,0.0858088185402,0.0856128520691,0.0852209191268,0.0845350364779,0.0844125574335,0.0843635658157,0.0838736496379,0.0836776831668,0.0834817166957,0.0834572208868,0.0837756664024,0.0838981454468,0.0838246580201,0.0837756664024,0.0837021789757,0.0837021789757,0.0837266747846,0.0836776831668,0.0833347418423,0.0831387753712,0.0829428089001,0.0829428089001,0.0831387753712,0.0827223466201,0.0824039011045,0.0824773885312,0.0823304136779,0.082746842429,0.082746842429,0.0824528927223,0.0826733550023,0.0827958340468,0.0831142795623,0.0833592376512,0.0833347418423,0.0834327250779,0.0835796999312,0.0834572208868,0.0839716328735,0.0841431035357,0.0838981454468,0.084069616109,0.0844125574335,0.0845350364779,0.0844125574335,0.0845595322868,0.0846820113313,0.0848044903757,0.0847310029491,0.0847310029491,0.0852454149357,0.0852209191268,0.0850494484646,0.0849024736113,0.0851229358913,0.0848044903757,0.0851719275091,0.0851719275091,0.085416885598,0.0855148688335,0.0856128520691,0.0859557933935,0.0856128520691,0.085637347878,0.0857108353046,0.0859068017758,0.0856128520691,0.0856128520691,0.0859068017758,0.0857843227313,0.0857598269224,0.0857353311135,0.0856128520691,0.0857108353046,0.0857598269224,0.0857598269224,0.085857810158,0.0854903730246,0.0854903730246,0.0854903730246,0.0858333143491,0.0859068017758,0.086298734718,0.086078272438,0.0857353311135,0.0862497431002,0.0863477263358,0.0863477263358,0.0864702053802,0.0861762556735,0.0862007514824,0.0863722221447,0.0862497431002,0.0861762556735,0.0860292808202,0.0859312975846,0.0859557933935,0.0862007514824,0.0862742389091,0.0860292808202,0.0858333143491,0.085857810158,0.0861272640558,0.0858823059669,0.0853189023624,0.0850249526557,0.085196423318,0.0850249526557,0.0847310029491,0.0843390700068,0.0844125574335,0.0844125574335,0.0843880616246,0.0841920951535,0.0844860448602,0.0844615490513,0.0843635658157,0.0842655825801,0.0841920951535,0.0844615490513,0.0843390700068,0.0845350364779,0.0847065071402,0.0844615490513,0.0847554987579,0.0850984400824,0.0857843227313,0.0859557933935,0.0864947011891,