# R script for Peak Model
#  -- generated by MACS
p <- c(0.00667171905884,0.00687074569743,0.00708707900025,0.00725149231039,0.00747647894532,0.00764954558757,0.00783126556194,0.0079437588794,0.00811682552165,0.00834181215658,0.00852353213095,0.00872255876954,0.00888697207968,0.00906003872193,0.00923310536418,0.00942347867066,0.0095878919808,0.00974365195883,0.00991671860108,0.0100897852433,0.0103234252104,0.0105311051811,0.0107128251554,0.0108599318014,0.0109810784509,0.0111454917611,0.0113012517391,0.0114656650492,0.0115868116988,0.0117252650126,0.0119156383191,0.0120367849687,0.0121579316183,0.0123223449284,0.0124954115706,0.0127030915414,0.0127463582019,0.0127463582019,0.0128069315267,0.0128242381909,0.0128415448552,0.012832891523,0.0128415448552,0.0128761581836,0.0128848115157,0.0129540381726,0.0129540381726,0.0130232648295,0.0130059581653,0.0129713448368,0.0129626915047,0.0129107715121,0.0129540381726,0.0129713448368,0.0128848115157,0.0129367315084,0.0130146114974,0.0130665314901,0.013057878158,0.0130924914864,0.0131963314718,0.0132309448002,0.0132569047966,0.0132569047966,0.0132049848039,0.013213638136,0.0132222914681,0.0131617181433,0.0131184514828,0.0130924914864,0.0130059581653,0.0130232648295,0.0129453848405,0.0129367315084,0.0129107715121,0.0130146114974,0.0130059581653,0.0129886515011,0.0129367315084,0.0129626915047,0.0130319181616,0.0129973048332,0.0130232648295,0.0130665314901,0.0131790248075,0.0132569047966,0.013291518125,0.0133434381177,0.0134040114425,0.0134386247709,0.0134732380994,0.0135597714205,0.0135165047599,0.0135857314168,0.0136116914132,0.013750144727,0.0138366780481,0.0138885980408,0.0139578246977,0.0139924380261,0.0140876246794,0.0140876246794,0.0141049313436,0.0142433846574,0.0142779979859,0.0144077979675,0.0144856779566,0.0144683712923,0.0144597179602,0.0145549046135,0.0145722112777,0.0146500912667,0.0146327846025,0.0147452779199,0.0148318112411,0.014901037898,0.0149529578906,0.0150394912118,0.0150914112044,0.0151779445256,0.0152558245146,0.0152990911751,0.0153250511715,0.0153423578357,0.0153510111678,0.0153856244963,0.0154202378247,0.0154461978211,0.0154461978211,0.0154461978211,0.0154115844926,0.0154635044853,0.0154548511532,0.0154461978211,0.0154635044853,0.0155240778101,0.0156019577991,0.0155586911385,0.0156884911202,0.015826944434,0.0159480910836,0.016129811058,0.0161903843827,0.0163547976929,0.0163894110213,0.0164759443425,0.0165278643351,0.0165884376599,0.0165797843278,0.0166922776453,0.0168826509518,0.0170816775903,0.0170643709261,0.0171249442509,0.0172028242399,0.0172460909005,0.0171941709078,0.0171855175757,0.0171768642436,0.0172028242399,0.0172028242399,0.0173153175574,0.0174105042106,0.0174191575427,0.017514344196,0.0175056908639,0.0175835708529,0.0176268375134,0.0176095308492,0.0176181841813,0.0177047175025,0.0177566374951,0.0178604774805,0.0180335441227,0.0181200774439,0.0181719974365,0.0183883307394,0.0183710240751,0.0184662107284,0.0186219707064,0.0187085040275,0.018820997345,0.0188902240019,0.0189161839982,0.019054637312,0.019132517301,0.0192277039543,0.0194180772608,0.0195478772424,0.019746903881,0.0199805438481,0.0200324638408,0.0201795704867,0.020283410472,0.0205430104354,0.0207160770777,0.020975677041,0.0211400903512,0.0214169969788,0.0215035302999,0.0217631302633,0.021892930245,0.0221957968689,0.0223429035148,0.0225159701571,0.0226544234709,0.0228794101058,0.0232341967224,0.0233726500362,0.0236409033317,0.0237620499813,0.0239437699557,0.0240908766016,0.0240735699374,0.0242466365796,0.0243850898934,0.0246793031852,0.0248091031669,0.0249389031486,0.0250773564624,0.02535426309,0.0255879030571,0.025735009703,0.02596864967,0.0262109429692,0.0264878495968,0.0266089962464,0.0267647562244,0.0270070495235,0.0273358761438,0.0276647027641,0.0279502627238,0.0282358226835,0.028504075979,0.0287809826066,0.0292049958801,0.0295424758325,0.0299145691134,0.0302087824052,0.0305722223539,0.0309270089706,0.0312731422551,0.0315413955506,0.0319481021599,0.0323375021049,0.0326922887215,0.0330297686739,0.0333153286337,0.0335662752649,0.03395567521,0.0343018084945,0.0345441017936,0.034881581746,0.0351498350415,0.0355219283224,0.0360930482418,0.0364564881905,0.0369410747888,0.0373564347303,0.0376506480221,0.0378842879891,0.0381958079452,0.0383861812517,0.0388880745142,0.0392861277914,0.0396495677401,0.0400476210173,0.0405149009514,0.0408869942322,0.0413802341626,0.0418129007683,0.0421244207243,0.0425224740015,0.0431109005852,0.0436993271688,0.0442098737635,0.0448415670077,0.0454992202482,0.0459318868539,0.046399166788,0.0469875933716,0.0475327532947,0.0481990598674,0.0488999797685,0.0495662863412,0.050241246246,0.0508729394902,0.0513921394169,0.0520930593181,0.0526555259054,0.0534516324598,0.0541698590251,0.0547582856088,0.0555284321668,0.0563504987175,0.0569216186369,0.0577090718592,0.0585224850778,0.0593532049606,0.0602531515003,0.06115309804,0.0619578579265,0.0626587778276,0.0636019910279,0.0645105908997,0.0654884174284,0.0663104839791,0.0671844705225,0.0681017237265,0.068915136945,0.0699535367986,0.0706111900391,0.0716063232321,0.072445696447,0.0735446696253,0.0743148161833,0.0751022694056,0.0761147092628,0.0771877224447,0.0782174689661,0.0791347221701,0.0803288820016,0.0813067085303,0.0826220150115,0.0841017348027,0.0854430012802,0.0868275344182,0.0880995742388,0.0892418140776,0.090271560599,0.0915695604159,0.0927377602511,0.0941742133818,0.0955068265272,0.0969692396542,0.09818070615,0.0993142926567,0.10092381243,0.102265078907,0.10371018537,0.105250478486,0.106730198277,0.108305104722,0.110035771144,0.111809704227,0.113315384015,0.114725877149,0.116335396922,0.117754543389,0.119450596483,0.121189916237,0.122885969332,0.124573369094,0.126130968874,0.127844328632,0.129479808401,0.131063368178,0.132967101243,0.134784300986,0.136843794029,0.138704260433,0.140763753476,0.142615566548,0.144458726288,0.146648019313,0.148352725739,0.150048778833,0.152099618544,0.154003351609,0.15576863136,0.157784857742,0.159506870832,0.161168310598,0.16334895029,0.165486323322,0.167225643077,0.169189949466,0.170920615889,0.172746468965,0.174728082018,0.17686545505,0.17882976144,0.181053667793,0.183493907448,0.185813000455,0.188140746793,0.190442533135,0.192718359481,0.195106679144,0.197347892161,0.199485265193,0.201752438206,0.20422729119,0.206295437565,0.208666450564,0.210829783592,0.212733516657,0.214637249722,0.216774622754,0.218868729125,0.221300315449,0.223515568469,0.225670248165,0.228171061146,0.23043823416,0.232644833848,0.234998540183,0.237222446536,0.239749219513,0.241722179234,0.244248952211,0.246550738553,0.248601578264,0.250825484617,0.25309265763,0.255238683994,0.257427977019,0.259591310047,0.26165080309,0.263692989468,0.265864975829,0.267950428868,0.27025221521,0.272597268212,0.274916361218,0.277296027549,0.279234373943,0.28151885362,0.28381198663,0.285975319658,0.288441519311,0.290578892342,0.292690305378,0.294931518395,0.297207344741,0.299587011072,0.301551317461,0.303939637124,0.306284690127,0.308352836502,0.310697889504,0.313086209167,0.315093782217,0.317404221892,0.319853114879,0.321999141243,0.323902874308,0.32591910069,0.327840140419,0.329847713469,0.331941819841,0.333828246241,0.335688712646,0.337730899024,0.339426952118,0.341330685183,0.343147884927,0.345017004663,0.34676497775,0.348859084121,0.350269577255,0.351913710357,0.353955896735,0.355513496516,0.357296082931,0.359173855999,0.360835295765,0.362565962187,0.36417548196,0.366079215025,0.367680081466,0.368995387947,0.370302041096,0.37195482753,0.37355569397,0.37490561378,0.375952666966,0.377207400122,0.378453479946,0.379846666416,0.380980252923,0.382191719419,0.382961865977,0.383887772513,0.384978092359,0.386051105541,0.386760678774,0.387677931978,0.388448078536,0.389235531759,0.390057598309,0.390957544849,0.391788264732,0.392471877969,0.39288723791,0.393363171176,0.393761224453,0.394436184358,0.395128450927,0.395725530843,0.396088970792,0.396478370737,0.39669470404,0.396928344007,0.397179290638,0.397213903966,0.39718794397,0.397014877328,0.397049490656,