# R script for Peak Model
#  -- generated by MACS
p <- c(0.00848064738584,0.00862943067331,0.00888980142639,0.00907578053572,0.00932375268151,0.00957172482729,0.00985689279495,0.0100676691189,0.0102536482282,0.0104520259448,0.010675200876,0.0108983758072,0.0111091521312,0.0113571242769,0.0115679006009,0.0117414811029,0.0119398588195,0.0122250267872,0.0124234045038,0.0126961738642,0.0128449571517,0.0130929292974,0.0132541111922,0.0134772861234,0.0137252582692,0.013973230415,0.014233601168,0.0145063705284,0.0146923496377,0.0149279231762,0.015089105071,0.0152874827876,0.0156098465772,0.0158454201156,0.0160190006177,0.0162173783343,0.0162545741562,0.0161801825125,0.0161925811197,0.0163413644072,0.0163661616218,0.0163785602291,0.0163289657999,0.016204979727,0.016204979727,0.0162297769416,0.0162173783343,0.0162173783343,0.0160809936541,0.0160561964396,0.0160809936541,0.0160190006177,0.0160437978323,0.0161057908687,0.0161305880833,0.016031399225,0.0160437978323,0.0160933922614,0.0161801825125,0.0162421755489,0.0162173783343,0.016118189476,0.0161305880833,0.0159942034031,0.015944608974,0.0157710284719,0.0158330215084,0.0159198117594,0.015944608974,0.0158702173302,0.0158578187229,0.0158578187229,0.0158330215084,0.0159322103667,0.0158826159375,0.0158950145448,0.0158578187229,0.0157958256865,0.0157214340428,0.0156842382209,0.0157834270792,0.0158330215084,0.0158578187229,0.0158082242938,0.0157958256865,0.0158082242938,0.0158330215084,0.0158950145448,0.0158702173302,0.0158702173302,0.015944608974,0.0159074131521,0.016031399225,0.0160561964396,0.016204979727,0.0162297769416,0.0161925811197,0.0162297769416,0.0163165671926,0.0163785602291,0.0163661616218,0.0163413644072,0.0164901476947,0.0165397421238,0.0164529518728,0.0165645393384,0.016676126804,0.0166885254113,0.0168373086988,0.0168373086988,0.0168373086988,0.0168869031279,0.0169860919863,0.0170852808446,0.017147273881,0.0172588613466,0.0172960571685,0.0173456515976,0.0173704488122,0.0173456515976,0.0173208543831,0.0173208543831,0.0173084557758,0.0174572390633,0.017444840456,0.0174076446341,0.0174324418487,0.0175068334924,0.0174820362778,0.0175564279216,0.0174944348851,0.0175564279216,0.0176680153872,0.0176680153872,0.0177176098163,0.0177548056382,0.0179407847475,0.0180151763913,0.0181019666423,0.018176358286,0.018176358286,0.018176358286,0.0182011555006,0.0183499387881,0.0185111206828,0.0185855123266,0.0186103095411,0.0187590928286,0.0188582816869,0.019031862189,0.0192426385129,0.0193418273712,0.0193542259785,0.0194286176222,0.0195402050878,0.019589799517,0.019676589768,0.0197509814118,0.019763380019,0.0199617577357,0.0201601354523,0.0201849326669,0.0201601354523,0.0202841215252,0.0203833103835,0.0204205062054,0.0204577020272,0.020532093671,0.0206064853147,0.0205816881001,0.0204701006345,0.0203833103835,0.0204824992418,0.0205692894928,0.0205444922783,0.0206684783512,0.0207924644241,0.0208544574605,0.0209288491042,0.0210404365698,0.0210652337844,0.0212512128938,0.0213132059302,0.0214371920031,0.0214991850395,0.021474387825,0.0216727655416,0.0217099613635,0.0218835418655,0.0219083390801,0.0220819195821,0.0223422903352,0.0225158708373,0.022677052732,0.0228506332341,0.022974619307,0.0230862067726,0.0232721858819,0.023532556635,0.023706137137,0.0240161023193,0.0240656967484,0.0244500535744,0.024735221542,0.0249955922951,0.0252435644409,0.0254295435502,0.0257023129106,0.0258015017689,0.0258139003762,0.0259006906272,0.0259378864491,0.0260990683439,0.0263718377042,0.026533019599,0.0267561945302,0.0268801806031,0.0268925792104,0.0271653485707,0.0272893346436,0.0275497053967,0.027648894255,0.0277976775425,0.0279712580445,0.0280828455101,0.028206831583,0.0283060204413,0.0286283842309,0.0290003424495,0.0292111187735,0.0294342937047,0.0296078742067,0.0297566574942,0.0299674338181,0.0303393920368,0.0303765878586,0.0304385808951,0.0305873641826,0.0307857418992,0.0309593224012,0.0311329029033,0.0314180708709,0.0318148263042,0.0320999942718,0.0323727636322,0.0326579315999,0.0330298898185,0.033178673106,0.0333770508226,0.0336250229684,0.0338357992923,0.0341085686527,0.0343689394058,0.0344309324422,0.0347408976245,0.035063261414,0.0352492405233,0.0354228210254,0.0356459959566,0.0361419402481,0.0364519054304,0.0367990664345,0.0370222413657,0.0371462274386,0.0375677800864,0.0377785564103,0.0381009201998,0.0383116965238,0.0387208505643,0.0390184171392,0.039353179536,0.0396259488964,0.0399855085078,0.0403202709046,0.0405682430504,0.0409278026618,0.041324558095,0.0417709079575,0.0422048592126,0.0424156355365,0.042737999326,0.0433951255123,0.0440274544841,0.0445729932048,0.0450069444599,0.0453169096422,0.0457260636827,0.0459740358285,0.0464699801201,0.0470899104845,0.0475734561688,0.0481437921041,0.0484537572864,0.0488009182905,0.0492348695456,0.0499043943392,0.0503755414162,0.0509830731734,0.0514294230358,0.0518757728982,0.052297325546,0.0528428642667,0.0535371862749,0.0541323194248,0.0547274525747,0.0554589704048,0.0560912993765,0.0568104185993,0.0574427475711,0.0581494681865,0.0588313915874,0.0595381122029,0.0604060147132,0.061125133936,0.0619558406243,0.0628361417419,0.0637040442521,0.0645843453697,0.0651794785195,0.0660349824225,0.0668656891109,0.0677087944065,0.0682047386981,0.0689610537428,0.0697297673947,0.0705604740831,0.0715151668443,0.0723706707473,0.0731393843992,0.0740196855168,0.0749123852416,0.0756191058571,0.0767597777277,0.0777640649181,0.0786195688211,0.0796362546188,0.080504157129,0.0816572276069,0.0827978994775,0.0837277950242,0.0849924529677,0.08603393598,0.0870506217778,0.088302881114,0.0893071683044,0.0903982457459,0.0917620925477,0.0929275616329,0.0939690446452,0.0950229262647,0.0962131925645,0.0972546755768,0.0984325432693,0.0997963900711,0.100589900938,0.101817363059,0.103255601505,0.10469383995,0.105970896501,0.107557918234,0.108772981749,0.109839261975,0.111277500421,0.11251736115,0.114153977312,0.115827789296,0.117266027742,0.118406699612,0.119906931094,0.121097197394,0.122709016342,0.12427124086,0.125808668164,0.127494878755,0.129143893525,0.130470544505,0.131809594092,0.133260231145,0.134797658449,0.136545862076,0.137996499129,0.13973230415,0.141170542595,0.142732767114,0.144344586061,0.145894411972,0.147394643454,0.148783287471,0.150444700848,0.152006925366,0.153841919245,0.155193367439,0.157177144606,0.158615383051,0.16058676161,0.162607734598,0.164343539619,0.166376911214,0.168162310664,0.170133689223,0.172353039928,0.17439881013,0.175874244398,0.177610049418,0.179457441904,0.181825575897,0.183871346099,0.185768333015,0.187727312966,0.189525111023,0.19132290908,0.193567057,0.195563232773,0.197596604369,0.199505989891,0.201303787948,0.203250369293,0.205544111641,0.207255119447,0.208817343965,0.210813519739,0.212946080193,0.215004249003,0.217595557926,0.219616530914,0.221389531757,0.22357168664,0.225357086089,0.226944107822,0.228816297523,0.231159634301,0.232895439321,0.235300769135,0.2377928892,0.239466701184,0.241413282529,0.243000304262,0.244996480035,0.247067047453,0.248976432975,0.251022203178,0.253675505138,0.255609687875,0.258039814904,0.260383151681,0.262379327455,0.264623475374,0.266904819115,0.269186162857,0.270797981804,0.272942940865,0.275125095748,0.277456033919,0.27927862919,0.281584770146,0.283667736171,0.285515128657,0.287523703037,0.289383494131,0.291292879653,0.293202265176,0.294962867411,0.296946644577,0.29926518414,0.300926597517,0.303319528724,0.305253711461,0.306741544336,0.308886503397,0.310647105632,0.312494498118,0.314155911495,0.315656142977,0.317193570281,0.31957410288,0.321384299544,0.322996118492,0.32382682518,0.32547583995,0.327087658897,0.328600288987,0.330063324647,0.331476765878,0.332753822429,0.333857298477,0.335221145279,0.336522999045,0.337986034705,0.33956065783,0.340564945021,0.342102372325,0.343615002414,0.345028443645,0.346069926657,0.347309787386,0.348748025832,0.350459033638,0.352046055371,0.35355868546,0.355505266804,0.357203876003,0.358952079631,0.360167143145,0.361940143988,0.363341186611,0.364804222271,0.366899586903,0.369056944572,0.371524267422,