# R script for Peak Model
#  -- generated by MACS
p <- c(0.00591076036363,0.0060211480784,0.00614157103996,0.00624192350794,0.00635231122271,0.00648276943107,0.00664333337983,0.00681393257538,0.00694439078375,0.00705477849852,0.00717520146009,0.00727555392806,0.00740601213643,0.00752643509799,0.00761675231917,0.00781745725512,0.00793788021669,0.00807837367185,0.008269043361,0.00838946632256,0.00845971305015,0.0086503827393,0.00878084094766,0.00893136964962,0.00910196884517,0.00922239180674,0.0093729205087,0.00946323772988,0.00965390741903,0.00980443612099,0.00997503531654,0.0100854230313,0.0102058459929,0.0103864804352,0.0105069033968,0.0106775025924,0.0108481017879,0.0109785599963,0.0111190534514,0.0112996878938,0.0114000403618,0.0114100756086,0.011390005115,0.011390005115,0.0113799698682,0.0114502165957,0.0114602518425,0.0115304985701,0.0116208157913,0.0116609567785,0.0117613092465,0.0118114854805,0.0118516264676,0.0118616617144,0.0119419436888,0.011931908442,0.0120121904164,0.0120724018972,0.0120623666504,0.0120724018972,0.0121928248588,0.0122028601055,0.0122229305991,0.0122630715863,0.0121928248588,0.012182789612,0.0122229305991,0.0122430010927,0.0122430010927,0.0123333183139,0.0123032125735,0.0123433535607,0.0124035650415,0.0124437060287,0.0124537412755,0.0124738117691,0.0123634240543,0.0123333183139,0.0123433535607,0.0123032125735,0.0123132478203,0.0122931773267,0.0122530363395,0.0122731068331,0.0122931773267,0.0123132478203,0.0123232830671,0.0123333183139,0.0123232830671,0.0122931773267,0.0122831420799,0.0123834945479,0.0123734593011,0.0124136002883,0.0125239880031,0.0125340232499,0.0126042699774,0.0125841994838,0.0126042699774,0.0125841994838,0.0125641289903,0.0126042699774,0.0127146576922,0.0126945871986,0.012774869173,0.0128049749134,0.0128150101602,0.0128150101602,0.0128952921346,0.0129354331218,0.0128952921346,0.0130056798493,0.0129856093557,0.0129755741089,0.0130458208365,0.0131060323173,0.0131662437981,0.0131662437981,0.0131060323173,0.0130558560833,0.0130859618237,0.0130759265769,0.0130558560833,0.0130759265769,0.0130859618237,0.0130357855897,0.0130759265769,0.0130357855897,0.0130357855897,0.0129555036153,0.0129454683686,0.0128551511474,0.0128049749134,0.0127849044198,0.0127447634326,0.0127849044198,0.0128451159006,0.0128551511474,0.0127949396666,0.0126945871986,0.0127547986794,0.0127849044198,0.0126945871986,0.0127146576922,0.012674516705,0.0126444109646,0.0127046224454,0.0127547986794,0.0126945871986,0.012674516705,0.0126644814582,0.0126644814582,0.0126143052242,0.0126945871986,0.0127146576922,0.0127146576922,0.0127347281858,0.0127347281858,0.0128049749134,0.0128451159006,0.0128952921346,0.0129153626282,0.0129555036153,0.0128852568878,0.0129454683686,0.0129755741089,0.0129655388621,0.0131361380577,0.0131662437981,0.0132565610193,0.0133268077468,0.0133769839808,0.0134873716956,0.0134773364488,0.0135475831764,0.0136379003976,0.0135475831764,0.0135977594104,0.013668006138,0.0137382528655,0.0138285700867,0.0139289225547,0.0139690635419,0.0140192397759,0.0140292750227,0.0140593807631,0.0140794512566,0.0140393102695,0.0140393102695,0.0140292750227,0.0140393102695,0.014109556997,0.0141296274906,0.0140694160099,0.0140894865034,0.0141396627374,0.0141496979842,0.014109556997,0.0141296274906,0.0141195922438,0.0141798037246,0.0143403676734,0.0144206496478,0.0143905439074,0.0144808611285,0.0145410726093,0.0145511078561,0.0146313898305,0.0146614955709,0.0146614955709,0.0147116718049,0.0148220595197,0.0148822710004,0.0150327997024,0.0151231169236,0.0152134341447,0.0152836808723,0.0153539275999,0.0153840333403,0.0154442448211,0.0156248792634,0.0156549850038,0.0156650202506,0.0156850907442,0.0158857956802,0.0159159014206,0.0160363243821,0.0161467120969,0.0161768178373,0.0162269940713,0.0163474170328,0.016437734254,0.016538086722,0.01663843919,0.0167990031387,0.0167889678919,0.0168692498663,0.0169696023343,0.0170398490619,0.0171602720234,0.0172204835042,0.0173609769594,0.0174512941806,0.0175315761549,0.0177924925717,0.0179530565204,0.0180534089884,0.0181838671968,0.0183042901583,0.0182741844179,0.0183645016391,0.0184247131199,0.0184347483667,0.0186053475622,0.0187257705238,0.0188261229918,0.0189766516937,0.0190970746553,0.0192275328637,0.0193680263188,0.0194282377996,0.019508519774,0.0195486607612,0.0196490132292,0.0197594009439,0.0198095771779,0.0198898591523,0.020100599335,0.0202109870498,0.0204217272326,0.0205923264281,0.0207930313641,0.0209234895724,0.0211342297552,0.0212747232103,0.0214954986399,0.0216460273418,0.0217664503034,0.0219671552393,0.0221277191881,0.0221979659157,0.0224488470856,0.0226696225152,0.0227800102299,0.0228803626979,0.0230911028806,0.0233319488038,0.0235828299737,0.0237835349097,0.02406452182,0.0242351210155,0.0245863546534,0.0248874120574,0.0251382932273,0.0253791391504,0.0256902318012,0.0258708662435,0.0261518531538,0.026392699077,0.0265833687661,0.0268543204296,0.0271453425868,0.0273560827695,0.0277474573946,0.0280986910325,0.0283295017089,0.0286405943596,0.0290620747251,0.0292728149078,0.0295437665713,0.0299853174304,0.0302562690939,0.0307178904466,0.0310490535909,0.0313802167352,0.0316712388924,0.0320525782707,0.0325443053637,0.0329457152356,0.0333471251075,0.0338789931878,0.0343907907744,0.0347520596591,0.0351333990374,0.0357756548325,0.0362573466787,0.0365383335891,0.0370802369161,0.0376622812304,0.0380536558555,0.0387460878845,0.0393883436795,0.0400105289809,0.040602608542,0.0412247938434,0.0417867676641,0.0424591291995,0.0431917022157,0.0439142399851,0.0445765662737,0.0452589630559,0.0459915360721,0.0469047435307,0.0476774575341,0.0485103830183,0.0492529912813,0.0500758815187,0.0510794061984,0.0519825784101,0.0525646227244,0.0533975482086,0.0544412138755,0.0553142803469,0.0562676287926,0.0571105895236,0.0581241494501,0.0591276741298,0.0600007406012,0.0612049702169,0.0623590235986,0.0632822663039,0.0643761082048,0.0656706550417,0.0669652018786,0.0681995372346,0.0694439078375,0.0707685604147,0.0720129310176,0.0731770196461,0.0742808967938,0.0756858313454,0.0768499199739,0.0783251012531,0.0796597890772,0.0810145473948,0.0825499401548,0.0839448394596,0.0853297035177,0.0869152725116,0.0883001365697,0.0899960932784,0.0918325434423,0.0935987468787,0.0954954085234,0.0972515767129,0.0991181326172,0.100884336054,0.10268064523,0.10468769459,0.106514109507,0.108491053126,0.110618525447,0.112906561717,0.114833329102,0.11703104815,0.119188626212,0.121476662482,0.123744628258,0.126153087489,0.128290595057,0.130678983795,0.133097478273,0.135345373556,0.137553127851,0.140142221525,0.14263096273,0.145009316221,0.147578339401,0.150348067518,0.152616033294,0.15491410481,0.157633656692,0.160172574132,0.162872055521,0.165611677896,0.168130524842,0.171030711167,0.173930897491,0.176891295296,0.179590776685,0.182450822022,0.185180409151,0.188512111088,0.19151264988,0.194683787868,0.197684326661,0.201146486806,0.204478188742,0.207960419381,0.21147275576,0.215005162633,0.21861785148,0.222180364093,0.225642524238,0.229225107345,0.232596950268,0.236279885843,0.239822327963,0.243665827486,0.247419009788,0.250911275674,0.254564105508,0.258357428797,0.261929976657,0.265341960568,0.268794085466,0.27263758499,0.276099745135,0.279672292995,0.283315087582,0.28695788217,0.290701029225,0.294153154123,0.297645420009,0.300936980958,0.304479423078,0.307931547976,0.311002333496,0.314444423147,0.317715913603,0.320997439306,0.324469634698,0.327480208737,0.330731628699,0.333732167492,0.336572142336,0.339542575388,0.342272162516,0.345503511985,0.34868468522,0.351384166608,0.354254247192,0.357234715491,0.360064655088,0.362242303643,0.365062207993,0.36764126642,0.370290571575,0.372879665248,0.375508899909,0.37763637223,0.380054866708,0.382192374276,0.384671080235,0.387290279649,0.389959655297,0.39217744484,0.394816714747,0.397205103485,0.399442963521,0.40170089405,0.404430481179,0.40705971584,0.409417998837,0.41144511869,0.413341780335,0.415318723954,0.417426125782,0.419172258724,0.420777898212,0.422273149985,0.424169811629,0.425594816675,0.427401161098,