# R script for Peak Model
#  -- generated by MACS
p <- c(0.0057376195159,0.00592316442562,0.00613725470606,0.00636561767187,0.00655116258159,0.00670816212058,0.00693652508639,0.00710779731074,0.00730761490582,0.00746461444481,0.00767870472526,0.00783570426425,0.00800697648861,0.00812115797151,0.0082781575105,0.00847797510558,0.00859215658849,0.0087777014982,0.00894897372256,0.00906315520546,0.00920588205909,0.00936288159808,0.0095484265078,0.00971969873216,0.00990524364188,0.0101193339223,0.0101906973491,0.0103476968881,0.0105760598539,0.0107330593929,0.0109043316173,0.0110470584709,0.0111755126392,0.0111326945831,0.0111184218977,0.0112040580099,0.0113325121782,0.0113039668074,0.0113039668074,0.0113753302343,0.011403875605,0.0114609663464,0.0114895117172,0.0113325121782,0.0112896941221,0.0114181482903,0.0114466936611,0.0114181482903,0.0114895117172,0.0115751478293,0.0115466024586,0.0116179658854,0.0116607839415,0.0116179658854,0.0116607839415,0.0116607839415,0.011717874683,0.0116607839415,0.011717874683,0.0118177834805,0.0118177834805,0.0117606927391,0.0117892381098,0.0117464200537,0.0117749654244,0.0116893293122,0.0116322385708,0.0116322385708,0.0115894205147,0.0115751478293,0.0114609663464,0.0114609663464,0.0114181482903,0.0113753302343,0.011403875605,0.0113753302343,0.0113610575489,0.0113610575489,0.0113896029196,0.0114895117172,0.0115180570879,0.0114324209757,0.0114895117172,0.0114609663464,0.0113753302343,0.0113753302343,0.0113896029196,0.0114181482903,0.0114324209757,0.0113610575489,0.0113182394928,0.0113182394928,0.0114609663464,0.0114466936611,0.0113467848635,0.0113896029196,0.0113467848635,0.0112896941221,0.0112896941221,0.0112896941221,0.0113753302343,0.0113039668074,0.011089876527,0.0110327857855,0.0108757862466,0.010775877449,0.0108329681905,0.010775877449,0.0108044228197,0.0108615135612,0.0109043316173,0.0108615135612,0.0108472408758,0.010775877449,0.0106474232807,0.0105332417978,0.01061887791,0.0105617871686,0.0105760598539,0.0106902413368,0.0106616959661,0.01061887791,0.0105189691125,0.0105617871686,0.010461878371,0.0102620607759,0.0102192427199,0.0102906061467,0.010147879293,0.0101193339223,0.010147879293,0.0102192427199,0.0102477880906,0.0101906973491,0.0101336066077,0.0100336978101,0.0101621519784,0.010105061237,0.010105061237,0.0101193339223,0.0100765158662,0.0100765158662,0.0100051524394,0.00997660706869,0.00997660706869,0.00983388021506,0.00974824410288,0.00977678947361,0.00969115336143,0.00970542604679,0.00973397141752,0.00973397141752,0.00969115336143,0.00966260799071,0.00963406261998,0.00967688067607,0.00969115336143,0.00969115336143,0.00963406261998,0.00964833530534,0.00971969873216,0.00966260799071,0.00977678947361,0.00979106215897,0.00983388021506,0.00984815290042,0.0098196075297,0.00976251678825,0.0099337890126,0.00997660706869,0.0100479704955,0.010105061237,0.00999087975405,0.00999087975405,0.0100194251248,0.00997660706869,0.00989097095651,0.00979106215897,0.00971969873216,0.00979106215897,0.00990524364188,0.0099337890126,0.0098196075297,0.00983388021506,0.00979106215897,0.00967688067607,0.00977678947361,0.00977678947361,0.00984815290042,0.00984815290042,0.00986242558579,0.0100051524394,0.0100765158662,0.0100907885516,0.010147879293,0.0102620607759,0.0101906973491,0.0101621519784,0.0103191515174,0.0104047876296,0.0105475144832,0.0106759686515,0.0106759686515,0.0107045140222,0.0107473320783,0.0107901501344,0.0108186955051,0.0109043316173,0.0110470584709,0.0111469672685,0.0111326945831,0.0112896941221,0.0113753302343,0.0113753302343,0.0114324209757,0.011403875605,0.0114895117172,0.0116036932001,0.0118035107951,0.0119462376488,0.0120176010756,0.0121317825585,0.0122174186707,0.0123030547828,0.0123458728389,0.0123744182097,0.0125028723779,0.0126455992316,0.0126455992316,0.0128311441413,0.0128168714559,0.0128311441413,0.0128311441413,0.0129738709949,0.0129881436803,0.013016689051,0.0131165978485,0.0133164154436,0.0134163242412,0.013487687668,0.0135447784094,0.0136304145216,0.0137445960045,0.0138587774874,0.0139586862849,0.0139872316557,0.0139586862849,0.0139015955435,0.014001504341,0.0140871404532,0.0140157770264,0.0140728677679,0.0141014131386,0.0141156858239,0.0140585950825,0.0141014131386,0.0141299585093,0.0141014131386,0.0141870492508,0.01415850388,0.0141870492508,0.0141442311947,0.0141156858239,0.0142013219361,0.0142298673068,0.0144582302727,0.0144154122166,0.0144011395312,0.0145724117556,0.0148721381482,0.0149149562043,0.0149577742604,0.0150576830579,0.0150576830579,0.0151433191701,0.0152717733383,0.0154430455627,0.015571499731,0.0157855900114,0.0158997714943,0.0161566798308,0.0162280432577,0.0162851339991,0.0164992242796,0.0165277696503,0.0165134969649,0.0166276784478,0.0167561326161,0.0168417687283,0.0169416775258,0.0171700404916,0.0173984034574,0.0174269488281,0.0174412215135,0.0176267664232,0.0178836747598,0.018169128467,0.0184545821743,0.0189113081059,0.0192538525546,0.019467942835,0.0198961233959,0.0202957585861,0.0204527581251,0.0208952113713,0.0212092104493,0.0215945729541,0.0218514812907,0.0221654803686,0.0223652979637,0.0226792970417,0.0230361141758,0.0233643859391,0.0239067479829,0.0243063831731,0.0244776553974,0.0250342901266,0.0253482892046,0.0258478331923,0.0262331956971,0.0268754665384,0.0272322836725,0.0277889184016,0.0282028262772,0.0285025526698,0.0290591873989,0.0296300948134,0.0302295475987,0.0309003638107,0.0314569985399,0.0317995429886,0.0320279059544,0.0325274499421,0.0330412666152,0.0335550832883,0.0339119004223,0.0343686263539,0.0348110796002,0.0353819870147,0.0360099851707,0.0365666198998,0.0371517999997,0.037794070841,0.0382793421434,0.0387075227043,0.0395067930846,0.0399920643869,0.0410339704184,0.0419759676524,0.0426753292352,0.0434745996155,0.0445307783324,0.0452729579712,0.0460294102955,0.0471854978099,0.0480704043024,0.048883947368,0.0500400348824,0.0513959399919,0.0523379372259,0.0532799344598,0.0544788400303,0.055449382635,0.0567910150591,0.0575902854394,0.0582468289661,0.0595313706488,0.0605732766803,0.0615152739142,0.0626142706872,0.0636419040333,0.0648836276599,0.0663251688815,0.0677238920471,0.0690084337298,0.0704785203222,0.0719628795999,0.0733901481362,0.0747460532457,0.0760020495576,0.0775577722622,0.0791420403375,0.0804836727616,0.0822677584319,0.0841089348438,0.0856789302337,0.0875486520162,0.0895325552817,0.0914165497496,0.0936716340369,0.0957269007292,0.0979962577019,0.0996376165186,0.101692883211,0.103848058701,0.105689235113,0.107958592085,0.110028131463,0.112226125009,0.114181482903,0.11619393154,0.118420470456,0.120675554744,0.12290209366,0.125042996465,0.127440807606,0.13016689051,0.132807337302,0.135148057702,0.137731413752,0.140742950364,0.143169306876,0.145952480521,0.148107656011,0.150805193545,0.153145913944,0.156157450556,0.158940624202,0.162080614981,0.16497797011,0.167304417824,0.170544317402,0.173798489664,0.176895662388,0.179464745754,0.183061462465,0.186187180559,0.189084535688,0.19212461767,0.195321699192,0.198761416364,0.20271495021,0.205726486821,0.209237567421,0.212919920244,0.216488091585,0.220084808296,0.223681525008,0.226964242641,0.231060503341,0.234657220052,0.238525117785,0.242150379868,0.246132459084,0.250128810985,0.254610434189,0.258892239798,0.262931409756,0.267184669994,0.271495020974,0.275305827966,0.279873087282,0.283669621588,0.287822973029,0.292076233267,0.295644404608,0.299683574566,0.303308836648,0.307761914481,0.3116440849,0.315440619206,0.319508334535,0.323661685975,0.32777221936,0.332039752283,0.336392921319,0.340403545906,0.344371352437,0.348781612214,0.352692328003,0.356660134534,0.360256851246,0.363553841565,0.366793741142,0.370162094888,0.373530448633,0.376299349594,0.380038793159,0.383164511253,0.386304502033,0.388944948825,0.392413211368,0.395339111868,0.398222194311,0.400634278138,0.403560178637,0.407042713865,0.409897250938,0.412837424123,0.41546359823,0.4184180441,0.421386762655,0.424483935379,0.42706729143,0.430107373412,0.432733547519,0.435373994311,0.437957350362,0.440940341602,0.443295334687,0.445650327772,0.448176593081,