# R script for Peak Model
#  -- generated by MACS
p <- c(0.0375751503006,0.0385067655973,0.0392313552725,0.0403699961907,0.0411980986767,0.0421297139734,0.0429578164594,0.0445105086205,0.045545636728,0.0464772520247,0.0478229185644,0.0487545338611,0.0497896619686,0.0509283028868,0.0514458669405,0.0523774822372,0.0534126103447,0.0542407128306,0.0552758409381,0.056103943424,0.0576566355852,0.0590023021249,0.0600374302324,0.0609690455291,0.0629357889332,0.0642814554729,0.0662481988771,0.0673868397953,0.0694570960102,0.0710097881714,0.0720449162788,0.0732870700078,0.074425710926,0.0756678646549,0.0765994799516,0.0767029927624,0.0764959671409,0.0761854287087,0.0759784030872,0.0757713774657,0.0760819158979,0.0764959671409,0.0759784030872,0.0762889415194,0.0761854287087,0.0772205568161,0.0765994799516,0.0772205568161,0.0774275824376,0.0772205568161,0.0770135311946,0.0767029927624,0.0764959671409,0.0771170440054,0.0776346080591,0.0773240696269,0.0775310952483,0.0773240696269,0.0776346080591,0.0780486593021,0.0779451464913,0.0781521721128,0.0781521721128,0.0776346080591,0.0771170440054,0.0770135311946,0.0771170440054,0.0769100183839,0.0762889415194,0.0767029927624,0.0760819158979,0.0762889415194,0.0771170440054,0.0765994799516,0.0769100183839,0.0772205568161,0.0770135311946,0.0759784030872,0.0761854287087,0.0763924543301,0.0764959671409,0.0769100183839,0.0771170440054,0.0771170440054,0.0776346080591,0.0776346080591,0.0776346080591,0.0776346080591,0.0769100183839,0.0776346080591,0.0770135311946,0.0764959671409,0.0760819158979,0.0759784030872,0.074839762169,0.074011659683,0.0734940956293,0.0732870700078,0.0722519419003,0.0713203266036,0.0713203266036,0.0713203266036,0.0716308650359,0.0719414034681,0.0723554547111,0.0724589675218,0.0723554547111,0.0721484290896,0.0724589675218,0.0727695059541,0.0730800443863,0.0722519419003,0.0730800443863,0.0732870700078,0.0737011212508,0.0741151724937,0.0743221981152,0.0738046340615,0.07359760844,0.0734940956293,0.074425710926,0.074425710926,0.0743221981152,0.0743221981152,0.0742186853045,0.074011659683,0.074011659683,0.0742186853045,0.0741151724937,0.0743221981152,0.0743221981152,0.0746327365475,0.0741151724937,0.074425710926,0.0745292237367,0.0741151724937,0.0737011212508,0.0738046340615,0.074839762169,0.0750467877905,0.0755643518442,0.0757713774657,0.0752538134119,0.0760819158979,0.0757713774657,0.0755643518442,0.0757713774657,0.0762889415194,0.0757713774657,0.0757713774657,0.0757713774657,0.0751503006012,0.0749432749797,0.074839762169,0.0751503006012,0.0751503006012,0.0747362493582,0.0749432749797,0.0753573262227,0.074839762169,0.0749432749797,0.0752538134119,0.0757713774657,0.0757713774657,0.0760819158979,0.0769100183839,0.0761854287087,0.0757713774657,0.0757713774657,0.0762889415194,0.0761854287087,0.0758748902764,0.0751503006012,0.0745292237367,0.0745292237367,0.0737011212508,0.0734940956293,0.074425710926,0.0742186853045,0.0739081468723,0.074011659683,0.074839762169,0.0743221981152,0.0746327365475,0.0737011212508,0.0726659931433,0.0727695059541,0.0722519419003,0.0722519419003,0.0727695059541,0.0724589675218,0.0724589675218,0.0720449162788,0.0719414034681,0.0718378906573,0.0721484290896,0.0718378906573,0.0717343778466,0.0712168137929,0.0705957369284,0.0700781728747,0.0695606088209,0.0699746600639,0.0696641216317,0.0696641216317,0.0696641216317,0.0694570960102,0.0694570960102,0.0688360191457,0.069146557578,0.0686289935242,0.067904403849,0.0680079166598,0.0676973782275,0.0676973782275,0.0678008910383,0.0686289935242,0.068732506335,0.0690430447672,0.0684219679027,0.068318455092,0.0685254807135,0.0686289935242,0.0686289935242,0.0680079166598,0.0685254807135,0.069146557578,0.0689395319565,0.0692500703887,0.0695606088209,0.0695606088209,0.0694570960102,0.0696641216317,0.0701816856854,0.0698711472532,0.0690430447672,0.0694570960102,0.0696641216317,0.0697676344424,0.0697676344424,0.0701816856854,0.0700781728747,0.0712168137929,0.0709062753606,0.0712168137929,0.0720449162788,0.0724589675218,0.0723554547111,0.0719414034681,0.0724589675218,0.0722519419003,0.0724589675218,0.0728730187648,0.0727695059541,0.0734940956293,0.074011659683,0.0743221981152,0.074839762169,0.0749432749797,0.074839762169,0.0745292237367,0.0752538134119,0.0759784030872,0.0750467877905,0.0759784030872,0.0763924543301,0.0765994799516,0.0771170440054,0.0777381208698,0.0780486593021,0.0791873002203,0.079290813031,0.0793943258418,0.0798083770847,0.0802224283277,0.08053296676,0.0809470180029,0.0807399923815,0.0809470180029,0.0803259411385,0.0804294539492,0.0810505308137,0.0806364795707,0.08053296676,0.0806364795707,0.0813610692459,0.0809470180029,0.0807399923815,0.0806364795707,0.0813610692459,0.0809470180029,0.0809470180029,0.0812575564352,0.0821891717319,0.0821891717319,0.0819821461104,0.0818786332997,0.0823961973534,0.0827067357856,0.0827067357856,0.0834313254608,0.0836383510823,0.0831207870286,0.0822926845426,0.0832242998393,0.0836383510823,0.0835348382716,0.0841559151361,0.0843629407575,0.0847769920005,0.0850875304328,0.0856050944865,0.0851910432435,0.0860191457295,0.0856050944865,0.0865367097832,0.0867437354047,0.0866402225939,0.0866402225939,0.0864331969725,0.0872612994584,0.0873648122692,0.0870542738369,0.0868472482154,0.0867437354047,0.0865367097832,0.0868472482154,0.0874683250799,0.0873648122692,0.0871577866477,0.0876753507014,0.0873648122692,0.0877788635121,0.0883999403766,0.0873648122692,0.0870542738369,0.0869507610262,0.0872612994584,0.0866402225939,0.0867437354047,0.086226171351,0.0861226585402,0.0869507610262,0.0875718378907,0.0873648122692,0.0877788635121,0.0883999403766,0.0892280428626,0.0888139916196,0.0894350684841,0.0900561453485,0.09026317097,0.0907807350238,0.091505324699,0.0926439656172,0.0918158631312,0.0920228887527,0.0928509912387,0.0931615296709,0.0931615296709,0.0933685552924,0.0938861193461,0.0938861193461,0.0934720681031,0.0934720681031,0.0937826065354,0.0937826065354,0.0940931449676,0.0934720681031,0.0934720681031,0.0932650424817,0.0931615296709,0.0941966577784,0.0949212474536,0.0943001705891,0.0948177346428,0.0953352986966,0.0958528627503,0.0955423243181,0.0951282730751,0.0941966577784,0.0945071962106,0.0946107090213,0.0947142218321,0.0949212474536,0.0949212474536,0.0951282730751,0.0951282730751,0.0958528627503,0.0960598883718,0.0956458371288,0.0949212474536,0.0951282730751,0.0954388115073,0.0957493499395,0.0958528627503,0.095956375561,0.0949212474536,0.0953352986966,0.0954388115073,0.0952317858858,0.0949212474536,0.0945071962106,0.0956458371288,0.0956458371288,0.0952317858858,0.095956375561,0.0960598883718,0.0966809652363,0.0964739396148,0.0961634011825,0.096370426804,0.0956458371288,0.0948177346428,0.0953352986966,0.0948177346428,0.0951282730751,0.0948177346428,0.0962669139933,0.0957493499395,0.0960598883718,0.0964739396148,0.0960598883718,0.0962669139933,0.0946107090213,0.0955423243181,0.0958528627503,0.0958528627503,0.0957493499395,0.0958528627503,0.096370426804,0.096370426804,0.096370426804,0.0961634011825,0.0977160933437,0.0978196061545,0.0982336573974,0.0985441958297,0.0988547342619,0.0996828367479,0.0995793239371,0.0998898623694,0.0997863495586,0.0997863495586,0.0998898623694,0.0996828367479,0.0991652726941,0.0994758111264,0.0991652726941,0.0995793239371,0.101028503288,0.101132016098,0.101442554531,0.101856605774,0.101442554531,0.101028503288,0.100614452045,0.100303913612,0.100614452045,0.101132016098,0.100924990477,0.10133904172,0.101028503288,0.101132016098,0.101235528909,0.10133904172,0.101546067341,0.101753092963,0.102374169827,0.102167144206,0.102167144206,0.102374169827,0.102891733881,0.102995246692,0.103098759502,0.103823349178,0.103202272313,0.103926861988,0.103926861988,0.104030374799,0.104444426042,0.104237400421,0.104340913231,0.104444426042,0.104651451664,0.105376041339,0.104961990096,0.10558306696,0.105065502907,0.105686579771,0.106514682257,0.106307656636,0.107446297554,0.107549810365,0.108998989715,0.108584938472,0.108895476904,0.109309528147,0.109620066579,0.109930605012,0.110655194687,0.110344656255,