# R script for Peak Model
#  -- generated by MACS
p <- c(0.0296043294354,0.0310282409109,0.0327592705478,0.0343693142424,0.0359886645479,0.037682467741,0.0394507238217,0.0409677014067,0.0424474525479,0.0441598689629,0.0456396201041,0.0472961968534,0.0488410942713,0.0504418313549,0.0521170213261,0.0536433055221,0.05499276411,0.0565841945826,0.0568447796893,0.056891312744,0.0569099259659,0.0570122986864,0.0570588317411,0.0573008036259,0.0573008036259,0.0572914970149,0.0575613887325,0.0576172283982,0.0575520821215,0.0575055490668,0.0576265350091,0.0577102945077,0.0577940540063,0.0579708796143,0.057840587061,0.0577940540063,0.0580639457238,0.0582035448881,0.0581756250553,0.0582966109976,0.0583617572743,0.0583617572743,0.0581383986115,0.0583059176086,0.0585944225481,0.0584734366057,0.0586409556028,0.0585013564385,0.0585013564385,0.0585758093262,0.0585478894933,0.0587526349342,0.0592179654818,0.0593389514241,0.0591993522599,0.0593017249803,0.0594413241446,0.0593482580351,0.0596181497527,0.059553003476,0.0594413241446,0.059553003476,0.0593947910899,0.0595343902541,0.0596460695855,0.0597949753607,0.0597856687498,0.0596646828074,0.0598601216374,0.0599624943579,0.0601672397988,0.0603347587959,0.0603068389631,0.0603905984616,0.0604092116835,0.0604371315164,0.0606046505135,0.0606418769573,0.0607628628997,0.0608000893435,0.0608093959544,0.0611165141158,0.0610327546172,0.0613398727786,0.0616004578853,0.0615446182196,0.0616842173838,0.0617307504386,0.0616097644962,0.0615818446634,0.0615911512743,0.0616376843291,0.0616283777181,0.0615911512743,0.061460858721,0.0617028306057,0.0617586702714,0.0617214438276,0.0618238165481,0.0618796562138,0.062214694208,0.0624752793147,0.0627172511994,0.0630895156374,0.0630150627498,0.063163968525,0.0632105015798,0.0632384214127,0.0634803932974,0.0635734594069,0.0634245536317,0.0633501007441,0.0632663412455,0.0632756478565,0.0634524734645,0.0635176197412,0.063554846185,0.0635920726288,0.0638991907902,0.0639550304559,0.0638340445135,0.0641132428421,0.0641411626749,0.0640294833435,0.0642528420063,0.0642900684501,0.0643924411706,0.064122549453,0.0642714552282,0.0641876957297,0.0641597758968,0.0642063089516,0.0643924411706,0.0644482808363,0.0646344130553,0.0648484651072,0.0647647056086,0.0646530262772,0.0646251064444,0.0645320403349,0.0646716394991,0.0646716394991,0.0648112386634,0.0648112386634,0.0647088659429,0.0648391584962,0.0649601444386,0.0650532105481,0.0652486493781,0.0654347815971,0.0655557675395,0.0654347815971,0.0654254749862,0.0652021163233,0.0652207295452,0.0652486493781,0.0654440882081,0.0655743807614,0.0658908055337,0.0661606972513,0.0659373385885,0.066225843528,0.0662444567499,0.0666260277988,0.0667004806865,0.0672030376778,0.0675939153378,0.0675939153378,0.0676683682254,0.0676404483925,0.0674822360063,0.0672681839545,0.0673426368421,0.0672588773435,0.0672961037873,0.0675194624502,0.0673891698968,0.0674450095625,0.0672123442888,0.067547382283,0.0676497550035,0.0675939153378,0.0678358872225,0.067919646721,0.0677614343349,0.0677707409458,0.067742821113,0.0680127128306,0.0681616186058,0.0683291376029,0.0684128971015,0.0683663640467,0.0684222037124,0.068310524381,0.0681430053839,0.0681709252167,0.0684315103234,0.0683570574357,0.0685711094876,0.0687479350957,0.0687386284847,0.0686176425424,0.0684687367672,0.0685338830438,0.0687665483176,0.0689247607038,0.0691667325885,0.0695855300813,0.0694645441389,0.0697902755222,0.0699019548536,0.0698926482427,0.0701625399603,0.0704603515107,0.0706650969516,0.0706837101735,0.0705534176202,0.070972215113,0.0710745878335,0.0712328002196,0.0714933853263,0.0715585316029,0.0716515977124,0.0720145555395,0.0718563431534,0.0720424753724,0.0721913811476,0.0724798860871,0.0725171125309,0.072498499309,0.0725171125309,0.072684631528,0.0728986835799,0.0731499620756,0.0733733207384,0.0732988678508,0.073447773626,0.0734291604041,0.0736804388998,0.0738386512859,0.0740061702831,0.0744249677759,0.0745645669401,0.0745273404963,0.0747506991591,0.0750485107096,0.0752253363177,0.0751974164848,0.0753370156491,0.0754766148133,0.0758395726404,0.0761839172456,0.0765375684618,0.0764724221851,0.0766957808479,0.0770028990093,0.0770959651188,0.0774216965021,0.0777288146635,0.0776171353321,0.0781941452111,0.0785012633724,0.0786780889805,0.0788921410324,0.0790503534186,0.0793853914128,0.0798693351822,0.0800740806232,0.0801857599546,0.080288132675,0.0804277318393,0.0806510905021,0.081051274773,0.0813863127673,0.0814886854877,0.0815631383753,0.0816748177068,0.0818423367039,0.0818981763696,0.0822611341967,0.0826333986347,0.0825403325252,0.0827916110209,0.0831359556261,0.0831638754589,0.0832104085137,0.0833872341218,0.0835082200641,0.0839735506117,0.0843830414935,0.084476107603,0.0846529332111,0.0849507447615,0.0851182637587,0.085434688531,0.0857604199143,0.0859093256895,0.0861792174071,0.0864863355685,0.086765533897,0.0873053173322,0.0877427280469,0.0879381668768,0.0881894453725,0.0885896296434,0.0889805073034,0.0893806915743,0.0897064229575,0.0898739419547,0.0902182865599,0.0906184708308,0.0910186551017,0.0912047873207,0.0912792402083,0.0916049715916,0.0915956649806,0.0916794244792,0.0922192079143,0.0925077128538,0.0927682979605,0.0929823500123,0.0931033359547,0.093242935119,0.093233628508,0.0933080813956,0.0934849070037,0.093810638387,0.0942759689345,0.0943504218221,0.0944434879317,0.0944434879317,0.0944155680988,0.094759912704,0.0947319928711,0.0946110069288,0.0945365540412,0.0944807143755,0.0944714077645,0.0944993275974,0.0946389267616,0.0948436722025,0.0947040730383,0.0946761532054,0.0948250589806,0.0949646581449,0.0951880168077,0.0951880168077,0.0951787101968,0.0953183093611,0.0955416680239,0.095709187021,0.0959511589057,0.0961559043467,0.0961279845138,0.0959139324619,0.0960442250152,0.0961000646809,0.0962675836781,0.0963792630095,0.0963792630095,0.0962861969,0.0961372911248,0.0962210506233,0.0961279845138,0.0964071828423,0.0965933150614,0.0967794472804,0.0972168579951,0.0971051786637,0.0973006174936,0.0977473348193,0.0978404009288,0.0979520802602,0.0980916794245,0.0983336513092,0.0984918636954,0.0983987975859,0.0986221562487,0.0988455149115,0.0990223405196,0.0991805529058,0.0990874867962,0.0991619396839,0.0994225247905,0.0996738032862,0.0998506288942,0.0999623082256,0.10000884128,0.100194973499,0.100390412329,0.100892969321,0.101339686646,0.101684031252,0.101879470082,0.102074908912,0.102465786571,0.102605385736,0.102828744399,0.103247541891,0.103452287332,0.103377834445,0.103489513776,0.103498820387,0.103619806329,0.103759405494,0.103899004658,0.103889698047,0.104382948427,0.104792439309,0.104913425252,0.104969264917,0.105146090525,0.10528568969,0.105406675632,0.105713793793,0.105899926012,0.106197737563,0.106439709448,0.106597921834,0.10695157305,0.107128398658,0.107379677154,0.107416903597,0.107751941592,0.107891540756,0.108049753142,0.108254498583,0.108235885361,0.108580229966,0.108840815073,0.1092037729,0.109445744785,0.109836622445,0.110311259603,0.110190273661,0.11037640588,0.110999948814,0.111493199194,0.111958529742,0.112284261125,0.112730978451,0.113159082554,0.113643026324,0.113698865989,0.113912918041,0.114434088255,0.114945951857,0.115318216295,0.115830079897,0.116351250111,0.116583915384,0.117151618652,0.117365670704,0.117635562422,0.118054359915,0.118166039246,0.118631369794,0.119059473897,0.119822615995,0.120306559765,0.120837036589,0.12123722086,0.121507112577,0.121618791909,0.121944523292,0.122233028232,0.122502919949,0.12290310422,0.123266062047,0.123610406652,0.124029204145,0.12417810992,0.124196723142,0.124513147915,0.124801652854,0.125229756958,0.125648554451,0.126123191609,0.126551295713,0.127118998981,0.127668089027,0.128207872462,0.128645283177,0.128896561673,0.129594557494,0.129957515321,0.13033908637,0.130767190474,0.13131628052,0.131958436675,0.132665739108,0.133419574595,0.133782532422,0.134313009246,0.134582900964,0.135104071177,0.135653161223,0.136239477713,0.136937473534,0.137728535465,0.138435837897,0.139236206439,0.140055188203,0.140585665027,0.141283660848,0.141739684785,