# R script for Peak Model
#  -- generated by MACS
p <- c(0.037109395639,0.0386944703271,0.040310624911,0.0415538207448,0.0433875345997,0.0447861299127,0.0464955241842,0.0480805988723,0.0496345936645,0.0508467096025,0.0524007043948,0.0540790187704,0.0561924516879,0.0579018459593,0.0594558407516,0.0613517143981,0.0629678689821,0.0641489050242,0.0658893791915,0.0675055337755,0.0688730491926,0.070209484714,0.0703648841932,0.0701784048181,0.0694946471095,0.0695878867971,0.0700540852347,0.0703027244015,0.070209484714,0.0701473249223,0.0703027244015,0.0700851651306,0.0697743661721,0.0695878867971,0.0695878867971,0.0700851651306,0.0697743661721,0.0700230053389,0.0698986857555,0.0701473249223,0.0703338042974,0.0699608455472,0.0700851651306,0.0700230053389,0.0699297656514,0.0696811264846,0.0696811264846,0.0701473249223,0.069805446068,0.0698676058597,0.0696189666929,0.0693081677345,0.0692770878386,0.0695878867971,0.069401407422,0.0693081677345,0.0687487296093,0.0686554899217,0.0688730491926,0.0686865698176,0.0684690105467,0.0686554899217,0.0686554899217,0.0685311703383,0.0685622502342,0.0687487296093,0.0688108894009,0.0682514512757,0.0683757708591,0.0682825311716,0.0678474126298,0.0672258147128,0.0670082554419,0.0671636549212,0.0667285363793,0.0666042167959,0.0669771755461,0.0669460956502,0.0667285363793,0.0662623379417,0.0661690982541,0.066386657525,0.0664177374209,0.0667285363793,0.0670082554419,0.0673190544004,0.0669150157544,0.0669460956502,0.0669460956502,0.0667596162752,0.0666663765876,0.0664488173167,0.0662312580458,0.0662934178375,0.0664177374209,0.066386657525,0.0663555776292,0.0669150157544,0.0672568946087,0.0671636549212,0.0671636549212,0.0669771755461,0.0669150157544,0.0672258147128,0.0673501342962,0.0678163327339,0.0676298533588,0.068002812109,0.0680338920048,0.0678474126298,0.0675366136713,0.0677541729422,0.0676609332547,0.0678474126298,0.0679406523173,0.0687798095051,0.0688730491926,0.0690284486719,0.0690595285677,0.0688730491926,0.0684690105467,0.0686244100259,0.0690284486719,0.0688419692968,0.0691527682552,0.0688730491926,0.0690595285677,0.0690595285677,0.0687176497134,0.0685000904425,0.0689352089843,0.0690284486719,0.0689352089843,0.0690906084636,0.068997368776,0.0690595285677,0.0689352089843,0.0693081677345,0.0691838481511,0.0694946471095,0.0696500465888,0.0693703275262,0.0695878867971,0.0698986857555,0.0696811264846,0.0696189666929,0.069401407422,0.0691527682552,0.0691216883594,0.0688108894009,0.0688730491926,0.0686244100259,0.0688730491926,0.068997368776,0.068997368776,0.0694324873178,0.0695878867971,0.0689041290885,0.0687798095051,0.0682203713799,0.0683757708591,0.0683757708591,0.068406850755,0.0687176497134,0.068406850755,0.0685311703383,0.0681582115882,0.0682514512757,0.0680960517965,0.0682514512757,0.0686244100259,0.0687176497134,0.0687798095051,0.0688419692968,0.0688108894009,0.0688108894009,0.0684690105467,0.0686554899217,0.0688108894009,0.0689352089843,0.0689352089843,0.0685000904425,0.0689662888802,0.0690906084636,0.0689662888802,0.0684690105467,0.0677852528381,0.0673812141921,0.0674744538796,0.0676920131505,0.0677230930464,0.0674433739838,0.067598773463,0.0678163327339,0.0675366136713,0.0677541729422,0.067598773463,0.0678163327339,0.0677230930464,0.0674433739838,0.0674744538796,0.0680960517965,0.0683757708591,0.0687176497134,0.0689352089843,0.0689352089843,0.0691216883594,0.0691527682552,0.0699919254431,0.0700851651306,0.0699608455472,0.070209484714,0.0703027244015,0.0702405646098,0.0697122063805,0.0692770878386,0.0694324873178,0.0695257270054,0.0695568069012,0.0699608455472,0.0705513635683,0.0702405646098,0.0703338042974,0.0705513635683,0.0710797217976,0.0714837604436,0.0712662011727,0.0711108016935,0.0714216006519,0.0717323996104,0.0723229176314,0.072416157319,0.0726958763816,0.07300667534,0.0732242346109,0.0733174742985,0.0739390722154,0.073814752632,0.0740012320071,0.0738769124237,0.0741877113821,0.0741255515905,0.0744052706531,0.0743741907572,0.0743431108614,0.0742498711738,0.0739390722154,0.0736593531528,0.0734728737777,0.0732553145068,0.0734728737777,0.0730377552359,0.0727269562774,0.0721053583605,0.0722607578397,0.0722607578397,0.0725715567982,0.0726647964857,0.0727269562774,0.0724472372148,0.0721675181522,0.0721675181522,0.0722296779439,0.0721675181522,0.0722296779439,0.0725093970065,0.0722607578397,0.0722296779439,0.0725404769024,0.072416157319,0.0724472372148,0.072602636694,0.0722607578397,0.0723539975273,0.0723229176314,0.0721985980481,0.0725404769024,0.0725404769024,0.0726958763816,0.0731620748193,0.0729134356525,0.0727891160691,0.0732863944026,0.0736593531528,0.0737215129445,0.0741255515905,0.0743741907572,0.0749336288824,0.0749957886741,0.075213347945,0.0757727860702,0.0762079046121,0.0763633040913,0.0769538221124,0.0772024612791,0.078228097842,0.0781659380503,0.0786942962797,0.0791604947174,0.0795023735716,0.0795334534675,0.0799996519052,0.0805280101345,0.0810563683639,0.081646886385,0.0818955255517,0.0819266054476,0.0817401260725,0.0818644456559,0.0825171234686,0.0831387213855,0.0836670796149,0.0834184404481,0.0837292394066,0.0838846388858,0.0841954378442,0.0849413553445,0.0850967548238,0.0855318733656,0.0859359120116,0.0857183527407,0.0857494326365,0.0859980718033,0.0857805125323,0.0860291516991,0.0861223913866,0.0861223913866,0.0858737522199,0.0856872728448,0.085656192949,0.0859359120116,0.0855940331573,0.0858115924282,0.0859980718033,0.0858737522199,0.0862777908659,0.0868061490952,0.0867750691994,0.0867129094077,0.0864331903451,0.0867129094077,0.0870858681578,0.0872412676371,0.0873034274288,0.0875831464914,0.0876763861789,0.0878939454498,0.0882669042,0.0883601438875,0.0886087830542,0.0885466232626,0.0887952624293,0.088857422221,0.0888885021169,0.0889817418044,0.0882358243041,0.0889506619085,0.0891371412836,0.0895722598254,0.0896033397213,0.0895722598254,0.0900384582631,0.0900384582631,0.0905046567008,0.0905978963883,0.0905668164925,0.0909397752426,0.0916235329512,0.0905978963883,0.091468133472,0.0913748937845,0.0914370535761,0.0914992133678,0.0913438138886,0.0914059736803,0.091872172118,0.0919964917014,0.092462690139,0.0923072906598,0.0917789324304,0.0919964917014,0.0921518911806,0.0919964917014,0.0920275715972,0.0921518911806,0.0920275715972,0.0915924530554,0.0914992133678,0.0906289762842,0.0903492572216,0.0901006180548,0.0898208989922,0.0898208989922,0.0892925407628,0.0892925407628,0.0894168603462,0.0897276593047,0.0894168603462,0.0892303809711,0.0892303809711,0.0885777031584,0.0886398629501,0.0883290639916,0.0886709428459,0.0886398629501,0.0883601438875,0.0881736645124,0.0875831464914,0.0876142263872,0.0881115047207,0.0878007057623,0.0875209866997,0.0881115047207,0.0875209866997,0.0877385459706,0.0877696258664,0.0882047444083,0.0884223036792,0.0883290639916,0.0881115047207,0.0879871851373,0.0873345073246,0.087645306283,0.0878007057623,0.0878317856581,0.0873966671163,0.0878939454498,0.0879250253457,0.0879871851373,0.0883601438875,0.0883290639916,0.0886087830542,0.0889195820127,0.0894168603462,0.0896033397213,0.0899452185756,0.0903492572216,0.0907532958676,0.0910330149302,0.0910019350343,0.0907843757634,0.0908465355551,0.0907843757634,0.0911573345135,0.0918410922221,0.0916235329512,0.0917167726388,0.0911573345135,0.0910951747219,0.0910951747219,0.0912505742011,0.0917167726388,0.0918410922221,0.0916546128471,0.0915302932637,0.0913438138886,0.0919343319097,0.0917167726388,0.0914992133678,0.0917789324304,0.0917478525346,0.0919032520138,0.092058651493,0.0921518911806,0.092462690139,0.0932086076393,0.0935815663895,0.0938302055562,0.0936437261811,0.094078844723,0.0939545251396,0.0937058859728,0.0933018473268,0.0935194065978,0.094482883369,0.0944518034731,0.0948869220149,0.0946072029523,0.0943896436814,0.0945761230565,0.0942964039939,0.0943896436814,0.0947315225357,0.0952598807651,0.0960679580571,0.0965341564947,0.0970314348283,0.0974665533701,0.0970314348283,0.0977773523285,0.0980570713911,0.0981192311828,0.0985232698288,0.0992070275374,0.0994245868083,0.100046184725,0.100170504309,0.10038806358,0.100450223371,