# R script for Peak Model
#  -- generated by MACS
p <- c(0.0325867993838,0.0331422561915,0.0341297349607,0.0353640834222,0.0362898447683,0.0372773235375,0.0383265197298,0.0388819765375,0.0402397598452,0.0411038037682,0.0418444128451,0.0423381522297,0.0432639135759,0.0441279574989,0.0453623059604,0.0464115021527,0.0475841331911,0.048263024845,0.0488184816526,0.0495590907295,0.0506082869218,0.0514106134218,0.0522129399218,0.0533855709602,0.0541878974602,0.054805071691,0.0557925504602,0.0567183118063,0.0575206383063,0.0582612473832,0.0590018564601,0.0596190306908,0.0604213571908,0.061347118537,0.0619025753446,0.0623963147292,0.0622728798831,0.0617791404985,0.0616557056523,0.0618408579216,0.0617791404985,0.0615322708062,0.0610385314216,0.0614705533831,0.0611619662677,0.061347118537,0.0604830746139,0.0601127700754,0.0599893352293,0.0601127700754,0.0600510526524,0.0598659003831,0.0602362049216,0.0608533791523,0.0604213571908,0.060544792037,0.0608533791523,0.0612236836908,0.0609150965754,0.0611002488446,0.0612854011139,0.0617174230754,0.0617791404985,0.0616557056523,0.0611619662677,0.0608533791523,0.0607299443062,0.0604213571908,0.0604213571908,0.0604213571908,0.060544792037,0.0604213571908,0.060544792037,0.0609150965754,0.0607299443062,0.0599893352293,0.0598659003831,0.0591252913062,0.0584463996524,0.0585081170755,0.0583229648063,0.0579526602678,0.0578292254217,0.0586932693447,0.0586932693447,0.0585698344986,0.0583229648063,0.058137812537,0.0576440731524,0.0576440731524,0.0577675079986,0.0578909428447,0.0577057905755,0.0573972034601,0.0573354860371,0.0569034640755,0.0568417466524,0.0569651814986,0.0566565943832,0.0562862898448,0.0567183118063,0.0572120511909,0.0573972034601,0.057273768614,0.0570268989217,0.0574589208832,0.0576440731524,0.0577675079986,0.0579526602678,0.0581995299601,0.0578909428447,0.058076095114,0.0578292254217,0.0576440731524,0.0574589208832,0.057273768614,0.0572120511909,0.0571503337678,0.0576440731524,0.0582612473832,0.0580143776909,0.0578292254217,0.0579526602678,0.0581995299601,0.058137812537,0.0575823557294,0.0578909428447,0.0577675079986,0.0574589208832,0.0570886163447,0.0576440731524,0.0573972034601,0.0583229648063,0.058137812537,0.0578909428447,0.058076095114,0.0581995299601,0.0582612473832,0.0580143776909,0.0584463996524,0.0579526602678,0.0580143776909,0.0579526602678,0.0579526602678,0.0577675079986,0.0573354860371,0.0579526602678,0.058076095114,0.0582612473832,0.0585698344986,0.058940139037,0.058940139037,0.0582612473832,0.058137812537,0.0582612473832,0.0576440731524,0.0574589208832,0.0574589208832,0.0572120511909,0.0569034640755,0.0570268989217,0.0567800292294,0.0571503337678,0.0569651814986,0.0571503337678,0.0575206383063,0.0573354860371,0.0573972034601,0.0574589208832,0.0573972034601,0.0574589208832,0.0575206383063,0.0569651814986,0.0562245724217,0.055669115614,0.0555456807679,0.0557925504602,0.0550519413833,0.0551136588063,0.0549285065371,0.054866789114,0.054805071691,0.0550519413833,0.0549285065371,0.0552370936525,0.0553605284986,0.0557308330371,0.0559159853063,0.0562862898448,0.0560394201525,0.0562245724217,0.0561628549986,0.0561628549986,0.0559777027294,0.0558542678832,0.055669115614,0.0554839633448,0.0555456807679,0.0553605284986,0.0554222459217,0.0553605284986,0.0555456807679,0.0551136588063,0.0546816368448,0.0536324406525,0.0533238535371,0.0533855709602,0.0528918315756,0.0532621361141,0.0535707232295,0.0534472883833,0.0532621361141,0.0535090058064,0.0535090058064,0.0534472883833,0.0533855709602,0.0533238535371,0.0535090058064,0.0528301141525,0.0531387012679,0.053200418691,0.0534472883833,0.0534472883833,0.0536324406525,0.0534472883833,0.0538175929218,0.0540644626141,0.0536324406525,0.0535707232295,0.0535090058064,0.0536941580756,0.0538175929218,0.0539410277679,0.0543113323064,0.0536941580756,0.0538793103448,0.0541878974602,0.0540644626141,0.0543113323064,0.0542496148833,0.0541878974602,0.0543730497294,0.0543113323064,0.0543730497294,0.0547433542679,0.054866789114,0.0552988110756,0.0560394201525,0.0560394201525,0.0561011375755,0.0562245724217,0.0567800292294,0.0569651814986,0.0567800292294,0.0570268989217,0.0568417466524,0.0566565943832,0.0569034640755,0.0569651814986,0.0569034640755,0.0566565943832,0.0569651814986,0.0569651814986,0.0570268989217,0.0573354860371,0.0574589208832,0.0578292254217,0.058137812537,0.0584463996524,0.0588167041909,0.0591870087293,0.0594338784216,0.0595573132678,0.0601744874985,0.0604213571908,0.0606682268831,0.0611619662677,0.0617174230754,0.0620260101908,0.0624580321523,0.0622728798831,0.06221116246,0.06221116246,0.0621494450369,0.0626431844215,0.0633220760754,0.0636306631907,0.063877532883,0.0642478374215,0.0643095548446,0.0654204684599,0.0657907729984,0.0659142078445,0.0661610775368,0.066284512383,0.0668399691907,0.0676422956906,0.0684446221906,0.0689383615752,0.0701109926137,0.0706664494213,0.0713453410752,0.0719007978828,0.0725179721136,0.0730734289213,0.0739991902674,0.0747397993443,0.0748632341905,0.0747397993443,0.0751101038828,0.0756038432674,0.0760358652289,0.0767147568827,0.0770233439981,0.0775170833827,0.0781342576135,0.0794920409211,0.080232649998,0.0812818461903,0.0822076075364,0.0831333688826,0.0840591302287,0.0844911521902,0.0848614567287,0.0851700438441,0.0863426748825,0.0866512619979,0.0875153059209,0.0879473278825,0.0881324801517,0.0887496543824,0.0894285460363,0.0905394596516,0.0912183513054,0.0914652209977,0.091650373267,0.0923292649208,0.0935018959592,0.0942425050361,0.0946128095746,0.0948596792669,0.0954768534976,0.0954151360746,0.0954768534976,0.0964026148438,0.0964026148438,0.097390093613,0.0985627246514,0.0988095943437,0.099056464036,0.0996119208437,0.099858790536,0.100784551882,0.101586878382,0.102450922305,0.103438401074,0.103314966228,0.103993857882,0.105104771497,0.105536793459,0.106339119959,0.107264881305,0.10695629419,0.10775862069,0.107943772959,0.108314077497,0.109548425959,0.110042165343,0.110289035036,0.109671860805,0.109795295651,0.10998044792,0.109857013074,0.110535904728,0.111153078959,0.11158510092,0.111523383497,0.111153078959,0.111893688036,0.112263992574,0.113251471343,0.113930362997,0.114917841766,0.116028755382,0.115720168266,0.115967037959,0.116460777343,0.11720138642,0.116584212189,0.116954516728,0.117324821266,0.117139668997,0.117509973536,0.117756843228,0.118312300036,0.118374017459,0.118867756843,0.119299778805,0.119793518189,0.120102105305,0.120842714382,0.121830193151,0.121953627997,0.122385649959,0.122509084805,0.123002824189,0.123496563574,0.124545759766,0.125656673382,0.125841825651,0.126212130189,0.127199608958,0.128063652881,0.128989414228,0.130594067228,0.131519828574,0.131458111151,0.132137002804,0.132322155074,0.132383872497,0.133309633843,0.133865090651,0.133926808074,0.133865090651,0.134297112612,0.134235395189,0.134605699727,0.134914286843,0.135840048189,0.13627207015,0.136518939843,0.136950961804,0.137753288304,0.138308745112,0.13886420192,0.13867904965,0.139419658727,0.139913398112,0.139913398112,0.140036832958,0.140654007189,0.142196942766,0.14269068215,0.143246138958,0.144110182881,0.144048465458,0.14349300865,0.143801595766,0.144912509381,0.146085140419,0.146208575266,0.147628075996,0.147751510843,0.148368685073,0.148738989612,0.14910929415,0.150528794881,0.151824860765,0.152256882727,0.152071730458,0.151948295612,0.152256882727,0.152627187265,0.15312092665,0.153861535727,0.154293557689,0.15472557965,0.155836493265,0.156083362958,0.156577102342,0.157009124304,0.15713255915,0.158613777304,0.158552059881,0.159662973496,0.161020756804,0.162069952996,0.162501974958,0.163798040842,0.164538649919,0.164291780227,0.164476932496,0.165217541573,0.165094106727,0.165649563534,0.166205020342,0.166019868073,0.166883911996,0.167871390765,0.168611999842,0.169105739227,0.16996978315,0.171204131611,0.17219161038,0.17237676265,0.173549393688,0.174290002765,0.175277481534,0.175894655765,0.175956373188,0.17638839515,0.177129004226,0.177993048149,0.179103961765,0.178178200419,0.178795374649,0.179844570842,0.181325788996,0.181881245803,