# R script for Peak Model
#  -- generated by MACS
p <- c(0.0310247394011,0.0319775145075,0.0326325473931,0.0337044193878,0.0342999038293,0.0350740336032,0.0359077118213,0.0368009384835,0.0376941651457,0.0382896495872,0.0391233278053,0.0399570060233,0.0412075233504,0.0423984922334,0.0433512673398,0.0437681064488,0.0444231393344,0.0454354628849,0.0465668833238,0.0475792068743,0.0481151428716,0.0490083695338,0.0498420477519,0.0511521135232,0.0521644370737,0.0529385668476,0.0535935997332,0.0544868263954,0.0557373437226,0.0566901188289,0.0578810877119,0.0586552174858,0.0596079925922,0.0603225739219,0.0609180583634,0.0617517365815,0.0625258663554,0.0621685756905,0.0622876725788,0.0620494788022,0.0615135428049,0.0615730912491,0.0617517365815,0.0619303819139,0.0619899303581,0.0620494788022,0.0617517365815,0.0616326396932,0.0618708334698,0.0624067694671,0.0626449632437,0.0625258663554,0.0620494788022,0.0621090272464,0.0621090272464,0.0625258663554,0.0622876725788,0.0616921881374,0.0615730912491,0.0615730912491,0.0615730912491,0.0613944459166,0.0616326396932,0.0615730912491,0.0618112850257,0.0615730912491,0.06115625214,0.0612753490283,0.0605607676985,0.0600843801454,0.0597866379246,0.0600843801454,0.0599652832571,0.0606798645868,0.0603821223661,0.0604416708102,0.0608585099193,0.060739413031,0.0605012192544,0.0602630254778,0.0602630254778,0.0599057348129,0.0598461863688,0.0598461863688,0.0599057348129,0.0597866379246,0.0593102503714,0.0587743143741,0.0590125081507,0.0592507019273,0.0594293472597,0.0588934112624,0.0584765721534,0.0581788299326,0.0585361205975,0.0587743143741,0.059131605039,0.0587743143741,0.0585361205975,0.0588338628182,0.0589529597065,0.0588338628182,0.0583574752651,0.0582979268209,0.0577024423794,0.0577024423794,0.0577619908236,0.0578810877119,0.0577619908236,0.0577024423794,0.0577024423794,0.057940636156,0.0582383783768,0.0585956690417,0.0585956690417,0.0582383783768,0.0580001846002,0.0577619908236,0.0577619908236,0.0578810877119,0.0582979268209,0.0586552174858,0.0584170237092,0.0577619908236,0.0572856032704,0.0574642486028,0.0578810877119,0.0580597330443,0.0578215392677,0.0578810877119,0.057940636156,0.0581192814885,0.0581192814885,0.057940636156,0.0580001846002,0.057523797047,0.0572856032704,0.057106957938,0.0565710219406,0.0562137312757,0.056332828164,0.0561541828316,0.0568687641614,0.0565710219406,0.0567496672731,0.0565710219406,0.0563923766082,0.0556182468343,0.0556777952784,0.0552609561694,0.0548441170603,0.054725020172,0.0551418592811,0.0555586983901,0.0557968921667,0.0556777952784,0.0553800530577,0.0555586983901,0.0554396015018,0.0552014077252,0.0553800530577,0.055499149946,0.0550823108369,0.0552014077252,0.0552014077252,0.0552609561694,0.0556777952784,0.0555586983901,0.055499149946,0.0553205046135,0.054725020172,0.0547845686162,0.0547845686162,0.0544868263954,0.0543677295071,0.054308181063,0.0541890841747,0.0541295357306,0.0541295357306,0.0543677295071,0.053891341954,0.0540104388423,0.054308181063,0.0541295357306,0.0541295357306,0.0536531481774,0.0533554059566,0.0530576637359,0.0529981152917,0.0533554059566,0.0536531481774,0.053891341954,0.0537722450657,0.0534149544008,0.0529981152917,0.0523430824061,0.0522239855178,0.0524026308503,0.0525812761827,0.0521644370737,0.0518071464088,0.0516880495205,0.0515689526322,0.0510330166349,0.0512712104114,0.0511521135232,0.0518666948529,0.0520453401854,0.0519262432971,0.0523430824061,0.0521644370737,0.0517475979646,0.0523430824061,0.0522239855178,0.0526408246269,0.05311721218,0.0526408246269,0.05311721218,0.0530576637359,0.0535935997332,0.0536531481774,0.0538317935098,0.0540104388423,0.0545463748396,0.054725020172,0.0544868263954,0.054725020172,0.054725020172,0.0545463748396,0.054725020172,0.0555586983901,0.0556182468343,0.0556182468343,0.0560946343874,0.0565114734965,0.0566901188289,0.0567496672731,0.0566901188289,0.0566305703848,0.0570474094938,0.0566305703848,0.0569878610497,0.0572260548263,0.0574047001587,0.0576428939353,0.0573451517145,0.0571665063821,0.0573451517145,0.0573451517145,0.0573451517145,0.0576428939353,0.0578810877119,0.0582383783768,0.0581788299326,0.0588338628182,0.0584170237092,0.0587743143741,0.0588934112624,0.0593697988156,0.0600843801454,0.0599652832571,0.0602034770337,0.0607989614751,0.0612753490283,0.0612753490283,0.0612753490283,0.0614539943608,0.0620494788022,0.062764060132,0.0634786414618,0.0640145774591,0.0646696103448,0.0647887072331,0.0657414823394,0.0662178698926,0.0666942574458,0.0675279356639,0.0677065809963,0.0682425169936,0.0692548405442,0.0693739374324,0.0700289703181,0.0705053578713,0.0709817454244,0.0717558751984,0.0727086503047,0.0724704565281,0.073601876967,0.0742569098526,0.0745546520733,0.0754478787355,0.0757456209563,0.0767579445068,0.076817492951,0.0775916227249,0.0779489133898,0.0785443978312,0.0781275587222,0.0787230431637,0.0793780760493,0.0793185276052,0.0794376244935,0.0797949151584,0.0802713027115,0.0802117542674,0.080449948044,0.0810454324855,0.0809263355972,0.0808072387089,0.0812240778179,0.0817600138152,0.0822364013684,0.082474595145,0.0826532404775,0.0834273702514,0.0834273702514,0.0837846609163,0.084082403137,0.0850351782434,0.0855711142407,0.0864047924588,0.0864047924588,0.0870002769003,0.08771485823,0.0879530520066,0.0885485364481,0.0892035693337,0.0896204084428,0.0894417631103,0.0897990537752,0.0898586022194,0.090513635105,0.0905731835491,0.0907518288816,0.0915855070997,0.0918832493204,0.0921809915411,0.0925978306502,0.0931933150917,0.0943842839746,0.095337059081,0.0956348013017,0.0961707372991,0.0968853186288,0.0981358359559,0.0978380937352,0.0982549328442,0.0983144812884,0.098552675065,0.0990290626182,0.0994459017272,0.100041386169,0.100220031501,0.100755967498,0.101053709719,0.101470548828,0.102006484826,0.10206603327,0.101827839493,0.102482872379,0.103673841262,0.103197453709,0.102721066155,0.103852486594,0.104150228815,0.104447971036,0.104567067924,0.104567067924,0.104686164812,0.104924358589,0.10522210081,0.105877133695,0.105996230583,0.106115327472,0.106651263469,0.107008554134,0.107246747911,0.107782683908,0.108378168349,0.109152298123,0.109152298123,0.109807331009,0.109926427897,0.110045524786,0.110641009227,0.111534235889,0.112963398549,0.113797076767,0.113797076767,0.114690303429,0.115226239426,0.115583530091,0.115464433203,0.115762175424,0.116536305198,0.117369983416,0.118203661634,0.118322758522,0.119454178961,0.120168760291,0.120466502511,0.121359729174,0.122074310503,0.123503473163,0.124456248269,0.12475399049,0.125766314041,0.126242701594,0.12648089537,0.127314573588,0.128148251807,0.12892238158,0.129160575357,0.128803284692,0.128565090916,0.12963696291,0.130172898908,0.129756059799,0.130411092684,0.130887480237,0.131363867791,0.13207844912,0.132971675783,0.133209869559,0.133626708668,0.13422219311,0.13523451666,0.134996322884,0.135353613548,0.135770452657,0.136127743322,0.137020969985,0.137914196647,0.138866971753,0.138807423309,0.140712973522,0.142142136181,0.142023039293,0.142678072179,0.14255897529,0.142499426846,0.143571298841,0.144643170836,0.1450004615,0.145834139719,0.146310527272,0.147084657046,0.147739689931,0.148573368149,0.149049755703,0.149823885476,0.149764337032,0.150002530809,0.150002530809,0.150062079253,0.151074402804,0.15202717791,0.152563113907,0.152622662351,0.152324920131,0.152265371687,0.152503565463,0.153218146793,0.153396792125,0.153158598349,0.153575437458,0.154290018788,0.154528212564,0.153932728123,0.154290018788,0.154825954785,0.156374214333,0.156731504998,0.156314665889,0.156493311221,0.157386537883,0.157982022325,0.157982022325,0.15833931299,0.159292088096,0.159411184984,0.160363960091,0.161018992976,0.161316735197,0.160661702311,0.159530281873,0.16006621787,0.160483056979,0.16107854142,0.160244863202,0.160721250756,0.162269510303,0.162388607192,0.162984091633,0.16352002763,0.163817769851,0.163817769851,0.164115512072,0.164710996513,0.165366029399,0.165008738734,0.165187384067,0.16566377162,0.166080610729,0.165723320064,0.165425577843,0.165961513841,0.166021062285,0.166854740503,