# R script for Peak Model
#  -- generated by MACS
p <- c(0.00967382797725,0.00985235306102,0.0101647719576,0.0103879283124,0.0106891893912,0.0109569770169,0.0111801333716,0.0114032897264,0.011671077352,0.0119277071599,0.0121620213324,0.0123963355049,0.0127087544015,0.0129319107562,0.0132666452883,0.0135121172785,0.0137129579977,0.0139472721702,0.0140923238008,0.0142596910668,0.014505163057,0.014717161594,0.0149068444955,0.0151188430325,0.0153196837517,0.0156097870129,0.0158441011853,0.0160449419046,0.0162234669884,0.0164466233431,0.0166363062446,0.0169487251412,0.0171830393137,0.0174508269393,0.0176405098409,0.0179082974665,0.0179082974665,0.0180198756439,0.0180645069148,0.0181314538213,0.0181649272745,0.0182095585454,0.0182541898163,0.0181649272745,0.0180868225503,0.0180533490971,0.0180645069148,0.0180533490971,0.0179752443729,0.0178859818311,0.0179640865552,0.0179864021907,0.0180198756439,0.0180087178262,0.0179529287375,0.0179417709197,0.0178636661956,0.0179529287375,0.017930613102,0.0178859818311,0.0178636661956,0.0180533490971,0.0180421912794,0.0180868225503,0.0180087178262,0.0179082974665,0.0178748240133,0.0179864021907,0.0179864021907,0.0180198756439,0.0179752443729,0.017930613102,0.0178971396488,0.0180310334616,0.0180087178262,0.0180645069148,0.0179640865552,0.0179864021907,0.0179975600084,0.0180756647326,0.0180421912794,0.0180868225503,0.0181091381858,0.0180756647326,0.0180645069148,0.0180756647326,0.0180310334616,0.0181091381858,0.0181872429099,0.0182207163631,0.0183434523582,0.0184661883533,0.0184661883533,0.0186112399839,0.0186558712549,0.0186670290726,0.0187116603435,0.0186893447081,0.0186670290726,0.0187674494322,0.0187116603435,0.0188567119741,0.0190575526934,0.0190129214224,0.0191244995998,0.019113341782,0.0191691308707,0.0191356574175,0.0192472355949,0.0193364981368,0.0192807090481,0.0192807090481,0.0193588137722,0.0193141825013,0.0194257606786,0.0194815497673,0.0194927075851,0.0196154435802,0.019537338856,0.0194703919496,0.0195484966737,0.0197158639398,0.0196712326688,0.0195931279447,0.019581970127,0.0195596544915,0.0196600748511,0.0197939686639,0.0198609155704,0.0198274421171,0.0199278624768,0.0198720733881,0.0199948093832,0.0198720733881,0.0198609155704,0.0198051264817,0.0198943890236,0.0200617562896,0.0201398610138,0.0201175453783,0.0201621766492,0.0201175453783,0.0202402813734,0.0204299642749,0.0205973315409,0.0204969111813,0.0204411220926,0.0204522799104,0.0205192268168,0.0205973315409,0.0206419628119,0.0206977519006,0.0208985926198,0.0209209082553,0.0210436442504,0.0210659598859,0.0211663802455,0.021356063147,0.0214341678712,0.0214899569598,0.021568061684,0.021568061684,0.0216461664081,0.0217019554968,0.0218581649451,0.0219139540338,0.0220255322112,0.0221371103885,0.0222486885659,0.0223937401965,0.0225164761916,0.0225945809157,0.0227842638172,0.0227619481818,0.0226950012753,0.0228958419946,0.0230185779897,0.0231078405316,0.023174787438,0.0234202594282,0.023386785975,0.0233644703395,0.0235318376056,0.0236992048716,0.0236657314184,0.0238554143199,0.0239558346795,0.0240004659505,0.023978150315,0.0240562550391,0.0243017270293,0.024402147389,0.0246699350146,0.0246922506501,0.0249600382758,0.0253282462611,0.0254286666207,0.0256741386109,0.0257634011528,0.0258191902415,0.0259419262366,0.02622087168,0.0263101342219,0.0264998171234,0.0266113953007,0.026600237483,0.0267787625668,0.0270130767392,0.0271804440053,0.0273812847245,0.0274928629019,0.0276713879857,0.027782966163,0.0281065428774,0.0283408570498,0.0284970664981,0.0287313806706,0.0288764323012,0.0291553777446,0.0293450606461,0.0296128482718,0.0297021108136,0.0298583202619,0.0300368453457,0.030193054794,0.0303715798778,0.0306393675035,0.0310298911242,0.0312976787499,0.031420414745,0.031632413282,0.0318332540012,0.032056410356,0.0324246183413,0.0327481950556,0.0329936670458,0.033239139036,0.0334957688439,0.0337077673809,0.0339420815534,0.0341987113613,0.0345446037111,0.0348570226077,0.0351024945979,0.0353368087704,0.0356603854848,0.0361624872829,0.0362963810957,0.0364860639972,0.0368542719825,0.0373117425097,0.0373898472339,0.0377134239482,0.0382043679286,0.038483313372,0.0387622588154,0.0392197293426,0.0394428856973,0.0398557249535,0.0403913002049,0.0410049801804,0.0414401350721,0.0417748696042,0.0422546557668,0.0426228637521,0.0430580186438,0.0434262266291,0.0437944346144,0.0442519051416,0.044742849122,0.0450775836541,0.0456801058118,0.046304943605,0.0467512563145,0.0472756737481,0.0478000911817,0.0483914555217,0.0491055558568,0.0496522889259,0.0502548110836,0.0507345972463,0.0510804895961,0.0516830117539,0.0524082699067,0.0530777389709,0.0535575251335,0.0541377316558,0.0546509912717,0.0552758290649,0.0561796123015,0.0567821344593,0.0575520238831,0.0584223336665,0.0592703278145,0.0599509546964,0.0606985284847,0.0613568397311,0.06224946515,0.0631309327512,0.0637669283621,0.064704185052,0.0654517588403,0.0661770169931,0.0670026955056,0.0677837427471,0.0684866852645,0.0693793106834,0.0702942517378,0.0710195098906,0.0716555055016,0.0724811840141,0.0733626516152,0.0743222239405,0.0751255868175,0.076118632596,0.0770782049214,0.078193986695,0.0790866121139,0.0800015531682,0.0809722833113,0.0820657494494,0.083014163957,0.0839737362823,0.085256885322,0.0863057201892,0.0874326597805,0.0884814946477,0.0897869593228,0.0909473723674,0.0919850494169,0.0931677780969,0.0939153518852,0.0951650274717,0.0962027045211,0.0974300644721,0.0985458462457,0.0996504702016,0.101022881783,0.102261399552,0.103667284587,0.104682646001,0.105631060508,0.10714852372,0.108364725854,0.109536296716,0.110640920672,0.111857122805,0.113129114027,0.114323000525,0.115673096471,0.117067823688,0.118641075989,0.120035803206,0.121397056969,0.122847573275,0.124365036487,0.125893657517,0.127522698907,0.129095951207,0.130490678424,0.131863090006,0.133268975041,0.134607913169,0.136203481105,0.137575892687,0.138970619904,0.140711239471,0.142362596496,0.143824270619,0.145218997836,0.146446357787,0.148532869704,0.150005701645,0.151768636847,0.153754728404,0.15520524471,0.156968179912,0.158809219839,0.160237420509,0.161799514992,0.16372981746,0.165637804293,0.167333792589,0.169353357599,0.171339449156,0.173180489083,0.175121949369,0.17704109402,0.178926765217,0.180522333153,0.182564213799,0.184371780272,0.186067768568,0.187975755401,0.190240792401,0.192059516692,0.193956345708,0.195406862013,0.197114008127,0.198731891699,0.200807245798,0.202759863901,0.204455852197,0.206832467375,0.208695822937,0.21070423013,0.212366744972,0.214285889623,0.21627198118,0.217967969476,0.220132586117,0.221806258777,0.223881612876,0.22583423098,0.227998847621,0.230107675173,0.232138398001,0.234280699006,0.236155212386,0.237817727228,0.23988192351,0.241979593244,0.243976842619,0.245427358924,0.247446923935,0.249321437314,0.251341002325,0.253193200069,0.255223922897,0.257143067547,0.259084527834,0.26161735246,0.263793126918,0.265779218475,0.267954992934,0.269684454683,0.271692861875,0.273824005063,0.275665044989,0.277595347458,0.279670701557,0.281768371291,0.283654042489,0.285305399513,0.287302648888,0.289076741908,0.290583047303,0.292769979579,0.294644492959,0.296452059432,0.298661307344,0.300591609812,0.302321071561,0.303994744222,0.305880415419,0.307420194267,0.309004604385,0.310678277045,0.312363107524,0.313746676923,0.315130246322,0.317149811332,0.318276750924,0.319816529771,0.321534833703,0.322739878018,0.323922606698,0.324937968112,0.326667429861,0.328709310507,0.330427614438,0.331833499473,0.333038543789,0.334522533548,0.335415158967,0.336586729829,0.33781408978,0.339041449731,0.340547755125,0.341998271431,0.34279047649,0.344140572436,0.344932777495,0.345691509102,0.346829606511,0.348168544639,0.348759908979,0.349596745309,0.350500528546,0.351649783773,0.352653987369,0.354104503675,0.35520912763,0.355856281059,0.356905115926,0.358288685326,0.359326362375,0.360542564508,0.361401716474,0.362272026257,0.363008442228,0.364057277095,0.364938744696,0.365652845032,0.36654547045,0.367772830401,0.368832823086,0.370272181574,0.37103091318,0.371912380782,