# R script for Peak Model
#  -- generated by MACS
p <- c(0.00852733184513,0.00867116635818,0.00886637034017,0.00914376547248,0.00944170839237,0.00963691237437,0.00983211635637,0.0100067725508,0.0102122504266,0.0105101933465,0.0107362190098,0.0110136141421,0.0111985442303,0.0113423787434,0.0115889521943,0.0118252517515,0.0121129207776,0.0122978508658,0.0125238765292,0.0128012716615,0.0130683929,0.0133355141385,0.0135409920143,0.0137361959963,0.0139724955535,0.0142807123671,0.0145889291808,0.0148868721007,0.0151745411268,0.0154622101529,0.0156471402411,0.0159039875858,0.0162224782933,0.0164998734256,0.0167567207704,0.0170135681151,0.0172498676722,0.0173423327164,0.0174758933356,0.0174245238667,0.0175375366983,0.0175375366983,0.0175889061673,0.0175991800611,0.017701918999,0.0176402756362,0.0177943840431,0.0178560274058,0.0178868490872,0.0179382185561,0.0179690402375,0.0179998619189,0.0181026008568,0.0180717791754,0.0181231486443,0.0181642442195,0.0182258875822,0.0182258875822,0.0183389004139,0.0184108176704,0.0184005437767,0.0184930088208,0.0185341043959,0.018482734927,0.0185135566083,0.0186471172276,0.0186471172276,0.0187601300593,0.0188320473158,0.0188423212096,0.0188936906785,0.0189142384661,0.0189656079351,0.0190888946605,0.0193251942177,0.0194895765183,0.0195512198811,0.0195306720935,0.0195203981997,0.0196334110314,0.0198183411196,0.0199621756326,0.0200340928892,0.0199724495264,0.0200443667829,0.0200751884643,0.0201471057208,0.0202909402339,0.0203012141277,0.0202909402339,0.0202601185525,0.0203731313842,0.0203936791718,0.0203628574904,0.020383405278,0.0204245008531,0.0206094309414,0.0207840871358,0.020773813242,0.0207943610296,0.0207635393482,0.0206916220917,0.020722443773,0.0206505265165,0.0207429915606,0.0208251827109,0.0207532654544,0.0207943610296,0.0207840871358,0.0208765521799,0.0210923039494,0.0210203866929,0.0210409344805,0.0210203866929,0.0210409344805,0.0212155906749,0.0212772340377,0.0213491512942,0.0213183296128,0.0214929858072,0.0214107946569,0.0214724380197,0.0215238074886,0.0215340813824,0.0216368203203,0.0216265464265,0.0216265464265,0.0216779158954,0.0216779158954,0.0217806548333,0.0218114765147,0.0217909287271,0.0219655849215,0.0220580499656,0.0222224322663,0.0222121583725,0.0222635278414,0.0223765406731,0.0224073623545,0.0223868145669,0.0224998273986,0.0225409229737,0.0226231141241,0.0227053052744,0.0228491397874,0.0229005092564,0.0230443437694,0.0231162610259,0.0231162610259,0.0231676304949,0.0233320127955,0.0235785862465,0.0236710512906,0.0237532424409,0.0237532424409,0.023794338016,0.0239484464229,0.0241025548297,0.0240717331483,0.0241128287235,0.024236115449,0.0243594021744,0.0244518672186,0.0246059756254,0.0246059756254,0.0246059756254,0.0246881667757,0.0248114535012,0.0248730968639,0.0249141924391,0.0249039185453,0.0249552880142,0.0251093964211,0.0252326831465,0.0254381610223,0.0255408999602,0.0256539127919,0.0258388428801,0.0260032251807,0.0260751424373,0.0261881552689,0.0262600725255,0.0263217158882,0.0263011681006,0.0262395247379,0.0265066459764,0.0265477415516,0.0267121238522,0.0268867800466,0.0269381495156,0.0270100667721,0.0271025318162,0.0273182835858,0.0272874619044,0.027451844205,0.0274929397802,0.0275854048243,0.0276265003994,0.0277395132311,0.0279244433193,0.0280066344697,0.0280477300448,0.0282737557082,0.0283148512833,0.028427864115,0.0287258070349,0.0288079981852,0.0289312849107,0.0290956672113,0.0292908711933,0.0294758012815,0.0294860751753,0.0297121008387,0.0299073048207,0.0301127826965,0.0304620950853,0.0306059295983,0.0308833247307,0.0310271592437,0.0312018154381,0.0312429110133,0.0313764716325,0.0314792105704,0.0315922234021,0.0316846884462,0.0317155101276,0.0318798924282,0.0320648225164,0.032331943755,0.0324963260556,0.0326607083562,0.0328353645506,0.0331333074705,0.0333696070277,0.0336572760538,0.033842206142,0.0341915185308,0.0344586397693,0.0348284999458,0.0351880862284,0.035352468529,0.0357120548116,0.0359689021564,0.0362052017135,0.0366367052527,0.0366572530403,0.0369962915353,0.0372942344552,0.0374791645434,0.0380134070204,0.0382702543652,0.0385784711789,0.038866140205,0.0393181915317,0.0397085994957,0.0400065424156,0.0404996893175,0.040910645069,0.0412907791392,0.0416709132094,0.0421435123237,0.042667480907,0.0430681627648,0.0435099401977,0.0439414437369,0.0445270556829,0.0448352724965,0.0452873238233,0.045883209663,0.0464174521401,0.0468284078917,0.0474037459439,0.0478660711644,0.048420861429,0.0491194862067,0.0498694804533,0.0503934490366,0.0512050866459,0.0518112463795,0.0522222021311,0.052663979564,0.0531468525721,0.0536810950491,0.0543180764641,0.0549139623039,0.0557050521256,0.0561879251337,0.0569173715928,0.0574105184947,0.0580474999096,0.0588796853065,0.059342010527,0.0598454313227,0.0607392600824,0.0615919932669,0.0621467835315,0.0628967777781,0.0636775937061,0.0645714224658,0.0656090857385,0.066266614941,0.0669446919311,0.067437838833,0.0681467375045,0.0689583751138,0.0697700127232,0.0706432936953,0.0714549313046,0.0721124605072,0.0729651936917,0.0735405317439,0.0741877870526,0.0750096985557,0.0759343489968,0.0768898211192,0.0777014587285,0.0785952874882,0.0795507596106,0.0804445883703,0.0816363600498,0.0825507365971,0.0835473042947,0.0845644197798,0.0853657834954,0.0863520772991,0.087287001634,0.0882835693315,0.0892184936663,0.0899273923378,0.0912013551677,0.0921568272901,0.0933383250759,0.0944890011803,0.095721868435,0.096646518876,0.0975711693171,0.098598558696,0.099718413119,0.100797171967,0.101875930815,0.103108798069,0.104351939218,0.105502615322,0.106766304258,0.108163553814,0.109560803369,0.111019696287,0.112252563542,0.113547074159,0.114625833007,0.115786783006,0.116906637429,0.11829361309,0.119731958221,0.121427150696,0.122855221933,0.124180554231,0.125567529893,0.126954505554,0.128362029004,0.129954482541,0.13127981484,0.132502408201,0.133642810411,0.13488595156,0.136591417929,0.138101680316,0.13938591704,0.140927001108,0.142611919689,0.144389303315,0.14616668694,0.147779688265,0.149372141803,0.151272812154,0.152659787815,0.154447445335,0.156327567898,0.157899473648,0.159646035592,0.161228215236,0.163036420543,0.164782982487,0.166416531599,0.168409666994,0.170577458584,0.172282924953,0.173957569641,0.175570570965,0.177337680697,0.179032873172,0.180738339542,0.182515723167,0.184406119624,0.186132133781,0.188001982451,0.190015665633,0.191834144834,0.194012210317,0.195799867837,0.197936837745,0.199837508096,0.201923108535,0.203505288179,0.205457327999,0.207070329324,0.208775795693,0.210697013831,0.212659327545,0.214549724002,0.216491489928,0.218351064704,0.220262008949,0.222327061601,0.223940062926,0.225861281064,0.227443460708,0.229344131059,0.23140918371,0.233104376186,0.234676281935,0.236402296092,0.238107762461,0.240234458475,0.242196772189,0.244220729266,0.24613167351,0.248063165543,0.249768631912,0.251648754475,0.253405590313,0.255090508895,0.257145287653,0.259056231897,0.260926080567,0.2630219549,0.265138377021,0.267265073035,0.269402042943,0.270881483649,0.272525306655,0.274364333643,0.275915691606,0.277795814169,0.279254707087,0.280651956643,0.282193040711,0.283538920797,0.285038909291,0.287052592473,0.288984084506,0.290401881849,0.291829953085,0.29314501149,0.294675821665,0.29607307122,0.297624429182,0.299073048207,0.300388106612,0.301795630061,0.303367535811,0.305093549967,0.306603812354,0.308103800848,0.309860636686,0.311124325622,0.312439384027,0.313816085794,0.31507977473,0.31605579464,0.317227018532,0.31822358623,0.319035223839,0.320278364988,0.320976989766,0.321901640207,0.323062590205,0.324274909672,0.325425585776,0.326648179137,0.327963237542,0.328723505683,0.329648156124,0.33107622736,0.331939234439,0.332997445499,0.334189217179,0.334826198594,0.335853587972,0.336983716289,0.338021379562,0.338874112747,0.339603559206,0.340661770266,0.341740529114,0.342891205218,0.34389804681,0.344719958313,0.345757621585,0.346713093708,0.347915139281,0.348993898129,0.349692522907,0.350750733967,0.35165483662,0.353124003432,0.354100023342,0.355086317146,0.356062337056,