# R script for Peak Model
#  -- generated by MACS
p <- c(0.00658147451521,0.00691261788704,0.00726445771961,0.00749211878775,0.00778186923811,0.00803022676698,0.00825788783512,0.00842345952103,0.00863042412843,0.00889947811805,0.00916853210766,0.00925131795062,0.00943758609728,0.00968594362615,0.00987221177281,0.0100584799195,0.0102033551446,0.0105138020557,0.0107207666631,0.0109484277313,0.0111760887994,0.0114037498675,0.0117762861609,0.0118590720038,0.0120660366112,0.0122523047579,0.0124385729045,0.0127697162764,0.012955984423,0.0132871277949,0.0135768782452,0.0135561817845,0.0137217534704,0.0137631463919,0.0138252357741,0.0138459322348,0.0137631463919,0.0137424499311,0.0137424499311,0.0138252357741,0.0139701109993,0.0140115039207,0.0140528968422,0.0141356826852,0.0140942897637,0.0141356826852,0.01399080746,0.0138873251563,0.0138666286956,0.0137838428526,0.0135354853237,0.0136389676274,0.0137424499311,0.0137631463919,0.0137631463919,0.0138252357741,0.0137217534704,0.0138459322348,0.0138252357741,0.0138459322348,0.0137631463919,0.0137631463919,0.0139287180778,0.0138045393133,0.0136803605489,0.0137217534704,0.0136389676274,0.0136596640882,0.0136182711667,0.0137010570096,0.0137631463919,0.0137424499311,0.0136389676274,0.0138045393133,0.0138045393133,0.0138252357741,0.0138666286956,0.01399080746,0.014073593303,0.01399080746,0.0140115039207,0.014073593303,0.0140942897637,0.014073593303,0.0139701109993,0.0142184685281,0.014466826057,0.0145910048214,0.0146944871251,0.0145703083607,0.0146323977429,0.0144875225177,0.0143012543711,0.0144254331355,0.0143840402141,0.0143426472926,0.0143219508318,0.0144254331355,0.0145496119,0.0145289154392,0.0146323977429,0.0145910048214,0.0145082189785,0.0144254331355,0.0144461295963,0.0144047366748,0.0145703083607,0.0146737906644,0.0147565765074,0.0147565765074,0.0149014517325,0.0149014517325,0.0150463269577,0.0150670234185,0.0152118986436,0.0151498092614,0.0151705057222,0.0151498092614,0.0152946844866,0.0152118986436,0.0152532915651,0.0152946844866,0.015584434937,0.015501649094,0.0153153809473,0.015418863251,0.0153774703296,0.0154602561725,0.0156672207799,0.0157707030836,0.0156672207799,0.0157707030836,0.0158120960051,0.0158120960051,0.0159362747695,0.0159569712303,0.0159569712303,0.0159569712303,0.015894881848,0.0158120960051,0.0157913995443,0.0157707030836,0.0158741853873,0.0157707030836,0.0156879172406,0.0156258278584,0.015501649094,0.0154602561725,0.0152325951044,0.0150049340362,0.0150049340362,0.0152118986436,0.0152946844866,0.0153360774081,0.015584434937,0.015584434937,0.0157293101621,0.0159362747695,0.0160811499947,0.0161018464554,0.0160397570732,0.0161018464554,0.0160811499947,0.0160190606125,0.0159569712303,0.015977667691,0.016060453534,0.0161018464554,0.0161018464554,0.0161225429162,0.0161432393769,0.0163709004451,0.0164743827488,0.0165778650525,0.016453686288,0.0164950792095,0.0162881146021,0.0163502039843,0.0162881146021,0.0163295075236,0.0162467216806,0.0163088110628,0.0163088110628,0.0161639358377,0.0160811499947,0.0160811499947,0.0162881146021,0.0163709004451,0.0164329898273,0.0164122933665,0.0162674181414,0.0161846322984,0.0163709004451,0.0164743827488,0.0164743827488,0.0165778650525,0.0165985615132,0.0167020438169,0.0168883119635,0.0170952765709,0.0172608482569,0.0175092057857,0.0176747774717,0.0178196526968,0.0177368668539,0.0178196526968,0.0180680102257,0.0183784571368,0.0184819394405,0.0186061182049,0.0186889040479,0.0189372615768,0.0188337792731,0.0188751721946,0.0188337792731,0.0191649226449,0.0191649226449,0.0191235297234,0.018999350959,0.0189579580375,0.0190200474197,0.0190200474197,0.0190821368019,0.0192270120271,0.0193511907916,0.019475369556,0.0196202447812,0.0197444235456,0.0197444235456,0.0197858164671,0.0197237270849,0.0197651200064,0.0198272093886,0.0196409412419,0.0197444235456,0.0196616377027,0.0198065129278,0.0199099952315,0.0199720846138,0.0200548704567,0.0202204421426,0.0203860138285,0.020510192593,0.0205722819752,0.0207378536611,0.0209655147293,0.02098621119,0.0209655147293,0.0210483005722,0.0209448182685,0.0211103899544,0.0211931757974,0.0214208368655,0.0215657120907,0.0215864085514,0.0217105873159,0.0218347660803,0.0219175519233,0.0218761590018,0.0219589448448,0.0220003377662,0.0218554625411,0.0218554625411,0.0216898908551,0.0216691943944,0.0217105873159,0.0219589448448,0.0222073023736,0.0222073023736,0.0221245165307,0.0223314811381,0.0225591422062,0.0229523749603,0.0231179466462,0.0234076970965,0.023449090018,0.0236560546254,0.0237181440076,0.0238009298506,0.0239665015365,0.0243390378298,0.0245046095157,0.0246287882802,0.024959931652,0.0253738608668,0.0256222183957,0.0258705759246,0.0260568440712,0.0261603263749,0.0264086839038,0.0267191308149,0.0272158458726,0.0276090786267,0.027898829077,0.0283127582918,0.0287473839674,0.0288301698103,0.0292027061036,0.0295131530147,0.0298235999258,0.0301133503762,0.030527279591,0.0308791194235,0.0311481734132,0.0313551380206,0.031955335382,0.0323899610575,0.0327418008901,0.0333626947123,0.0339214991523,0.0342112496026,0.0346872681996,0.0353288584826,0.0357220912366,0.0362188062944,0.0368397001166,0.0373364151743,0.0377917373106,0.0381849700646,0.0386195957402,0.0396337223164,0.0400683479919,0.0407513311964,0.0413929214793,0.0419517259193,0.0426140126629,0.0431314241814,0.0436902286214,0.0441455507577,0.0447871410406,0.0456356959309,0.046504947282,0.0471258411042,0.0478916101515,0.0483262358271,0.049361058864,0.0500854349899,0.0507891146551,0.0518446341528,0.0525690102787,0.0536452262372,0.0548663174208,0.0556941758504,0.0565427307407,0.0573705891703,0.058508894511,0.0594816281657,0.0602267007524,0.0612408273286,0.0623584362085,0.0634760450885,0.064469475204,0.065980316838,0.066932354032,0.067967177069,0.0691261788704,0.0701610019074,0.0717339329236,0.0732240780969,0.0746314374271,0.0759767073752,0.0777979959203,0.0794537127795,0.0809438579527,0.0825374854297,0.083862058917,0.0853935970118,0.0868009563421,0.0881876192116,0.0895535856204,0.0907746768041,0.0921613396736,0.0938584494543,0.0953485946275,0.0965903822719,0.0985979389637,0.100336441666,0.101867979761,0.103999715217,0.106276325898,0.108201096747,0.110187956978,0.111450441083,0.114120284518,0.116252019975,0.118218183745,0.120432705044,0.123081852019,0.125337766239,0.127697162764,0.130325613278,0.132126205362,0.134361423122,0.136472462117,0.139142305553,0.14158448792,0.144481992423,0.146924174791,0.149925161598,0.153153809473,0.155595991841,0.15810026359,0.16060453534,0.163067414168,0.166337454965,0.169462620536,0.172877536558,0.175195540161,0.17823791989,0.181135424393,0.183825964289,0.186826951097,0.190531617569,0.194112105277,0.196885431016,0.200176168274,0.20398431705,0.206923214475,0.210276041115,0.213297724383,0.216381497033,0.219444573222,0.22246625649,0.225425850376,0.228219872576,0.231200162923,0.234325328494,0.237823030359,0.24148630391,0.24483913055,0.248005689043,0.25183453428,0.255435718449,0.25911968846,0.263072712462,0.266591110787,0.270212991417,0.273420942831,0.276442626099,0.279360827064,0.282527385557,0.284555638709,0.287556625517,0.290350647716,0.294138100032,0.296373317792,0.298960375384,0.30163021882,0.303989615344,0.306307618947,0.308687711932,0.310943626152,0.313261629755,0.31591077673,0.318539227244,0.32094001669,0.323423591978,0.325658809738,0.327314526597,0.329156511603,0.331350336442,0.333730429427,0.336255397637,0.338780365847,0.341346726979,0.343995873954,0.346148305871,0.348238648405,0.35003924049,0.352729780386,0.355068480449,0.357903895571,0.359725184116,0.362043187719,0.363512636431,0.365230442672,0.367424267511,0.369038591449,0.370735701229,0.373260669439,0.37495777922,0.376965335912,0.378683142153,0.380525127159,0.382636166154,0.384374668857,0.386361529088,0.388244907015,0.389693659267,0.39091475045,0.392053055791,0.393336236357,0.394950560295,0.395737025803,0.396337223164,0.397144385133,0.397579010809,0.397992940023,0.398199904631,0.39817920817,0.398261994013,0.398924280757,0.398800101992,0.399979800254,0.400166068401,0.400952533909,0.401511338349,