# R script for Peak Model
#  -- generated by MACS
p <- c(0.00458633355987,0.0046905684135,0.00489903812077,0.00502933168781,0.00523780139508,0.00534203624871,0.00542021238894,0.00547232981575,0.00557656466939,0.00578503437665,0.0059153279437,0.00599350408392,0.00614985636437,0.00630620864482,0.0065407370655,0.00661891320572,0.00672314805936,0.0068534416264,0.00700979390685,0.00714008747389,0.00732249846775,0.00740067460797,0.0074788507482,0.00768732045546,0.00781761402251,0.00800002501636,0.00823455343704,0.00839090571749,0.00849514057112,0.00865149285157,0.00875572770521,0.0087296689918,0.00880784513202,0.00865149285157,0.00857331671135,0.00852119928453,0.00852119928453,0.00846908185772,0.00844302314431,0.00849514057112,0.00865149285157,0.00867755156498,0.00875572770521,0.00875572770521,0.0087296689918,0.00891207998566,0.00906843226611,0.00912054969292,0.0090423735527,0.00922478454656,0.0093550781136,0.00945931296723,0.00951143039405,0.0096677826745,0.00977201752813,0.00982413495495,0.00992836980858,0.0099804872354,0.0099804872354,0.00995442852199,0.00987625238177,0.0099804872354,0.00990231109517,0.0100326046622,0.0100586633756,0.0101107808024,0.0101368395158,0.0102150156561,0.0103192505097,0.0101889569427,0.0102931917963,0.0103974266499,0.0105016615036,0.0105016615036,0.0103974266499,0.0104234853633,0.0104756027902,0.0105537789304,0.010527720217,0.0106058963572,0.0105798376438,0.0106058963572,0.010658013784,0.0105537789304,0.0105798376438,0.0106840724974,0.0107101312108,0.0107101312108,0.0107622486377,0.0108143660645,0.0108664834913,0.0108143660645,0.0107883073511,0.0108925422047,0.0109707183449,0.0111791880522,0.0112052467656,0.0112834229058,0.011231305479,0.011361599046,0.0113094816192,0.011361599046,0.0112573641924,0.0112573641924,0.011361599046,0.0112834229058,0.0113094816192,0.0112834229058,0.0114658338997,0.011361599046,0.0112834229058,0.0112052467656,0.0111531293388,0.0111270706254,0.0112052467656,0.0112834229058,0.011361599046,0.0112834229058,0.0113355403326,0.0114137164729,0.011361599046,0.0113094816192,0.0113355403326,0.0114137164729,0.0114918926131,0.0115961274667,0.0117264210338,0.011934890741,0.0119088320276,0.0120391255947,0.0120651843081,0.0120391255947,0.0121954778751,0.0122475953019,0.0122736540153,0.0122997127287,0.0123257714422,0.0122475953019,0.0122215365885,0.0122215365885,0.0121954778751,0.0121173017349,0.0120912430215,0.0121433604483,0.0120912430215,0.0118567146008,0.0116221861801,0.0116221861801,0.0117003623204,0.0115961274667,0.0115440100399,0.0116482448935,0.0115961274667,0.0115961274667,0.0116482448935,0.0114397751863,0.0113876577595,0.0112834229058,0.011361599046,0.011101011912,0.0110749531986,0.0109707183449,0.0109186009181,0.0108664834913,0.0108143660645,0.0107361899242,0.010658013784,0.0107101312108,0.0105798376438,0.0104756027902,0.010527720217,0.0107361899242,0.010658013784,0.0105016615036,0.0104234853633,0.0103453092231,0.0102150156561,0.0102931917963,0.0103192505097,0.0101889569427,0.0101628982293,0.0100586633756,0.0101368395158,0.00995442852199,0.00985019366836,0.00987625238177,0.00977201752813,0.00964172396109,0.0096677826745,0.00971990010132,0.00977201752813,0.00982413495495,0.00971990010132,0.00964172396109,0.00974595881472,0.00992836980858,0.00987625238177,0.0100065459488,0.0101889569427,0.0103974266499,0.0104756027902,0.010527720217,0.010658013784,0.0106058963572,0.0108143660645,0.0110228357717,0.0112834229058,0.0111531293388,0.011101011912,0.0113094816192,0.0113355403326,0.0112834229058,0.0115961274667,0.0117524797472,0.0117264210338,0.011804597174,0.0117524797472,0.0118567146008,0.011934890741,0.0120130668813,0.0121173017349,0.0121433604483,0.0122736540153,0.0125342411494,0.012508182436,0.0126384760031,0.0127948282835,0.0127427108567,0.0127166521433,0.0128990631371,0.0128730044237,0.0126645347165,0.0128208869969,0.0131335915578,0.0131335915578,0.0132378264114,0.0132899438383,0.0133681199785,0.0135244722589,0.0136808245394,0.0138632355332,0.0141498813807,0.0143062336612,0.0145668207953,0.0147492317891,0.0145928795087,0.0146710556489,0.0147231730757,0.0148013492159,0.0148795253562,0.0147492317891,0.0148274079294,0.0147231730757,0.0149055840696,0.0150358776366,0.0149577014964,0.0151922299171,0.0152704060573,0.0152443473439,0.0150879950634,0.0152704060573,0.0154528170512,0.0154788757646,0.0157394628986,0.0157655216121,0.0158697564657,0.0158436977523,0.0161564023132,0.0163127545936,0.0163127545936,0.0164951655875,0.0167296940082,0.0166254591545,0.0167036352948,0.0168339288618,0.0169381637154,0.0171726921361,0.0172248095629,0.01735510313,0.0175114554104,0.0175896315506,0.0176938664043,0.0178241599713,0.0178241599713,0.0180065709652,0.0181108058188,0.0183192755261,0.018762273654,0.0191270956417,0.0193095066356,0.0195961524831,0.020039150611,0.0201694441781,0.0203779138853,0.0207166771596,0.021055440434,0.0213681449949,0.0215244972753,0.021759025696,0.0222280825373,0.0226450219519,0.0228795503725,0.0230880200798,0.0233486072139,0.0236352530614,0.0240261337625,0.0243648970368,0.0249381887318,0.0251466584391,0.0255375391402,0.0260065959815,0.0263714179693,0.026736239957,0.0272052967983,0.0272574142251,0.0278307059201,0.0281955279078,0.0284300563285,0.0292118177308,0.0299414617062,0.0301759901269,0.0306189882548,0.0309838102425,0.0314007496571,0.0317916303582,0.0321564523459,0.0326515679007,0.0333030357359,0.0339284448577,0.0345538539795,0.0351792631013,0.0359089070767,0.0366124923387,0.0372900188874,0.0378893692957,0.0385147784175,0.0394007746734,0.0400261837952,0.0406776516304,0.0412770020388,0.0420327047277,0.0428405248433,0.0434659339651,0.0443258715076,0.0454724548976,0.0464626860071,0.0470099189887,0.0475050345434,0.0483128546591,0.0491206747747,0.0500066710306,0.0507884324329,0.051882898396,0.052899188219,0.0537591257614,0.054879650438,0.056026233828,0.057303110785,0.0580327547604,0.0583194006079,0.0590751032967,0.0598829234124,0.0610555655158,0.0620979140521,0.0633487322957,0.0644953156857,0.0657982513561,0.0671533044533,0.0687168272578,0.0699937042148,0.0708536417573,0.0721565774277,0.0738503937993,0.0751272707563,0.0767429109876,0.0780979640848,0.0794530171821,0.0810165399866,0.0827364150715,0.0840393507419,0.0858374019671,0.087296689918,0.0891207998566,0.0907624988013,0.0926647848801,0.0944367773919,0.0963911808975,0.0976941165679,0.0992836980858,0.101133866738,0.102514978548,0.104625734335,0.106345609419,0.108326071639,0.110384709998,0.11239123093,0.114137164729,0.116013392094,0.117889619459,0.12033913852,0.122684422727,0.125264235354,0.128052517689,0.129850568914,0.131778913706,0.134098139199,0.137068832528,0.140039525856,0.142853866905,0.145590031812,0.148352255434,0.15038483508,0.153329469695,0.155883223609,0.159036327931,0.161798551552,0.164638951314,0.16659335482,0.169459813295,0.172847446038,0.176026609073,0.179283948249,0.182645522279,0.186111331162,0.188508732796,0.191818189399,0.195336115709,0.198254691611,0.201121150086,0.203883373707,0.207531593584,0.209902936504,0.21292574726,0.215870381875,0.219648895319,0.222984410635,0.226580513086,0.230150556823,0.233173367578,0.236274354474,0.239948633064,0.243675029082,0.246697839837,0.250554529421,0.254202749298,0.257720675609,0.26063925151,0.26407900168,0.267179988576,0.269785859917,0.273642549501,0.276222362129,0.279557877445,0.28242433592,0.285186559541,0.287688196028,0.290502537076,0.293473230405,0.296939039288,0.299206147355,0.301290844427,0.30345371764,0.305434179859,0.307857640206,0.31041139412,0.31278273704,0.314450494699,0.315649195515,0.317447246741,0.319636178667,0.321382112465,0.324066159946,0.325160625909,0.326958677135,0.328704610933,0.330528720872,0.332222537243,0.334541762736,0.336496166242,0.338502687175,0.340118327406,0.342124848338,0.343219314301,0.344235604124,0.346398477337,0.348144411136,0.348613467977,0.350150932068,0.35207927686,0.353616740951,0.355232381183,0.358177015798,0.359610245035,0.361668883395,0.363492993333,0.365473455552,0.367636328765,0.370190082679,0.372405073319,0.374724298812,0.376704761031,0.378841575531,