# R script for Peak Model
#  -- generated by MACS
p <- c(0.0353563321913,0.0360561563225,0.0370906789511,0.0379730658991,0.0391901513446,0.0404072367901,0.0413809051464,0.0426284177281,0.0436933674929,0.0446366087131,0.0453060057081,0.0463709554729,0.04749675951,0.048379146458,0.0493223876782,0.0500830660817,0.0510871615742,0.0518782671137,0.0528823626063,0.0539168852349,0.0547992721829,0.0558337948116,0.0566249003511,0.0577202772521,0.0586939456085,0.0600327395985,0.0611585436356,0.0621626391281,0.0631363074845,0.0638969858879,0.0651444984695,0.0659051768729,0.0669092723655,0.0681567849471,0.0693130161203,0.0691000261673,0.0690695990312,0.0692825889842,0.0695260060733,0.0697389960262,0.0695868603455,0.0698302774346,0.069921558843,0.0697998502985,0.0699519859792,0.0697998502985,0.0697389960262,0.0697998502985,0.0696477146178,0.069921558843,0.0700736945237,0.0704692472935,0.0704996744296,0.0700128402514,0.0698302774346,0.0696477146178,0.0693130161203,0.0694347246648,0.0697389960262,0.0695868603455,0.0694347246648,0.0696781417539,0.0697085688901,0.0691608804396,0.0692217347119,0.0693130161203,0.0690391718951,0.0692825889842,0.0689478904867,0.0690391718951,0.0693738703926,0.0695564332094,0.0696172874817,0.0697998502985,0.069465151801,0.0693130161203,0.0691608804396,0.0688261819421,0.0685523377169,0.0687044733976,0.0689478904867,0.0689478904867,0.0690087447589,0.0691608804396,0.0691913075757,0.0693738703926,0.0693130161203,0.0693738703926,0.0694955789371,0.0694955789371,0.0695868603455,0.0691608804396,0.0692825889842,0.0690695990312,0.0688870362144,0.0687044733976,0.0687653276698,0.0686131919891,0.0687349005337,0.0689174633505,0.0686740462614,0.0690695990312,0.0689174633505,0.0686740462614,0.0685523377169,0.0686131919891,0.0687349005337,0.0683089206278,0.0683393477639,0.0681567849471,0.0682784934916,0.0684002020362,0.0685523377169,0.0688261819421,0.0689783176228,0.0690087447589,0.0690695990312,0.0691913075757,0.0693130161203,0.0691608804396,0.0694042975287,0.0692217347119,0.0694347246648,0.0702866844767,0.0702562573405,0.070347538749,0.0705909558381,0.070347538749,0.0702258302044,0.0701954030683,0.0705605287019,0.0703171116128,0.0703171116128,0.0701954030683,0.0703171116128,0.0704692472935,0.0709560814717,0.0706213829742,0.0704692472935,0.0701649759321,0.0699519859792,0.0700432673876,0.0698607045708,0.0696172874817,0.0696781417539,0.0694347246648,0.0697085688901,0.0696172874817,0.0697694231624,0.0696172874817,0.0694955789371,0.0694955789371,0.0697389960262,0.0695564332094,0.0696477146178,0.0696172874817,0.0696477146178,0.0697998502985,0.0697389960262,0.0697694231624,0.0697998502985,0.0701954030683,0.0704692472935,0.0706822372465,0.071016935744,0.0710473628801,0.0708648000633,0.0711386442885,0.0709256543356,0.0710473628801,0.0709865086078,0.0708648000633,0.0713212071053,0.0713212071053,0.0714429156499,0.0715646241944,0.0713516342415,0.0717167598751,0.0715341970583,0.0718080412835,0.0715341970583,0.0715341970583,0.0716559056029,0.0715950513306,0.0713820613776,0.0717167598751,0.0718080412835,0.071473342786,0.0713516342415,0.0717776141474,0.071473342786,0.0715037699222,0.0712299256969,0.0707430915187,0.0711082171524,0.0711082171524,0.0709256543356,0.0714429156499,0.0716559056029,0.0717776141474,0.0715950513306,0.0720514583726,0.0721123126449,0.0724470111424,0.0722035940533,0.0721123126449,0.0718993226919,0.0725078654147,0.0730555538652,0.0732076895458,0.073025126729,0.073238116682,0.0733598252265,0.0735728151795,0.0736336694518,0.073907513677,0.0737858051324,0.0742117850384,0.0742117850384,0.0743639207191,0.0748811820334,0.0749420363057,0.0745160563997,0.0747594734888,0.0749420363057,0.0751245991225,0.0751245991225,0.0753375890754,0.075246307667,0.0753375890754,0.0755810061645,0.0756114333007,0.0753375890754,0.0753375890754,0.0750637448502,0.074789900625,0.0749724634418,0.0748811820334,0.0752158805309,0.0749724634418,0.0751854533948,0.0752158805309,0.0750333177141,0.0750333177141,0.0748203277611,0.0748507548972,0.0750637448502,0.0749420363057,0.0750028905779,0.0750637448502,0.0754288704839,0.0752158805309,0.0752767348032,0.0755505790284,0.0756418604368,0.0753984433477,0.0756722875729,0.0759461317982,0.0762199760234,0.0758548503898,0.0760678403427,0.0761895488873,0.0762504031596,0.0769502272907,0.0767372373377,0.0767372373377,0.0768893730184,0.0763112574318,0.076341684568,0.0766459559293,0.07679809161,0.0767676644739,0.0770719358353,0.0773153529244,0.0777109056941,0.0781064584639,0.0785324383698,0.0784107298253,0.0783194484169,0.0785020112337,0.0790496996842,0.079232262501,0.0797190966792,0.079688669543,0.0798103780876,0.0799625137683,0.080571056491,0.0806623378994,0.0809361821247,0.0811187449415,0.0810274635331,0.0809666092608,0.0808753278524,0.0810274635331,0.0809361821247,0.081240453486,0.0817272876642,0.0816360062558,0.0821532675701,0.0822749761147,0.082335830387,0.0827009560206,0.0835529158325,0.0837963329216,0.0845265841888,0.0851655540477,0.0852872625923,0.0856828153621,0.0855611068175,0.0856219610898,0.0855915339536,0.0857436696343,0.0858653781789,0.0860175138596,0.0863522123571,0.0868694736714,0.0872041721689,0.0872041721689,0.0872650264412,0.0872954535773,0.0873563078496,0.0878127148916,0.0880865591169,0.0885125390228,0.0888472375203,0.089212363154,0.0892427902901,0.089668770196,0.0898513330128,0.0904598757356,0.0906120114163,0.091007564186,0.0916465340449,0.0913726898197,0.0915248255004,0.0915248255004,0.0916769611811,0.0921333682231,0.0920420868147,0.0920420868147,0.0921942224954,0.092102941087,0.0919203782702,0.0917986697256,0.0915856797726,0.0915552526365,0.0915248255004,0.0915552526365,0.0914639712281,0.0919812325424,0.0918595239979,0.0919812325424,0.0918290968617,0.0923463581761,0.0926506295374,0.0924680667206,0.0920725139508,0.091889951134,0.0920420868147,0.0921333682231,0.0919812325424,0.0922550767677,0.0927114838097,0.0928940466265,0.0931983179879,0.0931983179879,0.0933808808047,0.0937460064384,0.0937764335745,0.0939894235275,0.0942024134804,0.0941719863443,0.0938677149829,0.0940502777998,0.0939894235275,0.0937764335745,0.0938068607107,0.0936242978938,0.0939894235275,0.0948413833393,0.0948109562032,0.0950239461561,0.095206508973,0.0953890717898,0.0955412074705,0.0957237702873,0.0955412074705,0.095662916015,0.095875905968,0.0956324888789,0.095662916015,0.095662916015,0.095662916015,0.0956324888789,0.0956933431512,0.0958454788318,0.0959671873764,0.0952673632452,0.0953282175175,0.09499351902,0.09499351902,0.0953586446536,0.0951760818368,0.0954499260621,0.0956324888789,0.0964540215546,0.096758292916,0.0971234185496,0.0976102527278,0.0975798255917,0.0977015341362,0.0979449512253,0.0983405039951,0.098553493948,0.0988577653094,0.0989490467178,0.0991620366708,0.0993445994876,0.0995880165767,0.0990403281262,0.098766483901,0.098766483901,0.0988577653094,0.0986447753565,0.0984622125396,0.0987056296287,0.0988273381733,0.0989490467178,0.098979473854,0.0986752024926,0.0992228909431,0.0993445994876,0.0991620366708,0.0992837452153,0.0992228909431,0.0994054537599,0.0993445994876,0.0993445994876,0.0990099009901,0.0992837452153,0.0992228909431,0.099435880896,0.0997097251213,0.0995575894406,0.0998010065297,0.100044423619,0.100196559299,0.100652966342,0.100531257797,0.100226986436,0.100409549252,0.100652966342,0.100713820614,0.100622539205,0.100987664839,0.101109373384,0.101322363337,0.101657061834,0.101809197515,0.102509021646,0.102965428688,0.102965428688,0.102935001552,0.102843720143,0.102600303054,0.102296031693,0.102296031693,0.102935001552,0.10302628296,0.103269700049,0.10342183573,0.103056710096,0.103604398547,0.1038173885,0.104121659861,0.103695679955,0.103604398547,0.103604398547,0.103665252819,0.103634825683,0.103726107091,0.103756534227,0.103665252819,0.103330554322,0.103391408594,0.103665252819,0.103695679955,0.103300127185,0.103482690002,0.104334649814,0.105095328218,0.105734298076,0.106068996574,0.10609942371,0.106129850846,0.106525403616,0.106860102113,0.107346936292,0.107772916198,0.108351031784,0.108807438826,0.109202991596,0.109994097136,