# R script for Peak Model
#  -- generated by MACS
p <- c(0.0369081192174,0.0389726144705,0.0410581760016,0.0429330747518,0.045039702561,0.047104197814,0.0492740244575,0.0514859836572,0.0535715451883,0.0554043113823,0.0574477403573,0.0593226391075,0.0612186041358,0.0629460389393,0.064694540021,0.0666115713274,0.0686339340242,0.0704877664963,0.0706141641649,0.0710565560048,0.0710144234486,0.0710776222829,0.0710354897267,0.0710354897267,0.07133041762,0.0715410804009,0.0717096106257,0.0718781408504,0.0724469303589,0.0724469303589,0.0722994664122,0.0726154605836,0.0727418582522,0.0729735873112,0.0730578524236,0.0734159791511,0.073605575654,0.0733527803168,0.0732685152045,0.0733106477607,0.0731842500921,0.0731842500921,0.0732685152045,0.0728261233645,0.0730578524236,0.0732053163702,0.0732053163702,0.0734370454292,0.0736898407663,0.0740058349377,0.0740058349377,0.0740269012158,0.0737530396006,0.0739637023815,0.0742164977186,0.0742375639967,0.074069033772,0.0740901000501,0.0744060942215,0.07453249189,0.0747431546709,0.07453249189,0.0746799558367,0.0746378232805,0.0741532988844,0.0741954314405,0.0736477082101,0.073163183814,0.0726575931398,0.0727207919741,0.0729525210331,0.0726575931398,0.0722994664122,0.0726365268617,0.0724047978027,0.0728893221988,0.0728261233645,0.0726365268617,0.0722994664122,0.0724890629151,0.0721098699094,0.0721520024656,0.0721520024656,0.0720466710751,0.0716464117914,0.0719413396847,0.0724469303589,0.072236267578,0.072467996637,0.0723626652465,0.0722784001342,0.0721520024656,0.0724258640808,0.0722784001342,0.0721309361875,0.071562146679,0.0711829536734,0.0710776222829,0.0708458932239,0.0705509653306,0.0703403025497,0.0700875072126,0.0703403025497,0.0703613688278,0.0705720316087,0.0703403025497,0.0699189769878,0.0697504467631,0.069729380485,0.0696240490945,0.0698136455974,0.0693712537574,0.0695397839822,0.0697083142069,0.0693712537574,0.0691816572546,0.0693712537574,0.0691605909765,0.0691395246984,0.0693712537574,0.0694133863136,0.0690763258641,0.068823530527,0.0690973921422,0.0690552595861,0.0689709944737,0.0686760665804,0.0687813979709,0.0686971328585,0.0686339340242,0.0687181991366,0.0692448560889,0.0697715130412,0.0698557781536,0.0702349711592,0.0709090920582,0.0711829536734,0.0717517431818,0.0717306769038,0.0717517431818,0.0719834722409,0.0722152012999,0.0723837315246,0.0722994664122,0.0723837315246,0.0723626652465,0.0723626652465,0.0725522617493,0.072467996637,0.0725733280274,0.0729735873112,0.0730789187017,0.0731210512578,0.0733738465949,0.0734159791511,0.0731421175359,0.0733106477607,0.073163183814,0.0730578524236,0.0729735873112,0.0726154605836,0.0726365268617,0.0728893221988,0.0728893221988,0.0725943943055,0.0726786594179,0.0722152012999,0.0719834722409,0.0716464117914,0.0723415989684,0.072467996637,0.0717096106257,0.0717096106257,0.07133041762,0.0712250862295,0.0706562967211,0.0703824351059,0.0701507060468,0.0699400432659,0.0701296397688,0.0699400432659,0.0697925793193,0.0700243083783,0.0697925793193,0.0698768444316,0.0697925793193,0.0699189769878,0.0700875072126,0.0699400432659,0.0696661816507,0.0697504467631,0.0698768444316,0.0701296397688,0.0698979107097,0.0704456339401,0.0705720316087,0.0712040199515,0.0714778815666,0.0716042792352,0.0717517431818,0.0718781408504,0.072025604797,0.0723837315246,0.0724890629151,0.0723415989684,0.072004538519,0.0716253455133,0.0720888036313,0.0718781408504,0.0719413396847,0.0722152012999,0.0727839908084,0.072931454755,0.0731842500921,0.0730999849797,0.0729946535893,0.0730367861455,0.0731210512578,0.0728893221988,0.0731421175359,0.0728893221988,0.0728471896426,0.0727207919741,0.0728050570865,0.0728471896426,0.0733106477607,0.0731421175359,0.0732263826483,0.0729525210331,0.0735213105416,0.0732685152045,0.0733738465949,0.0728893221988,0.0730578524236,0.0731210512578,0.0732895814826,0.0737109070444,0.0738794372692,0.0742164977186,0.0744692930557,0.0747010221147,0.0748484860614,0.0749748837299,0.0749116848957,0.0751644802328,0.0752698116232,0.0751644802328,0.0751644802328,0.0749327511738,0.0748063535052,0.0750591488423,0.0751644802328,0.0753751430137,0.0754172755699,0.0752487453451,0.0755436732384,0.0755647395165,0.0757543360194,0.075670070907,0.0755226069603,0.0755436732384,0.0753751430137,0.0752908779013,0.0753751430137,0.0755226069603,0.0752487453451,0.0750802151204,0.0749538174519,0.0753962092918,0.0749538174519,0.0748274197833,0.0746588895586,0.0746167570024,0.07453249189,0.0741111663282,0.0741743651624,0.0742796965529,0.0744271604995,0.0744903593338,0.0747852872271,0.075206612789,0.0754804744042,0.0755436732384,0.0758807336879,0.0762809929717,0.0766601859773,0.077039378983,0.077502837101,0.0774817708229,0.0778820301067,0.0785140184494,0.0785140184494,0.0789774765675,0.0792934707388,0.0801571881406,0.0807470439272,0.0810841043767,0.0815896950509,0.082074219447,0.0823902136184,0.0829590031269,0.0833171298544,0.0840123170315,0.084370443759,0.0847496367647,0.0850866972142,0.0856133541665,0.0860136134502,0.0862664087873,0.0866245355149,0.0868351982958,0.0872354575796,0.0874461203605,0.0876357168633,0.0880359761471,0.0883730365965,0.0880359761471,0.0876357168633,0.0879727773128,0.0879517110347,0.0879095784785,0.0878674459223,0.0881623738156,0.088246638928,0.088710097046,0.0891946214421,0.0893210191107,0.0892156877202,0.0898687423411,0.0897002121164,0.0895106156135,0.0898055435068,0.0898266097849,0.0899740737316,0.0902690016248,0.0905639295181,0.0901847365125,0.0904796644058,0.0900162062877,0.0901215376782,0.0899951400096,0.0902058027906,0.0902058027906,0.0902479353467,0.0899740737316,0.0897212783944,0.0902058027906,0.0899951400096,0.0899951400096,0.0899530074535,0.0901426039563,0.0901426039563,0.0906481946305,0.0910484539143,0.0912380504171,0.0914276469199,0.0913855143637,0.0914276469199,0.0915119120323,0.0914065806418,0.0913012492514,0.09098525508,0.0909009899676,0.0910484539143,0.090753526021,0.0906481946305,0.0903532667372,0.0899951400096,0.0901215376782,0.0897634109506,0.0898898086192,0.0897002121164,0.090079405122,0.0900162062877,0.0901426039563,0.0897844772287,0.0895738144478,0.0894684830573,0.0893210191107,0.0887522296022,0.0885836993775,0.0882255726499,0.0883098377623,0.0881834400937,0.08778318081,0.087572518029,0.0873618552481,0.0869194634082,0.0867088006273,0.0867298669054,0.0865402704025,0.0864349390121,0.0865613366806,0.0860978785626,0.0856765530008,0.085508022776,0.0851498960485,0.0849813658237,0.0851288297704,0.0846653716523,0.0843915100371,0.0846021728181,0.0844125763152,0.0840755158658,0.0837805879725,0.083906985641,0.0838648530848,0.0835067263573,0.0829168705707,0.0827272740679,0.082769406624,0.0830854007954,0.083443527523,0.0837173891382,0.0835699251915,0.0839701844753,0.0841597809781,0.0846021728181,0.0845389739838,0.08458110654,0.085044564658,0.0853184262732,0.0854869564979,0.0858661495036,0.0858872157817,0.0858872157817,0.0861189448407,0.0867298669054,0.0871301261891,0.087551451751,0.0874882529167,0.0878042470881,0.0884362354308,0.088478367987,0.0886468982117,0.0890050249393,0.0886679644898,0.0886047656556,0.0890471574955,0.0891735551641,0.0896580795602,0.0894474167792,0.0889628923831,0.0887522296022,0.0888575609927,0.089152488886,0.0889839586612,0.0891103563298,0.0886890307679,0.088478367987,0.088478367987,0.0885415668213,0.0884151691527,0.0886047656556,0.088014909869,0.0880359761471,0.0879517110347,0.0879095784785,0.0879938435909,0.0877621145319,0.0876146505852,0.0874250540824,0.0875303854729,0.0872565238577,0.0872354575796,0.0876146505852,0.0880991749814,0.0883941028746,0.0880781087033,0.0881834400937,0.0884362354308,0.0883519703185,0.0886468982117,0.0888154284365,0.0892578202764,0.0897002121164,0.0895316818916,0.0904164655715,0.0910063213581,0.0917857736475,0.092354563156,0.0922702980436,0.0932182805577,0.09374493751,0.0942926607404,0.094650787468,0.0954091734793,0.0957251676507,0.0966520838868,0.0975368675666,0.0985901814712,0.0989693744769,0.0994749651511,0.0996013628197,0.0995592302635,0.100106953494,0.100717875559,0.101560526682,0.101518394126,0.101497327848,