# R script for Peak Model
#  -- generated by MACS
p <- c(0.0264852669609,0.0277039142137,0.0288413183163,0.0300599655692,0.0311973696718,0.0322535306242,0.0333096915766,0.0357469860822,0.0372093627856,0.0385092531886,0.0396466572912,0.0417589791961,0.0430588695991,0.0450899483537,0.0462273524563,0.047364756559,0.0489896195627,0.0503707531159,0.0502082668155,0.0499645373649,0.0498832942148,0.0498020510646,0.0509394551672,0.0506144825664,0.0502895099657,0.0507769688668,0.0511831846177,0.0512644277679,0.0510206983174,0.0507769688668,0.0502895099657,0.0500457805151,0.0498020510646,0.0501270236653,0.0505332394163,0.0506957257166,0.0506957257166,0.0514269140683,0.0518331298192,0.0523205887204,0.0531330202222,0.0537829654237,0.0548391263762,0.0540266948743,0.0541891811747,0.0536204791234,0.0538642085739,0.0526455613211,0.0526455613211,0.0519956161196,0.0522393455702,0.0523205887204,0.0528080476215,0.0527268044713,0.053051777072,0.0532142633724,0.0532955065226,0.0525643181709,0.0519956161196,0.0528892907717,0.0537017222735,0.0529705339219,0.0528080476215,0.0533767496728,0.0537017222735,0.053457992823,0.053051777072,0.053457992823,0.0533767496728,0.0540266948743,0.0537829654237,0.0537017222735,0.0545953969256,0.0545141537754,0.054351667475,0.0541079380245,0.053457992823,0.0535392359732,0.0523205887204,0.0519956161196,0.0516706435189,0.0524830750207,0.0522393455702,0.0527268044713,0.0523205887204,0.0519143729694,0.0517518866691,0.0524018318706,0.0519956161196,0.0519143729694,0.0524018318706,0.0524018318706,0.0527268044713,0.053051777072,0.0523205887204,0.0518331298192,0.050858212017,0.0511019414676,0.0511831846177,0.0511831846177,0.0507769688668,0.0510206983174,0.0517518866691,0.0515081572185,0.0524018318706,0.0519956161196,0.0519143729694,0.0522393455702,0.0515894003687,0.0511019414676,0.0511019414676,0.0506957257166,0.0515081572185,0.0511831846177,0.0509394551672,0.0512644277679,0.0511831846177,0.0513456709181,0.0517518866691,0.0519143729694,0.0532955065226,0.0533767496728,0.0537017222735,0.0527268044713,0.0527268044713,0.0535392359732,0.0541079380245,0.0545141537754,0.0544329106252,0.0545953969256,0.0552453421271,0.055651557878,0.0559765304788,0.0564639893799,0.0563827462297,0.0558140441784,0.0555703147278,0.0551640989769,0.0551640989769,0.056057773629,0.0557328010282,0.0557328010282,0.0559765304788,0.0558952873286,0.056057773629,0.0558952873286,0.0564639893799,0.0567077188305,0.056057773629,0.0561390167791,0.0567889619806,0.0571139345814,0.058251338684,0.0583325818342,0.0592262564863,0.0591450133361,0.0584138249844,0.0594699859368,0.0593074996364,0.0606073900394,0.0598762016877,0.0598762016877,0.0588200407353,0.0592262564863,0.0592262564863,0.0597137153874,0.0592262564863,0.0590637701859,0.0591450133361,0.0590637701859,0.0594699859368,0.0604449037391,0.0616635509919,0.0619885235926,0.061744794142,0.0613385783911,0.0615010646915,0.0615823078417,0.0615010646915,0.0619885235926,0.0619072804424,0.0618260372922,0.0623134961934,0.0624759824937,0.062151009893,0.0625572256439,0.0632884139956,0.0631259276952,0.0631259276952,0.0632884139956,0.063044684545,0.0632884139956,0.0633696571458,0.0631259276952,0.0632884139956,0.0626384687941,0.0640196023473,0.0636133865963,0.0637758728967,0.063450900296,0.063450900296,0.0627197119443,0.0628009550945,0.063450900296,0.0636946297465,0.0636133865963,0.0625572256439,0.0622322530432,0.0623134961934,0.0622322530432,0.0619885235926,0.0612573352409,0.06085111949,0.0603636605889,0.0607698763398,0.0606886331896,0.0613385783911,0.0612573352409,0.0597137153874,0.0597949585376,0.0610136057904,0.06085111949,0.0603636605889,0.0602011742885,0.0593887427866,0.0589012838855,0.0577638797829,0.0579263660833,0.0583325818342,0.0584138249844,0.0584138249844,0.0586575544349,0.058251338684,0.0584950681346,0.0587387975851,0.0584138249844,0.0584138249844,0.058251338684,0.0588200407353,0.0577638797829,0.0577638797829,0.0580888523836,0.0585763112848,0.0587387975851,0.0588200407353,0.0589012838855,0.0592262564863,0.0602824174387,0.0603636605889,0.0610948489405,0.0614198215413,0.0616635509919,0.0613385783911,0.0616635509919,0.0628009550945,0.0631259276952,0.0622322530432,0.0618260372922,0.0622322530432,0.061744794142,0.0623134961934,0.0628821982447,0.0638571160469,0.063450900296,0.0632884139956,0.0633696571458,0.0641820886477,0.0646695475488,0.0638571160469,0.0638571160469,0.0637758728967,0.0641820886477,0.0646695475488,0.0659694379518,0.0665381400031,0.0672693283548,0.0675943009555,0.0678380304061,0.0680817598566,0.0681630030068,0.0680005167064,0.0680005167064,0.0693004071094,0.0689754345087,0.0698691091607,0.0700315954611,0.0701128386113,0.070437811212,0.070844026963,0.0713314858641,0.071737701615,0.0729563488678,0.0744187255712,0.0751499139229,0.0753936433734,0.0766935337764,0.0772622358277,0.076937263227,0.0762060748753,0.0770185063772,0.0772622358277,0.0780746673296,0.0783996399304,0.0780746673296,0.0788870988315,0.0796182871832,0.0801869892345,0.0813243933371,0.0814056364873,0.0820555816888,0.082136824839,0.0828680131906,0.0836804446925,0.0838429309929,0.0851428213959,0.0857927665974,0.0858740097476,0.0863614686487,0.0868489275498,0.0868489275498,0.0874176296011,0.0876613590517,0.0871739001505,0.0873363864509,0.0880675748026,0.0888800063045,0.0887175200041,0.0879863316524,0.0877426022019,0.0879050885022,0.0887987631543,0.0887987631543,0.0884737905535,0.0896111946562,0.0911548145097,0.0909110850591,0.0907485987588,0.0902611398576,0.0893674652056,0.0900986535573,0.0913985439603,0.0916422734108,0.0915610302606,0.0909923282093,0.091723516561,0.0918860028614,0.091723516561,0.0914797871104,0.0913173008101,0.0914797871104,0.0909923282093,0.090829841909,0.0916422734108,0.0919672460116,0.0913985439603,0.0926171912131,0.091723516561,0.0922109754621,0.0922109754621,0.093023406964,0.0923734617625,0.0922109754621,0.0927796775134,0.0941608110666,0.0939170816161,0.0944045405172,0.094323297367,0.094323297367,0.0948919994183,0.0957044309202,0.0957044309202,0.0968418350228,0.0983854548763,0.0988729137775,0.0996041021291,0.100416533631,0.0996041021291,0.0997665884295,0.101553937734,0.102203882935,0.102203882935,0.102203882935,0.102528855536,0.102853828137,0.103991232239,0.104966150041,0.104966150041,0.105941067844,0.106428526745,0.106834742496,0.106591013045,0.106266040444,0.106509769895,0.105778581543,0.106672256195,0.106428526745,0.107565930847,0.107972146598,0.1087845781,0.108947064401,0.110003225353,0.110490684254,0.110815656855,0.111546845207,0.111465602056,0.111303115756,0.110978143155,0.110815656855,0.110165711653,0.109921982203,0.110815656855,0.110571927404,0.111628088357,0.112034304108,0.111546845207,0.112196790408,0.112278033558,0.111059386305,0.111221872606,0.112034304108,0.111384358906,0.110571927404,0.110571927404,0.110653170555,0.111140629456,0.111384358906,0.112034304108,0.11300922191,0.114959057514,0.116340191068,0.11731510887,0.118208783522,0.117802567771,0.117721324621,0.11723386572,0.116421434218,0.116421434218,0.11731510887,0.117071379419,0.116583920518,0.117640081471,0.116665163668,0.118046297222,0.119102458174,0.119914889676,0.122108454731,0.123245858834,0.124302019786,0.125764396489,0.12608936909,0.12592688279,0.125195694438,0.126739314292,0.129095365647,0.130070283449,0.130963958101,0.132101362204,0.133320009457,0.13478238616,0.135757303962,0.135919790263,0.137219680666,0.138194598468,0.138844543669,0.13892578682,0.139332002571,0.139332002571,0.139575732021,0.140956865574,0.142256755977,0.14331291693,0.144287834732,0.144450321032,0.144775293633,0.146968858688,0.148187505941,0.148756207992,0.151762204549,0.152412149751,0.152574636051,0.153712040154,0.153955769604,0.153549553853,0.153630797003,0.153955769604,0.154118255905,0.155580632608,0.158180413414,0.157855440813,0.158586629165,0.159480303817,0.159886519568,0.159967762718,0.16094268052,0.161998841473,0.162405057224,0.162892516125,0.162567543524,0.163623704476,0.164436135978,0.164679865429,0.166142242132,0.167279646235,0.168173320887,0.168173320887,0.168498293488,0.168985752389,