# R script for Peak Model
#  -- generated by MACS
p <- c(0.0376971362779,0.0387894009992,0.039937679296,0.0409739304418,0.0419821747999,0.0429624123703,0.0440266703038,0.0449789010865,0.0463792404727,0.0477515730712,0.0488158310048,0.0500761364524,0.0513924554755,0.0526247541354,0.053885059583,0.0549773243043,0.0560135754501,0.0569097926573,0.0580020573786,0.0592063492508,0.060102566458,0.0611388176038,0.0619230076601,0.062959258806,0.0639955099518,0.0651437882485,0.0661240258189,0.0675243652052,0.0684205824124,0.0694848403459,0.0705490982795,0.0706891322181,0.070493084704,0.0701289964636,0.0702410236145,0.0703530507654,0.0701009896759,0.0702410236145,0.0703250439777,0.0700449761004,0.069988962525,0.0700449761004,0.070185010039,0.0702410236145,0.0702690304022,0.0702410236145,0.0703530507654,0.0703810575531,0.0703530507654,0.0703250439777,0.0705490982795,0.0706611254304,0.0708291661567,0.0707451457935,0.0705210914917,0.0706891322181,0.0708571729444,0.0709972068831,0.070801159369,0.0707451457935,0.0705490982795,0.0705771050672,0.0705490982795,0.0706331186426,0.0704650779163,0.0707731525813,0.0709411933076,0.0711652476094,0.0710532204585,0.0709692000953,0.0707731525813,0.070493084704,0.070493084704,0.0702410236145,0.0703810575531,0.0702130168268,0.0703250439777,0.0704370711286,0.0705771050672,0.0708571729444,0.0710252136708,0.0709411933076,0.0709411933076,0.0710532204585,0.0712492679726,0.0711932543971,0.0712492679726,0.0711652476094,0.0711372408217,0.0707451457935,0.0710812272462,0.0709411933076,0.0708291661567,0.070801159369,0.0707451457935,0.0705490982795,0.0702970371899,0.0700729828881,0.0702410236145,0.0700729828881,0.069988962525,0.0700729828881,0.0701570032513,0.0697649082232,0.0696528810723,0.0693167996196,0.0690927453178,0.0688406842282,0.0688126774405,0.0685886231387,0.0684485892001,0.0686726435019,0.0682245348983,0.0679164602333,0.0676924059315,0.0675523719929,0.067748419507,0.0671602769647,0.0667401751488,0.0667121683611,0.0668522022997,0.0669362226629,0.0673003109034,0.0675803787806,0.0676924059315,0.0676083855683,0.0676643991438,0.0673283176911,0.0674683516297,0.0672723041156,0.0673563244788,0.0674123380543,0.0676083855683,0.0675803787806,0.0676083855683,0.067748419507,0.0675803787806,0.0679724738088,0.0678604466579,0.0676643991438,0.0677764262947,0.0676083855683,0.0672162905402,0.0669922362384,0.067440344842,0.0676083855683,0.0681405145351,0.068560616351,0.0683645688369,0.0683645688369,0.0685046027755,0.0685886231387,0.0684485892001,0.068560616351,0.0685886231387,0.0681965281106,0.0680004805965,0.0683645688369,0.0684765959878,0.068560616351,0.0686446367142,0.0688406842282,0.0687286570773,0.0685886231387,0.0682805484737,0.0682805484737,0.0685046027755,0.068560616351,0.0684485892001,0.0683645688369,0.0682245348983,0.0683085552615,0.068252541686,0.0677764262947,0.0675803787806,0.067440344842,0.0673843312665,0.0673283176911,0.0669922362384,0.067132270177,0.0672162905402,0.0671042633893,0.0667961887243,0.0666841615734,0.0664881140593,0.066011998668,0.065703924003,0.0656759172153,0.0656479104276,0.0658439579416,0.0654798697012,0.0655078764889,0.065395849338,0.065703924003,0.065395849338,0.0653398357626,0.0653678425503,0.0654238561258,0.0651717950362,0.0648357135835,0.0643876049799,0.0643595981922,0.0641915574659,0.0643595981922,0.064583652494,0.064891727159,0.0647797000081,0.0645276389186,0.0641355438904,0.0640235167395,0.0642475710413,0.0641075371027,0.0639394963763,0.0641635506781,0.0641915574659,0.0641915574659,0.0641075371027,0.0647236864326,0.0651157814608,0.0650317610976,0.0652558153994,0.0651437882485,0.0650597678853,0.065199801824,0.0653118289749,0.0654798697012,0.0654518629135,0.0658159511539,0.0656199036398,0.0658999715171,0.0654798697012,0.0651717950362,0.0653398357626,0.0651717950362,0.0651717950362,0.0655638900644,0.0657319307907,0.0661800393943,0.066516120847,0.0665721344225,0.066824195512,0.0669082158752,0.0668802090875,0.0669642294506,0.0671042633893,0.0670762566015,0.0670202430261,0.0670762566015,0.0677764262947,0.0678044330824,0.0680284873842,0.0681125077474,0.068560616351,0.068868691016,0.0691767656809,0.0694288267705,0.0694288267705,0.0698769353741,0.0700169693127,0.0697929150109,0.0700169693127,0.0704090643408,0.0709411933076,0.0713332883358,0.0714733222744,0.0718374105148,0.0720334580289,0.0722014987552,0.072425553057,0.072733627722,0.0727616345097,0.0730697091747,0.0734057906274,0.0737978856556,0.0739099128065,0.074161973896,0.0744140349855,0.0747221096505,0.0751702182541,0.0750301843155,0.0752542386173,0.0754782929191,0.0755623132822,0.0765145440649,0.0769066390931,0.0770466730317,0.0772707273335,0.0778028563003,0.0781109309652,0.0782789716916,0.0788391074461,0.0790071481724,0.0800153925305,0.0807155622237,0.0810236368886,0.0814157319168,0.0817518133695,0.0822279287608,0.0823679626994,0.0826480305767,0.0827040441521,0.083124145968,0.0835442477839,0.0840483699629,0.084244417477,0.0846925260806,0.0846925260806,0.0850006007456,0.0854487093492,0.0857287772264,0.0853086754106,0.0858127975896,0.0857007704387,0.0859528315282,0.0859248247405,0.0861488790423,0.0860648586791,0.085980838316,0.0860088451037,0.0856447568633,0.0855047229246,0.0858688111651,0.085980838316,0.0860088451037,0.0862328994055,0.0861488790423,0.0863449265564,0.0858968179528,0.0857567840142,0.0856447568633,0.0853366821983,0.0851686414719,0.0851126278965,0.0848885735947,0.0846925260806,0.0845804989297,0.084860566807,0.084552492142,0.0844404649911,0.0844124582034,0.0842164106893,0.0842724242647,0.0839083360243,0.0838803292366,0.0835722545716,0.0828440780908,0.0822839423363,0.0822559355485,0.0822559355485,0.0820878948222,0.0822559355485,0.0821999219731,0.0818078269449,0.0818638405204,0.0815557658554,0.0812476911904,0.0808555961623,0.0809116097377,0.0807715757991,0.0802394468323,0.0800994128937,0.0797913382287,0.0795672839269,0.0792312024742,0.0788951210215,0.078643059932,0.0785310327811,0.0783909988425,0.0786150531443,0.0784750192057,0.0782789716916,0.0781109309652,0.0784470124179,0.0781949513284,0.0783909988425,0.0782229581161,0.0781949513284,0.0776068087862,0.0777748495125,0.0776628223616,0.0776908291494,0.0777468427248,0.0776908291494,0.0776068087862,0.0774387680598,0.077214713758,0.0767946119422,0.0768786323053,0.0765425508526,0.0766825847913,0.0769906594562,0.0770466730317,0.0773547476967,0.0776068087862,0.0779989038143,0.0780829241775,0.0779989038143,0.0780549173898,0.0781669445407,0.0783069784793,0.0784750192057,0.0783909988425,0.0785590395688,0.078334985267,0.0785870463566,0.0785030259934,0.0788951210215,0.0791191753233,0.0793712364129,0.0790911685356,0.0792031956865,0.0790911685356,0.0785870463566,0.0783069784793,0.0781669445407,0.0778868766634,0.0779148834512,0.0783069784793,0.0783629920548,0.0778588698757,0.0778028563003,0.0780269106021,0.0784470124179,0.0784190056302,0.0785310327811,0.0787550870829,0.0788391074461,0.078643059932,0.0785590395688,0.078334985267,0.0784190056302,0.0787830938706,0.0787550870829,0.078951134597,0.0788111006584,0.078643059932,0.0785030259934,0.0782509649039,0.0779989038143,0.0780829241775,0.0781109309652,0.0780549173898,0.0779708970266,0.0779428902389,0.0778868766634,0.078138937753,0.0784190056302,0.0784190056302,0.0786990735075,0.0788671142338,0.0789791413847,0.0790631617479,0.0789791413847,0.0787270802952,0.0785030259934,0.0782509649039,0.0782509649039,0.0781669445407,0.0784470124179,0.0788671142338,0.0788671142338,0.078643059932,0.078643059932,0.078951134597,0.0788671142338,0.0789791413847,0.0791751888988,0.0791471821111,0.0787550870829,0.078334985267,0.0780549173898,0.0781949513284,0.0782229581161,0.0782229581161,0.0786710667197,0.0789791413847,0.0790631617479,0.0794272499883,0.0791191753233,0.0790071481724,0.0793712364129,0.0795392771392,0.0794832635638,0.0795392771392,0.0794832635638,0.0797353246533,0.0798473518042,0.0801834332569,0.0805475214973,0.080575528285,0.0810236368886,0.0810236368886,0.0809396165255,0.0812476911904,0.0811356640395,0.0815557658554,0.0817238065818,0.0820598880345,0.0825079966381,