# R script for Peak Model
#  -- generated by MACS
p <- c(0.037584678251,0.0387192002725,0.0397373610611,0.0408137024661,0.0418609535629,0.0425009403442,0.043664552674,0.0445372619213,0.045700874251,0.047009938122,0.0484062729177,0.0494826143227,0.0508789491184,0.0517516583657,0.0529152706955,0.0539625217923,0.0550388631973,0.0563479270683,0.0574242684733,0.0586169711113,0.0597224028246,0.0606532926884,0.0618750856346,0.0630386979643,0.0640568587529,0.0650750195414,0.0660640900217,0.0671986120432,0.0684494952977,0.0696131076274,0.0708058102654,0.070747629649,0.0710094424232,0.0707767199572,0.0708349005737,0.0710676230396,0.0713003455056,0.0714748873551,0.0713876164303,0.0714167067386,0.0714457970468,0.0707185393407,0.0701949137923,0.0701658234841,0.0698458300934,0.0701658234841,0.0703112750253,0.0702240041006,0.0701076428676,0.0702821847171,0.0701949137923,0.0702530944088,0.0700494622511,0.0702240041006,0.0701949137923,0.0700203719429,0.0695840173192,0.0695258367027,0.0693803851615,0.0691185723873,0.0687403983801,0.0688567596131,0.0688567596131,0.0685367662224,0.0686240371472,0.0685949468389,0.0685367662224,0.0685076759142,0.0683331340647,0.0687403983801,0.0684204049895,0.0679840503658,0.0676349666669,0.0675476957421,0.0671404314267,0.0669658895773,0.0667913477278,0.0669658895773,0.067053160502,0.0672277023515,0.067053160502,0.0668495283443,0.0667913477278,0.0667622574196,0.0665295349536,0.0662677221794,0.0664713543371,0.0663840834124,0.0665586252618,0.0666749864948,0.0665877155701,0.0664713543371,0.0663840834124,0.0665004446454,0.0662386318712,0.065860457864,0.0660059094052,0.0657731869393,0.0655113741651,0.0655404644733,0.0655986450898,0.0651622904661,0.0651332001579,0.0653077420074,0.0651332001579,0.0651332001579,0.0650750195414,0.0649295680002,0.0646386649178,0.064784116459,0.0645223036848,0.0644350327601,0.0646095746095,0.064667755226,0.0648132067672,0.0645804843013,0.0646095746095,0.064551393993,0.0648422970755,0.0646386649178,0.064900477692,0.064551393993,0.0644059424518,0.0643477618353,0.0642895812188,0.0644932133765,0.0643768521436,0.0643186715271,0.0644641230683,0.0649586583084,0.0649295680002,0.0647259358425,0.0648422970755,0.0649877486167,0.0649295680002,0.0651332001579,0.0650750195414,0.0654531935486,0.0657150063228,0.0652495613909,0.0653077420074,0.064900477692,0.0652204710826,0.0652786516991,0.0651913807744,0.0654241032403,0.0653368323156,0.0656568257063,0.0658895481722,0.0660640900217,0.065976819097,0.0656568257063,0.0657150063228,0.0653659226239,0.0655113741651,0.0658895481722,0.0661804512547,0.0665877155701,0.0663549931041,0.0660349997135,0.0660059094052,0.0658313675558,0.065860457864,0.0663549931041,0.0661804512547,0.0663259027959,0.0666749864948,0.0666749864948,0.0665877155701,0.0662968124877,0.0662095415629,0.065744096631,0.0656568257063,0.0656568257063,0.0655695547816,0.0656568257063,0.0650459292332,0.0650459292332,0.0649586583084,0.0650750195414,0.0648132067672,0.064784116459,0.0646095746095,0.0651332001579,0.0651332001579,0.0653950129321,0.0655695547816,0.0656859160145,0.065860457864,0.0658022772475,0.0656859160145,0.0653950129321,0.0655404644733,0.065627735398,0.0658022772475,0.0658022772475,0.0658022772475,0.0655986450898,0.0656859160145,0.0656859160145,0.0654822838568,0.0657731869393,0.0658313675558,0.0660059094052,0.0659477287887,0.0657731869393,0.0658313675558,0.0657150063228,0.0660059094052,0.0659477287887,0.065627735398,0.0654531935486,0.0653950129321,0.0656568257063,0.0652204710826,0.065627735398,0.0655113741651,0.0651332001579,0.0650459292332,0.0648422970755,0.0650750195414,0.0656859160145,0.0655986450898,0.0657731869393,0.065744096631,0.0655404644733,0.0656568257063,0.0654531935486,0.0653077420074,0.0651622904661,0.0649586583084,0.0652495613909,0.0651041098497,0.0653077420074,0.0654531935486,0.0653950129321,0.0652786516991,0.064900477692,0.0656568257063,0.0656859160145,0.0655986450898,0.0653659226239,0.0655113741651,0.0653659226239,0.0655113741651,0.0651913807744,0.0653368323156,0.0652786516991,0.0654822838568,0.0655404644733,0.0653950129321,0.0657731869393,0.0657150063228,0.0662968124877,0.0662677221794,0.0665004446454,0.0665877155701,0.0667331671113,0.0668786186525,0.0669949798855,0.0669077089608,0.0669949798855,0.0672277023515,0.0677513278998,0.0675767860504,0.0673731538927,0.0675186054339,0.0680713212905,0.0684494952977,0.0688276693049,0.0685949468389,0.0687113080719,0.0692640239285,0.0699040107099,0.0699912816346,0.0698749204016,0.0704276362583,0.0707185393407,0.0709221714984,0.0710385327314,0.0709803521149,0.0711839842726,0.0715621582798,0.0715621582798,0.071940332287,0.0721730547529,0.0726384996848,0.0731912155414,0.0735984798569,0.074093015097,0.0745875503371,0.075169356502,0.0760129754411,0.076245697907,0.0768565943802,0.0773511296203,0.0780783873264,0.0784856516418,0.078863825649,0.0794165415056,0.0794456318139,0.0795910833551,0.0798528961293,0.0803474313694,0.0809001472261,0.0814819533909,0.0817437661651,0.0819183080146,0.0822964820218,0.0824128432547,0.0823837529465,0.0823546626382,0.0825873851042,0.0827328366454,0.0831982815773,0.0833146428103,0.083518274968,0.0837509974339,0.0835764555845,0.0836928168175,0.0837509974339,0.0841291714411,0.08447825514,0.0845655260648,0.0850018806884,0.0845655260648,0.0849146097637,0.0854382353121,0.0854382353121,0.0854673256203,0.0852636934626,0.0851473322296,0.0854382353121,0.0855255062368,0.0853800546956,0.0856127771615,0.0861654930182,0.0865145767171,0.0868054797995,0.0866018476418,0.0866891185666,0.0864273057924,0.0867182088748,0.0871254731902,0.0869218410325,0.086863660416,0.0866309379501,0.0866600282583,0.0863982154841,0.0861364027099,0.0861364027099,0.0861364027099,0.0858745899357,0.0851764225379,0.0847691582225,0.084594616373,0.0846818872977,0.084594616373,0.0842455326741,0.0842164423658,0.0843328035988,0.0842455326741,0.0841582617494,0.0840419005164,0.0839255392834,0.0838091780504,0.0834891846597,0.083518274968,0.0836637265092,0.0839837198999,0.0842164423658,0.0841291714411,0.0843909842153,0.0845073454483,0.0846237066813,0.0845364357565,0.0845364357565,0.08447825514,0.0846237066813,0.0844491648318,0.0847982485307,0.084710977606,0.084594616373,0.0842164423658,0.0843328035988,0.0846527969895,0.0842455326741,0.0845073454483,0.0841582617494,0.0838091780504,0.0838091780504,0.083518274968,0.0838382683587,0.083634636201,0.083634636201,0.083634636201,0.0833437331185,0.0830819203443,0.0828491978784,0.0828201075701,0.0825001141795,0.0827328366454,0.0826455657207,0.0830528300361,0.083285552502,0.0829655591114,0.0829946494196,0.0828201075701,0.0829364688031,0.0830819203443,0.0829073784949,0.0831691912691,0.0829946494196,0.0826746560289,0.0827328366454,0.0833146428103,0.0835764555845,0.0838382683587,0.0839546295917,0.0837800877422,0.0836055458927,0.0835764555845,0.0837219071257,0.0833437331185,0.083401913735,0.0835764555845,0.0834310040433,0.0834310040433,0.0833146428103,0.0832273718856,0.0830819203443,0.0829073784949,0.0825292044877,0.0824710238712,0.0822673917135,0.0822964820218,0.0822964820218,0.0821801207888,0.0819473983228,0.0817146758569,0.0817437661651,0.081365592158,0.0810746890755,0.0811037793838,0.0814528630827,0.0817146758569,0.0815110436992,0.0814528630827,0.0814237727744,0.081249230925,0.081249230925,0.0815983146239,0.0819764886311,0.0821510304805,0.0820637595558,0.0820346692476,0.0819183080146,0.0817728564734,0.0819473983228,0.0817146758569,0.0815401340074,0.081249230925,0.081016508459,0.0810455987673,0.0807546956848,0.0806674247601,0.0800274379787,0.0801147089035,0.0801147089035,0.0801147089035,0.079940167054,0.0792419996562,0.0792710899644,0.0793874511974,0.0793583608891,0.0794747221221,0.0794165415056,0.0795038124303,0.0795619930468,0.0793874511974,0.0792710899644,0.0791547287314,0.0790383674984,0.0792419996562,0.0791547287314,0.0795619930468,0.0794165415056,0.0791256384232,0.0792710899644,0.0795038124303,0.0796783542798,0.0799110767458,0.079823805821,0.0795910833551,0.0795910833551,0.0800274379787,0.0803765216777,0.0803183410612,0.0807837859931,