# R script for Peak Model
#  -- generated by MACS
p <- c(0.0305275091461,0.0319030219128,0.033544762957,0.0350533898625,0.0361183029722,0.0375825584981,0.039046814024,0.0406441836886,0.0421528105941,0.0435283233609,0.0447263506093,0.0459687492374,0.0476992330407,0.0493853454645,0.0506277440925,0.0522251137571,0.0537781120422,0.0550648820498,0.0562629092982,0.0582152499994,0.0599457338028,0.0595907627662,0.0597238769049,0.0600344765619,0.0600788479415,0.0600788479415,0.0598569910436,0.0597238769049,0.0598126196641,0.0602119620802,0.0605225617372,0.0603007048394,0.0607887900147,0.060966275533,0.0612325038104,0.0610106469125,0.0616762176061,0.0615431034674,0.0618537031244,0.0615431034674,0.0618093317448,0.0621199314018,0.061587474847,0.0617649603653,0.0615431034674,0.0613656179491,0.0616318462265,0.0616762176061,0.0618537031244,0.061898074504,0.0618537031244,0.0620311886427,0.062208674161,0.0623861596793,0.0622530455406,0.0621199314018,0.0627411307159,0.0626967593363,0.062519273818,0.0631848445116,0.0634067014095,0.063140473132,0.0622974169201,0.0622974169201,0.0622974169201,0.062519273818,0.0626967593363,0.063140473132,0.0632735872707,0.0634067014095,0.0635841869277,0.0638060438256,0.0639391579643,0.0639391579643,0.0636285583073,0.0638504152052,0.0635841869277,0.0639391579643,0.063451072789,0.064072272103,0.0639391579643,0.0648265855558,0.0647378427966,0.0650484424536,0.0653590421107,0.0657583845268,0.0655808990085,0.0657583845268,0.0658914986655,0.0657140131472,0.0651371852128,0.0649153283149,0.0653146707311,0.0653146707311,0.0654921562494,0.0658914986655,0.0660246128042,0.0660246128042,0.0656696417677,0.0658914986655,0.0662020983225,0.0656696417677,0.0658914986655,0.065847127286,0.0666014407387,0.0665570693591,0.0665126979795,0.0659358700451,0.0663795838408,0.0660689841838,0.065847127286,0.0662908410817,0.0663795838408,0.0657140131472,0.0663352124613,0.0664683266,0.0669564117753,0.0667345548774,0.066778926257,0.0669120403957,0.0669120403957,0.0666458121183,0.066778926257,0.0664239552204,0.0669564117753,0.0668232976366,0.0670007831548,0.0666901834978,0.0674888683301,0.067710725228,0.0677550966076,0.0678438393667,0.0678882107463,0.067710725228,0.0673113828119,0.067089525914,0.066778926257,0.0661133555634,0.0653590421107,0.0655365276289,0.0651371852128,0.0650040710741,0.0650484424536,0.0651815565924,0.0651815565924,0.0651815565924,0.0648265855558,0.0653146707311,0.0654034134902,0.0654034134902,0.0650040710741,0.0654034134902,0.0657140131472,0.0653146707311,0.0656252703881,0.0666014407387,0.0659802414247,0.0658027559064,0.0655365276289,0.0659358700451,0.0660689841838,0.0655365276289,0.0657140131472,0.0659802414247,0.065847127286,0.0654477848698,0.0647378427966,0.0645159858988,0.0645159858988,0.0650040710741,0.0644272431396,0.0645603572783,0.0645159858988,0.0642941290009,0.0651371852128,0.0655808990085,0.0655365276289,0.0654034134902,0.0655808990085,0.0658914986655,0.0666014407387,0.0661133555634,0.0670007831548,0.0668676690161,0.0667345548774,0.0660689841838,0.066157726943,0.0654034134902,0.0657140131472,0.0651815565924,0.0648709569354,0.0647822141762,0.0645159858988,0.0642497576213,0.0645159858988,0.0642941290009,0.0635841869277,0.0630517303729,0.0632735872707,0.0637173010665,0.063761672446,0.0634067014095,0.0636285583073,0.0632292158912,0.0632292158912,0.0634067014095,0.0632735872707,0.0632735872707,0.0636729296869,0.0637173010665,0.0633623300299,0.0626967593363,0.0624749024384,0.0623417882997,0.0625636451976,0.0626080165771,0.0623861596793,0.0627855020954,0.0629186162342,0.0631848445116,0.0632292158912,0.0632292158912,0.0631848445116,0.0637173010665,0.063140473132,0.0629629876137,0.0630961017524,0.0635841869277,0.0636729296869,0.0641610148622,0.0646491000375,0.0650040710741,0.0655808990085,0.0659802414247,0.0658914986655,0.0659358700451,0.0660246128042,0.065847127286,0.0665570693591,0.0662464697021,0.0660246128042,0.0662464697021,0.0660689841838,0.0660689841838,0.065847127286,0.0664239552204,0.0663795838408,0.0662020983225,0.0667345548774,0.0674444969506,0.0679769535054,0.0681988104033,0.0685981528195,0.0688200097173,0.0691306093743,0.0691306093743,0.0690418666152,0.0696186945496,0.0698405514475,0.0692193521335,0.0690862379948,0.0699736655862,0.0704617507615,0.0709498359368,0.0707723504185,0.0712604355938,0.0717928921487,0.0721478631853,0.0721922345649,0.0730796621563,0.072902176638,0.0733015190542,0.0730352907767,0.0729465480176,0.0728134338789,0.0724584628423,0.0724140914627,0.0732571476746,0.0734790045725,0.0738783469886,0.0736564900908,0.0747214032005,0.0749432600984,0.0748101459597,0.0752538597554,0.0758750590694,0.0764075156243,0.0770287149383,0.0773836859749,0.0779161425297,0.078093628048,0.0782267421868,0.0779605139093,0.0779161425297,0.0776942856319,0.0782267421868,0.0787148273621,0.0792472839169,0.0796022549535,0.0797797404718,0.0796466263331,0.080179082888,0.0806227966837,0.0804453111654,0.080800282202,0.0807559108224,0.0814658528956,0.080800282202,0.0812883673773,0.0816877097934,0.0816433384139,0.0812439959977,0.0815989670343,0.0815102242751,0.08204268083,0.0825751373849,0.0831519653193,0.0838175360129,0.0847937063635,0.0845718494657,0.0844831067065,0.0844387353269,0.085059934641,0.0847937063635,0.0851486774001,0.0854149056775,0.0857255053345,0.0859029908528,0.0859029908528,0.0855036484367,0.085370534298,0.0851043060205,0.0851930487797,0.0855036484367,0.0860804763711,0.0867460470647,0.0871453894809,0.0881215598315,0.0880328170723,0.0877222174153,0.0875891032766,0.0879884456928,0.0883434167293,0.0889202446638,0.0895414439778,0.0893639584595,0.0890533588025,0.0890977301821,0.089630186737,0.0903845001897,0.0906063570876,0.0909169567446,0.0912275564016,0.0914494132994,0.0916268988177,0.0923812122705,0.091493784679,0.0914050419199,0.0917600129564,0.0915825274382,0.0918487557156,0.091804384336,0.0924699550296,0.0937123536576,0.0940229533147,0.0939785819351,0.0941560674534,0.094821638147,0.0952209805631,0.0956646943588,0.095442837461,0.0959752940159,0.0964633791912,0.0967739788482,0.096995835746,0.0968627216073,0.0962858936729,0.0961527795341,0.0965964933299,0.0961971509137,0.0962415222933,0.096374636432,0.0970845785052,0.0980163774762,0.0983269771332,0.09761703506,0.0974395495418,0.0983269771332,0.0986375767902,0.0989481764472,0.0992587761042,0.0995250043817,0.0989925478268,0.0985488340311,0.0989925478268,0.0991700333451,0.0989925478268,0.0985932054106,0.0994362616225,0.100234946455,0.100057460937,0.100279317834,0.100501174732,0.101344230944,0.101122374046,0.100589917491,0.101033631287,0.101477345083,0.10178794474,0.101566087842,0.101432973703,0.101078002667,0.101566087842,0.101654830601,0.101921058879,0.101921058879,0.102453515433,0.102453515433,0.102985971988,0.103474057164,0.103474057164,0.103429685784,0.104139627857,0.104494598894,0.104405856135,0.103695914062,0.103695914062,0.104317113376,0.104405856135,0.104183999237,0.104405856135,0.104538970273,0.104183999237,0.104317113376,0.104716455792,0.104538970273,0.104583341653,0.105426397865,0.105736997522,0.106358196836,0.106801910632,0.106136339938,0.105825740281,0.10595885442,0.105559512004,0.105337655106,0.105559512004,0.105692626142,0.105293283726,0.105736997522,0.10595885442,0.106047597179,0.106136339938,0.106668796493,0.107023767529,0.10697939615,0.106313825456,0.106313825456,0.105736997522,0.105692626142,0.105781368901,0.105825740281,0.106269454077,0.106047597179,0.106491310975,0.106580053734,0.106890653391,0.106713167872,0.106890653391,0.107023767529,0.107068138909,0.107156881668,0.107644966843,0.107866823741,0.107866823741,0.108266166158,0.108177423398,0.108798622712,0.108842994092,0.108266166158,0.108621137194,0.108931736851,0.108842994092,0.109464193406,0.109686050304,0.109819164443,0.109952278581,0.110307249618,0.110662220654,0.110795334793,0.110928448932,0.110573477895,0.110529106516,0.110484735136,0.11004102134,0.109774793063,0.1101297641,0.110395992377,0.111239048589,0.11217084756,0.112747675494,0.113280132049,0.113990074122,0.113990074122,0.1142563024,0.115054987232,