# R script for Peak Model
#  -- generated by MACS
p <- c(0.0428172230402,0.0450707610949,0.048451068177,0.0514557855834,0.0548360926655,0.0582163997476,0.0600943481266,0.0623478861813,0.0638502448845,0.0657281932634,0.0687329106698,0.0706108590487,0.0728643971035,0.0721132177519,0.0713620384003,0.0728643971035,0.0724888074277,0.0739911661308,0.0706108590487,0.0717376280761,0.0709864487245,0.066479372615,0.0668549622908,0.066479372615,0.0623478861813,0.0642258345603,0.0623478861813,0.0638502448845,0.0627234758571,0.0623478861813,0.0615967068297,0.0604699378023,0.0604699378023,0.0612211171539,0.0653526035876,0.066479372615,0.0668549622908,0.0668549622908,0.0661037829392,0.0661037829392,0.0661037829392,0.0668549622908,0.066479372615,0.0661037829392,0.0687329106698,0.0672305519666,0.0672305519666,0.0691085003455,0.0687329106698,0.0694840900213,0.0706108590487,0.0717376280761,0.0739911661308,0.0724888074277,0.0732399867792,0.0732399867792,0.0732399867792,0.0743667558066,0.0747423454824,0.0758691145098,0.073615576455,0.0724888074277,0.0717376280761,0.0743667558066,0.0751179351582,0.075493524834,0.0762447041856,0.0743667558066,0.0743667558066,0.0762447041856,0.0773714732129,0.0781226525645,0.0766202938614,0.0777470628887,0.0766202938614,0.0743667558066,0.0743667558066,0.0724888074277,0.0691085003455,0.0706108590487,0.0687329106698,0.0694840900213,0.0702352693729,0.0709864487245,0.0721132177519,0.0698596796971,0.0698596796971,0.068357320994,0.068357320994,0.066479372615,0.0676061416424,0.0679817313182,0.0668549622908,0.0691085003455,0.0694840900213,0.0672305519666,0.0649770139118,0.0661037829392,0.068357320994,0.066479372615,0.0702352693729,0.0724888074277,0.0743667558066,0.0777470628887,0.0781226525645,0.0788738319161,0.0811273699709,0.0796250112677,0.0784982422403,0.0781226525645,0.0777470628887,0.0792494215919,0.0800006009435,0.0822541389982,0.084507677053,0.084507677053,0.0871368047835,0.0863856254319,0.0886391634867,0.0878879841351,0.0867612151077,0.0863856254319,0.0863856254319,0.0852588564046,0.0830053183498,0.0841320873772,0.0830053183498,0.0848832667288,0.082629728674,0.0788738319161,0.0796250112677,0.0766202938614,0.0751179351582,0.0762447041856,0.0788738319161,0.0773714732129,0.0758691145098,0.0739911661308,0.0721132177519,0.0732399867792,0.0709864487245,0.0728643971035,0.0691085003455,0.0698596796971,0.068357320994,0.0657281932634,0.0661037829392,0.0672305519666,0.0661037829392,0.0657281932634,0.0653526035876,0.0661037829392,0.0653526035876,0.0634746552087,0.0642258345603,0.0649770139118,0.0649770139118,0.0676061416424,0.0702352693729,0.0698596796971,0.0698596796971,0.0717376280761,0.0724888074277,0.073615576455,0.0732399867792,0.0706108590487,0.0709864487245,0.0698596796971,0.0706108590487,0.0706108590487,0.0698596796971,0.0713620384003,0.0724888074277,0.0713620384003,0.0721132177519,0.0721132177519,0.0739911661308,0.0732399867792,0.0739911661308,0.0724888074277,0.0724888074277,0.0721132177519,0.0732399867792,0.0728643971035,0.0691085003455,0.0709864487245,0.0702352693729,0.0702352693729,0.0709864487245,0.0702352693729,0.0706108590487,0.0721132177519,0.0717376280761,0.0691085003455,0.0694840900213,0.0698596796971,0.0709864487245,0.0717376280761,0.0713620384003,0.0728643971035,0.0721132177519,0.0724888074277,0.0709864487245,0.0713620384003,0.0721132177519,0.0739911661308,0.0728643971035,0.075493524834,0.0769958835372,0.0766202938614,0.0792494215919,0.0777470628887,0.0773714732129,0.0766202938614,0.0777470628887,0.0769958835372,0.0766202938614,0.0758691145098,0.0751179351582,0.0766202938614,0.075493524834,0.0747423454824,0.0747423454824,0.0743667558066,0.0747423454824,0.0739911661308,0.0747423454824,0.0751179351582,0.075493524834,0.0743667558066,0.0743667558066,0.073615576455,0.0747423454824,0.0739911661308,0.0717376280761,0.0709864487245,0.0709864487245,0.0702352693729,0.0679817313182,0.0672305519666,0.0657281932634,0.0668549622908,0.0676061416424,0.0691085003455,0.0713620384003,0.0706108590487,0.0706108590487,0.0717376280761,0.0717376280761,0.0713620384003,0.0717376280761,0.0717376280761,0.0713620384003,0.0717376280761,0.0724888074277,0.0728643971035,0.0717376280761,0.0709864487245,0.0698596796971,0.0672305519666,0.0679817313182,0.0668549622908,0.0642258345603,0.0642258345603,0.0661037829392,0.066479372615,0.0657281932634,0.0657281932634,0.0642258345603,0.0646014242361,0.0649770139118,0.0672305519666,0.0676061416424,0.0672305519666,0.0668549622908,0.0653526035876,0.0653526035876,0.0646014242361,0.0661037829392,0.0687329106698,0.0698596796971,0.0721132177519,0.0747423454824,0.0769958835372,0.0781226525645,0.0796250112677,0.0792494215919,0.0807517802951,0.0822541389982,0.0833809080256,0.0833809080256,0.0841320873772,0.0860100357561,0.0860100357561,0.0882635738109,0.0875123944593,0.0871368047835,0.0882635738109,0.0901415221898,0.0912682912172,0.0946485982993,0.0953997776509,0.0938974189477,0.0942730086235,0.0927706499204,0.0893903428383,0.0890147531625,0.0875123944593,0.0871368047835,0.0852588564046,0.0848832667288,0.0871368047835,0.0878879841351,0.0890147531625,0.089765932514,0.0893903428383,0.0882635738109,0.0867612151077,0.0867612151077,0.0871368047835,0.0863856254319,0.0867612151077,0.0875123944593,0.0867612151077,0.0860100357561,0.0833809080256,0.0818785493224,0.082629728674,0.084507677053,0.0860100357561,0.089765932514,0.0908927015414,0.0912682912172,0.091643880893,0.0908927015414,0.091643880893,0.0923950602446,0.0920194705688,0.0920194705688,0.091643880893,0.0927706499204,0.0950241879751,0.0972777260299,0.0995312640846,0.0999068537604,0.101784802139,0.102535981491,0.103662750518,0.101784802139,0.100658033112,0.100658033112,0.102160391815,0.0999068537604,0.101409212464,0.102535981491,0.100658033112,0.0980289053814,0.0976533157057,0.0969021363541,0.0965265466783,0.0953997776509,0.0972777260299,0.0984044950572,0.0972777260299,0.0969021363541,0.0965265466783,0.0950241879751,0.0923950602446,0.0938974189477,0.0927706499204,0.0920194705688,0.0927706499204,0.0927706499204,0.0920194705688,0.0942730086235,0.0946485982993,0.0923950602446,0.0920194705688,0.0927706499204,0.0927706499204,0.0920194705688,0.0931462395962,0.0931462395962,0.0923950602446,0.0920194705688,0.0938974189477,0.0953997776509,0.0942730086235,0.0953997776509,0.0953997776509,0.0969021363541,0.0980289053814,0.098780084733,0.0999068537604,0.0991556744088,0.0999068537604,0.0995312640846,0.0961509570025,0.0961509570025,0.0953997776509,0.093521829272,0.0950241879751,0.0980289053814,0.0976533157057,0.0995312640846,0.0976533157057,0.0953997776509,0.0938974189477,0.0938974189477,0.0961509570025,0.0961509570025,0.0942730086235,0.093521829272,0.0946485982993,0.0950241879751,0.0946485982993,0.0923950602446,0.093521829272,0.0942730086235,0.0923950602446,0.0920194705688,0.091643880893,0.0920194705688,0.0923950602446,0.0931462395962,0.0946485982993,0.0972777260299,0.0965265466783,0.0961509570025,0.0976533157057,0.0976533157057,0.0969021363541,0.0976533157057,0.100658033112,0.101784802139,0.100658033112,0.101409212464,0.102160391815,0.100658033112,0.101784802139,0.0991556744088,0.101409212464,0.103287160843,0.100658033112,0.100658033112,0.103287160843,0.102535981491,0.104789519546,0.105916288573,0.106667467925,0.105165109221,0.103287160843,0.101033622788,0.100282443436,0.0980289053814,0.101784802139,0.0999068537604,0.103287160843,0.105540698897,0.103662750518,0.104038340194,0.104789519546,0.104789519546,0.107418647276,0.110423364683,0.108921005979,0.109296595655,0.106667467925,0.106291878249,0.108169826628,0.109296595655,0.108921005979,0.110798954358,0.106291878249,0.105165109221,0.106291878249,0.110423364683,0.111925723386,0.113428082089,0.113052492413,0.114930440792,0.110423364683,0.114554851116,0.113803671765,0.11417926144,0.115681620144,0.116432799495,0.114554851116,0.114930440792,0.11155013371,0.111925723386,0.111174544034,0.112301313062,0.112301313062,0.112301313062,0.113052492413,0.111174544034,0.11155013371,0.109296595655,0.110798954358,0.112676902737,0.113052492413,0.112676902737,