# R script for Peak Model
#  -- generated by MACS
p <- c(0.00622257088699,0.0064279362628,0.00671544778893,0.00698242277748,0.00726993430362,0.00753690929217,0.0078244208183,0.00811193234443,0.00831729772024,0.00862534578395,0.00885124769734,0.00920036883621,0.00940573421202,0.00961109958783,0.00996022072671,0.0102066591777,0.0104941707038,0.0106995360796,0.0109049014554,0.0110691937561,0.0112950956695,0.0114388514325,0.0117263629587,0.0119728014096,0.0122192398606,0.0123013860109,0.0122808494733,0.0121165571727,0.0120960206351,0.0122603129358,0.0123219225485,0.0123013860109,0.0122808494733,0.0121576302479,0.012198703323,0.0122192398606,0.0121781667854,0.012198703323,0.0122808494733,0.0125272879243,0.0126299706122,0.012691580225,0.0127326533001,0.0128147994504,0.012835335988,0.0128147994504,0.0127121167625,0.0126710436874,0.0127737263753,0.0127737263753,0.0129174821383,0.0130612379014,0.0131228475142,0.0131844571269,0.0131433840517,0.0133487494275,0.0132049936645,0.0131844571269,0.0132871398148,0.0132666032772,0.0133076763524,0.0131023109766,0.0132255302021,0.0133076763524,0.0132460667396,0.0132460667396,0.0131844571269,0.0133076763524,0.0134514321154,0.0135951878785,0.0136567974913,0.0139237724798,0.0139443090174,0.0140264551677,0.0140469917053,0.0142318205435,0.0142523570811,0.0143139666938,0.0142934301563,0.0140675282429,0.0140675282429,0.0140264551677,0.0140264551677,0.0140675282429,0.013964845555,0.0139443090174,0.0137800167167,0.0136978705664,0.0135541148034,0.0134103590403,0.0133898225027,0.01332821289,0.0133076763524,0.0132460667396,0.0132255302021,0.0132871398148,0.0133692859651,0.0132871398148,0.0132460667396,0.0132666032772,0.0132049936645,0.0131228475142,0.0129380186759,0.0128969456008,0.0129380186759,0.0126299706122,0.0127326533001,0.0128147994504,0.012691580225,0.012691580225,0.0127326533001,0.0129790917511,0.013081774439,0.0130612379014,0.0129585552135,0.0128558725256,0.0128764090632,0.0127531898377,0.0126299706122,0.0127326533001,0.0127121167625,0.0126299706122,0.0126505071498,0.0125067513867,0.0125067513867,0.0123629956237,0.0123629956237,0.0124656783116,0.0125478244619,0.0127121167625,0.0126094340746,0.0127531898377,0.0128147994504,0.0128969456008,0.0129790917511,0.0129174821383,0.013081774439,0.0131228475142,0.0131023109766,0.0130612379014,0.0131228475142,0.0132255302021,0.0131639205893,0.0132460667396,0.0132460667396,0.0131023109766,0.0130612379014,0.0131844571269,0.0130612379014,0.0131023109766,0.0131639205893,0.0131433840517,0.0132255302021,0.0132666032772,0.0133076763524,0.0133898225027,0.0135541148034,0.013471968653,0.0136978705664,0.0138005532543,0.0137594801792,0.0136362609537,0.0135541148034,0.0136362609537,0.0138416263295,0.014108601318,0.0142728936187,0.0142728936187,0.0143755763066,0.0142523570811,0.0143345032314,0.0142728936187,0.0142523570811,0.0143755763066,0.0143961128442,0.0144987955321,0.0146220147576,0.0146425512951,0.0146630878327,0.0145809416824,0.0146425512951,0.0145809416824,0.0146836243703,0.0147246974455,0.0147657705206,0.0149505993588,0.0151559647347,0.0154024031856,0.0156693781742,0.0157309877869,0.0158131339372,0.0159363531627,0.0161006454634,0.0161622550761,0.0163265473768,0.0165935223653,0.0167783512035,0.016757814666,0.0169631800418,0.0172096184927,0.0173123011806,0.0174765934813,0.0176819588571,0.0177435684698,0.0178873242329,0.0179900069208,0.0181337626839,0.0182364453718,0.0181337626839,0.0181542992215,0.0183391280597,0.0184623472852,0.0185444934355,0.0185855665107,0.0184418107476,0.0184007376724,0.0182775184469,0.0184828838228,0.0185034203603,0.0185444934355,0.0184418107476,0.0185239568979,0.0185855665107,0.0185855665107,0.0185855665107,0.0185855665107,0.0185239568979,0.0187087857361,0.0186471761234,0.0186882491986,0.0188525414992,0.018914151112,0.0189757607247,0.0189346876495,0.0191605895629,0.0192221991757,0.0191400530253,0.0190373703374,0.0190989799502,0.0192016626381,0.0193864914763,0.0194891741642,0.0195918568521,0.0196123933897,0.0199204414534,0.0200641972165,0.020187416442,0.0206392202687,0.0207008298815,0.0205160010433,0.020577610656,0.0206392202687,0.0206392202687,0.020824049107,0.020824049107,0.0209883414076,0.021214243321,0.0213579990841,0.0214812183096,0.0217687298357,0.0218919490612,0.0222205336625,0.0223642894255,0.0225080451886,0.0227955567147,0.0228982394026,0.0234321893797,0.023760773981,0.0240688220447,0.024643845097,0.0250751123862,0.0253010142996,0.0255063796754,0.0257528181264,0.0261019392652,0.0263278411786,0.0267385719302,0.0269234007685,0.0274573507456,0.0278680814972,0.0284020314743,0.0286484699253,0.0289975910641,0.02920295644,0.0295520775788,0.0299011987177,0.0303119294693,0.0307637332961,0.0308869525216,0.0312360736605,0.0313592928859,0.0317494871,0.0322218274643,0.0327147043663,0.0332897274185,0.0337209947077,0.0343576273727,0.0348505042747,0.0356308927028,0.0362469888302,0.0368014753449,0.0372327426341,0.0380131310621,0.0387113733399,0.0394096156176,0.0399641021323,0.0404569790342,0.0411757578496,0.0418329270522,0.042428486642,0.0431472654573,0.0436812154344,0.0442973115619,0.0448723346141,0.0457759422677,0.0468643787595,0.047131353748,0.0474599383493,0.048014424864,0.0485278383035,0.0492055440437,0.0501091516972,0.0510743689635,0.0520190496923,0.0529226573458,0.0535387534732,0.0541959226758,0.0549352380287,0.0558799187575,0.0569272821741,0.057420159076,0.0585291321054,0.0594738128341,0.0603979570252,0.0610756627654,0.0620819531069,0.0630882434483,0.064279362628,0.0655731644956,0.0665999913747,0.0680991586181,0.0689411566589,0.0699679835379,0.0709126642666,0.0718778815329,0.0732127564757,0.0742806564299,0.0753896294593,0.0762932371128,0.077854013969,0.0791888889117,0.0804210811666,0.0816532734214,0.0826801003004,0.0841792675439,0.0855962886369,0.0871570654931,0.0883071115976,0.0900116442168,0.0912232999341,0.0926813941023,0.0941394882706,0.0956797285891,0.0975896265841,0.098821818839,0.100054011094,0.101655861025,0.103976489772,0.105742632004,0.107241799247,0.108720429953,0.110712474098,0.112232177879,0.113936710498,0.115641243118,0.117818116101,0.119789623709,0.121699521704,0.123568346624,0.12564253692,0.127942629129,0.129975746349,0.131782961656,0.133939298102,0.136116171086,0.138251970994,0.139915430538,0.141578890082,0.143920055367,0.146343366801,0.148109509033,0.150306918554,0.152237353087,0.15433207992,0.156632172129,0.158603679737,0.160595723882,0.162875279554,0.165360200601,0.167352244746,0.169713946568,0.172630134905,0.174498959824,0.177209782785,0.179838459595,0.182569819094,0.185054740141,0.187416441963,0.190065655311,0.192714868659,0.194953351255,0.197376662689,0.199758901049,0.202141139408,0.205406448884,0.208733367972,0.211526337083,0.214155013893,0.217420323368,0.220131146329,0.223150017353,0.225778694164,0.228653809425,0.231405705461,0.234321893797,0.237689885961,0.240996268511,0.244508016437,0.2477117163,0.251202927689,0.254365554476,0.256829938986,0.260608661901,0.264366848278,0.267816986592,0.270835857616,0.273895801716,0.277202184266,0.279954080302,0.282726512875,0.2857453839,0.288805327999,0.291865272099,0.295027898886,0.297369064171,0.300305789045,0.303735390821,0.306507823394,0.309465084806,0.311744640477,0.314373317287,0.316693946034,0.319774426671,0.322341493869,0.324046026488,0.326469337923,0.328194407079,0.330535572364,0.332034739607,0.334170539515,0.336634924025,0.338647504708,0.340844914229,0.342713739149,0.343843248716,0.345075440971,0.346451388989,0.347560362018,0.348258604296,0.350024746528,0.350805134956,0.35127747532,0.352448057962,0.353474884841,0.354440102108,0.354296346345,0.354645467483,0.354789223247,0.355076734773,0.355282100148,0.355651757825,0.357089315456,0.356842877005,0.357027705843,0.357684875045,0.358362580786,0.359553699965,0.360436771081,0.361751109486,0.362634180602,0.364174420921,0.365139638187,0.366700415043,0.367912070761,0.370047870669,0.371957768664,0.372799766705,0.374873957001,0.376311514631,0.378241949164,0.379925945245,0.381363502876,0.383211791258,0.384649348889,0.387442318,0.388900412168,0.39126211399,