# R script for Peak Model
#  -- generated by MACS
p <- c(0.00587564127636,0.00603084689498,0.00636343036345,0.00665166936946,0.00685121945055,0.00709511399409,0.00725031961271,0.00736118076887,0.00749421415626,0.00760507531242,0.00769376423734,0.00778245316227,0.00798200324335,0.00820372555567,0.00838110340552,0.00853630902414,0.00860282571784,0.00884672026138,0.00909061480493,0.00922364819232,0.00940102604217,0.00960057612326,0.00973360951065,0.00977795397311,0.0098444706668,0.00999967628542,0.010243570829,0.0103766042164,0.0105761542974,0.0106870154536,0.0108865655347,0.0111304600782,0.0112634934656,0.0111748045407,0.0111969767719,0.0111526323095,0.0112634934656,0.0113300101593,0.0114186990842,0.011396526853,0.0113521823905,0.0112856656969,0.0113300101593,0.0113521823905,0.0111969767719,0.0112634934656,0.0112856656969,0.0112634934656,0.0113078379281,0.0112413212344,0.0112413212344,0.0111969767719,0.0113078379281,0.0113078379281,0.0113521823905,0.0114852157779,0.0114408713155,0.0115073880092,0.0115960769341,0.0115073880092,0.0114852157779,0.0114186990842,0.0114408713155,0.011396526853,0.0112191490032,0.011108287847,0.0111969767719,0.0112413212344,0.0110417711533,0.0110861156158,0.0111526323095,0.0111526323095,0.011108287847,0.0112191490032,0.0113300101593,0.0114186990842,0.0114630435467,0.0115073880092,0.0114630435467,0.0114408713155,0.0114186990842,0.0114186990842,0.0115295602404,0.0114630435467,0.0113078379281,0.0114408713155,0.0115073880092,0.0114408713155,0.0115960769341,0.0118843159401,0.0119286604026,0.011973004865,0.0118399714776,0.0118399714776,0.0119064881713,0.011973004865,0.0120173493275,0.0121282104837,0.0121503827149,0.0121725549461,0.0122834161023,0.0123721050272,0.0121725549461,0.0121947271773,0.0120173493275,0.0120838660212,0.0120395215587,0.0119951770963,0.0121503827149,0.01206169379,0.0121503827149,0.0121725549461,0.012349932796,0.0122834161023,0.0122390716398,0.0123942772584,0.0125494828771,0.0127712051894,0.0126825162644,0.0126825162644,0.012638171802,0.0125938273395,0.0126159995707,0.0126825162644,0.0128820663455,0.0128377218831,0.0129707552705,0.0131037886578,0.0131037886578,0.0131703053515,0.0133920276638,0.0135694055137,0.0134807165888,0.0134141998951,0.0135472332825,0.0135472332825,0.0134363721263,0.0133255109702,0.0134363721263,0.0133920276638,0.0134585443575,0.0135472332825,0.0137467833636,0.0138354722885,0.0139906779071,0.0139685056759,0.0140350223696,0.014079366832,0.0140571946008,0.014168055757,0.0143232613756,0.0142789169131,0.0142345724506,0.0142567446819,0.014168055757,0.0140571946008,0.0141237112945,0.0141902279882,0.0143232613756,0.0145449836879,0.0144341225317,0.0143897780693,0.0143897780693,0.0143010891443,0.0143897780693,0.0143897780693,0.0143232613756,0.0144119503005,0.0144119503005,0.0145449836879,0.0145893281504,0.0145671559191,0.0147223615377,0.0147667060002,0.0145893281504,0.0147223615377,0.0146115003816,0.014655844844,0.0145893281504,0.0147223615377,0.0148332226939,0.0147223615377,0.0147001893065,0.0145671559191,0.014655844844,0.0146336726128,0.0146780170753,0.0147888782314,0.0148553949251,0.0147888782314,0.0146780170753,0.0148775671564,0.0147667060002,0.0148332226939,0.0150106005438,0.0151879783936,0.0151436339311,0.0151658061624,0.015321011781,0.0155870785558,0.0157422841744,0.0154983896308,0.0156314230182,0.0158088008681,0.0158753175618,0.0159418342555,0.0158531453306,0.0157866286369,0.0156757674807,0.0156757674807,0.0156979397119,0.0158309730993,0.0159418342555,0.0160305231804,0.016185728799,0.0161413843366,0.0162522454927,0.0165404844987,0.0166735178861,0.016762206811,0.0169174124297,0.0169839291234,0.0170282735858,0.0171613069732,0.0172499958981,0.0171613069732,0.017427373748,0.0176490960603,0.0177599572165,0.0178708183726,0.0179816795288,0.0180925406849,0.018292090766,0.0183364352285,0.018669018697,0.0188907410093,0.0190902910904,0.0193785300964,0.0194450467901,0.0197554580273,0.0200215248021,0.0201323859582,0.020398452733,0.0204649694267,0.0205093138892,0.0205314861204,0.0207310362015,0.0208862418201,0.0209971029763,0.0211744808261,0.0212409975198,0.0213740309072,0.0215735809883,0.021640097682,0.0216622699132,0.0219061644568,0.0219726811505,0.0221500590003,0.0225048147,0.0226156758562,0.0226156758562,0.0227487092436,0.0230591204808,0.0232808427931,0.023369531718,0.0235247373367,0.0236577707241,0.0240568708862,0.0242342487361,0.0245446599733,0.0247442100544,0.024899415673,0.0252319991415,0.0255867548412,0.0260080272346,0.0263849551655,0.0265845052466,0.0269392609463,0.0272274999523,0.0274270500334,0.0276044278833,0.0278261501956,0.0281587336641,0.0282917670514,0.0285800060575,0.0292230007632,0.0293560341506,0.0296442731566,0.0297994787752,0.0300877177812,0.0305089901746,0.0308194014118,0.0309967792617,0.0312406738052,0.0316176017362,0.0318171518173,0.0320167018983,0.0324823187542,0.0326596966041,0.0328370744539,0.0329257633788,0.0329479356101,0.0334800691596,0.0338348248593,0.0342560972527,0.0347660585711,0.0352095031957,0.0358303256702,0.0364289759134,0.0368059038444,0.0372936929314,0.0379366876372,0.0380475487933,0.038490993418,0.0391118158924,0.0394000548984,0.0399543606792,0.0404864942288,0.0409964555471,0.0417059669465,0.0422381004961,0.043191506439,0.0437458122198,0.0443666346943,0.0449652849376,0.0455417629496,0.0461625854241,0.0467834078985,0.0472933692169,0.0478255027664,0.0484906697034,0.0492445255652,0.0500205536584,0.0507078928265,0.0513508875322,0.0519717100067,0.0528807714872,0.0533907328055,0.054100244205,0.0547875833731,0.0554527503101,0.0560957450158,0.0569604620338,0.0578251790519,0.0584903459888,0.0591333406945,0.0601310910999,0.0609736358867,0.0616609750549,0.0622596252982,0.0629691366976,0.0635456147096,0.0645211928838,0.0655411155204,0.0665388659258,0.0674035829439,0.0684456778118,0.0691330169799,0.0704633508538,0.0716163068779,0.0724145072022,0.0735674632262,0.0752082083374,0.0762503032053,0.0775806370792,0.0787779375657,0.0800195825146,0.0815716387008,0.0825915613375,0.0836336562054,0.0850083345417,0.0865382184967,0.0877355189832,0.0889771639322,0.0904183589622,0.0918595539923,0.0933007490223,0.0945867384337,0.0963605169323,0.0981342954308,0.099398112611,0.101083202185,0.102635258371,0.104231659019,0.106005437518,0.107579665935,0.109486477821,0.110994189545,0.112745795812,0.114342196461,0.116005113803,0.118022786845,0.119996115425,0.122035960698,0.123942772584,0.125760895545,0.127734224125,0.129552347086,0.131436986741,0.133343798626,0.134984543738,0.137113077936,0.138465584041,0.140771496089,0.142367896738,0.144186019699,0.14618152051,0.148043987933,0.150017316513,0.15194630063,0.154030490366,0.156358574645,0.158376247687,0.160748676429,0.163209794095,0.165892634074,0.16868633521,0.170881386101,0.173231642612,0.175493210198,0.177355677621,0.179484211819,0.18165709048,0.184229069303,0.185958503339,0.188596998855,0.191479388916,0.194273090051,0.196024696318,0.19821974721,0.200370453639,0.202875915769,0.205204000048,0.207509912096,0.21045881885,0.21298645321,0.215602776495,0.217953033006,0.221301039922,0.223562607508,0.225779830631,0.228529187303,0.231588955213,0.234316139655,0.23675508509,0.239238374988,0.241987731661,0.244448849328,0.247198206,0.249770184823,0.25258605819,0.256044926262,0.258749938472,0.261432778451,0.26447037413,0.267685347658,0.27058990995,0.273161888773,0.275911245445,0.278594085424,0.281409958791,0.285024032481,0.287729044692,0.290256679052,0.292828657875,0.295467153391,0.298770815845,0.301187589049,0.30426952919,0.306863680244,0.310056481542,0.312916699371,0.316309050749,0.319302301965,0.322029486407,0.324645809692,0.327372994134,0.330743173281,0.333625563341,0.336397092245,0.339257310074,0.342028838978,0.344733851188,0.34783796356,0.351163798245,0.354046188305,0.357615917533,0.360697857675,0.363114630879,0.365597920777,0.368635516456,0.370741878423,0.373269512783,0.375087635744,0.377881336879,0.38040897124,0.383003122294,0.385486412192,0.388302285558,0.39049733645,0.392758904035,0.395197849471,0.397171178051,0.400120084804,0.401649968759,