# R script for Peak Model
#  -- generated by MACS
p <- c(0.00879789585998,0.00906604653206,0.00933419720413,0.00960234787621,0.00980665315017,0.0101769564592,0.0105089525294,0.0107643341219,0.0110324847939,0.0113261736253,0.0116198624566,0.0119390894471,0.0122327782785,0.0125775434283,0.01285846318,0.0131138447724,0.0134458408426,0.0136884533554,0.013905527709,0.0141992165404,0.0146078270883,0.0149270540788,0.0151696665917,0.0154505863434,0.0156804297766,0.0159102732098,0.0161528857226,0.0162805765188,0.0165359581113,0.0167402633853,0.0170977976147,0.017289333809,0.0174297936849,0.0176468680385,0.0176468680385,0.0176468680385,0.0176468680385,0.0177362515958,0.0178256351532,0.0176468680385,0.0176979443569,0.0178894805513,0.0178767114717,0.0178894805513,0.0179150187105,0.0177745588347,0.0176979443569,0.0175574844811,0.0175574844811,0.0175191772422,0.0175191772422,0.0175447154015,0.01759579172,0.01759579172,0.0176851752773,0.0177873279143,0.0178511733124,0.0179533259494,0.0178767114717,0.0178511733124,0.0179022496309,0.017863942392,0.0178128660736,0.0178511733124,0.0178256351532,0.0177617897551,0.0177234825162,0.0175447154015,0.0175574844811,0.0175830226403,0.0176085607996,0.0176468680385,0.0177617897551,0.0176468680385,0.0175830226403,0.0176468680385,0.0176724061977,0.0176085607996,0.0175064081626,0.017493639083,0.0174681009237,0.0174297936849,0.0174297936849,0.0173404101275,0.0173148719683,0.0173787173664,0.0173531792071,0.0172510265702,0.0171999502517,0.0171233357739,0.0171616430128,0.0171616430128,0.0171105666943,0.017187181172,0.0173276410479,0.0175191772422,0.0175702535607,0.0177362515958,0.0176340989588,0.0177362515958,0.0179150187105,0.0180171713475,0.0179405568698,0.0179916331883,0.0180044022679,0.017966095029,0.0180044022679,0.0181320930641,0.0181959384622,0.0182597838603,0.0183363983381,0.0184385509751,0.0184896272936,0.018642856249,0.0187960852045,0.0188982378415,0.0189620832396,0.0189876213988,0.0190514667969,0.0192046957524,0.0191791575932,0.0193323865486,0.0193834628671,0.0194600773449,0.0194345391856,0.0193962319468,0.0195111536634,0.0195877681411,0.0197537661762,0.0198559188132,0.0199453023705,0.0199580714502,0.0201240694852,0.0202645293611,0.0203411438388,0.0204816037147,0.020570987272,0.0206220635905,0.0205965254313,0.0205582181924,0.0204560655554,0.0204816037147,0.0205199109535,0.0205837563517,0.0205582181924,0.0206348326701,0.0208391379441,0.0209029833422,0.020877445183,0.0208263688645,0.0209285215015,0.0211583649347,0.0213115938901,0.0215158991641,0.0216946662788,0.0217840498362,0.0217457425973,0.0217968189158,0.0217968189158,0.0218862024732,0.0221415840656,0.0222437367026,0.0222948130211,0.0223714274988,0.0225885018524,0.0226395781709,0.0227672689671,0.0228694216041,0.0229332670022,0.02300988148,0.0232014176743,0.0233291084705,0.0233418775501,0.023482337426,0.0234057229483,0.0234695683464,0.0235972591426,0.023584490063,0.0235972591426,0.0235589519037,0.0237249499388,0.0238015644166,0.0236611045407,0.0237760262573,0.0238015644166,0.0239037170535,0.023852640735,0.0239037170535,0.0241335604867,0.0241974058849,0.0242357131237,0.0242740203626,0.0243250966811,0.0245549401143,0.0248103217067,0.0248613980252,0.0247720144679,0.0248869361845,0.0248997052641,0.0250529342196,0.0250018579011,0.0249635506622,0.0251550868566,0.0252444704139,0.0252317013343,0.0253338539713,0.0254743138471,0.0256786191211,0.0259723079524,0.0261255369079,0.0264319948188,0.0266363000928,0.026866143526,0.026968296163,0.0270066034018,0.0272236777554,0.0273896757905,0.0276322883033,0.0278493626569,0.0279770534532,0.0279004389754,0.0278110554181,0.0279515152939,0.0280664370105,0.0281685896475,0.0283345876826,0.0285133547973,0.0285772001954,0.0285772001954,0.0286282765139,0.028794274549,0.0290496561415,0.0290751943007,0.0292411923358,0.0294454976098,0.0295987265652,0.0297774936799,0.0299051844762,0.0300839515909,0.0303137950241,0.0306968674128,0.0308117891294,0.031028863483,0.0311182470403,0.0313353213939,0.0314119358716,0.0317950082603,0.032178080649,0.0323696168433,0.0324206931618,0.0327782273913,0.0330463780633,0.0332506833373,0.033531603089,0.0339274445573,0.034106211672,0.0342849787867,0.0343871314237,0.0346297439365,0.0347957419716,0.0351660452807,0.0353192742362,0.0356129630675,0.0358811137396,0.0363280315263,0.0366600275965,0.0371963289407,0.0375666322497,0.038064626355,0.0385115441418,0.0388818474509,0.0393670724765,0.0396990685467,0.0400566027762,0.0402609080501,0.0405418278018,0.0406822876777,0.0411292054645,0.0412185890218,0.0415122778531,0.0417165831271,0.0419464265603,0.0423805752675,0.0425210351433,0.043108412806,0.0436191759909,0.0438490194241,0.044155477335,0.0447428549977,0.0453685398992,0.045815457686,0.046492218906,0.0472328255241,0.047743588709,0.0482671209735,0.0489438821935,0.0495823361746,0.0502335592354,0.050718784261,0.0511529329682,0.051702003392,0.0519956922233,0.0525575317267,0.0530810639912,0.0537833633705,0.0546005844663,0.0549964259346,0.0554050364825,0.055762570712,0.0563499483746,0.0570522477539,0.0577417780535,0.058469615592,0.058942071538,0.0594017584044,0.0597720617135,0.0606275900482,0.0614192729848,0.0622875703991,0.063104791495,0.0641263178648,0.0648158481644,0.065709683738,0.0664630594357,0.0672292042131,0.0680336562293,0.069093489838,0.0701150162078,0.0708939300648,0.0719665327531,0.0726305248934,0.0734349769097,0.0742777361648,0.0750311118625,0.0758100257195,0.076537863258,0.0775083133093,0.078568146918,0.0793853680138,0.0802536654282,0.0813134990368,0.0823861017251,0.0835353188912,0.0847994577738,0.0860763657361,0.0869318940708,0.0880044967591,0.0890132540493,0.0901624712153,0.0913627646998,0.0924353673881,0.0936101227134,0.0944784201277,0.0953594866217,0.0965470110266,0.0976706900334,0.0987049854828,0.0998669717285,0.101041727054,0.102114329742,0.103327392306,0.104476609472,0.105740748355,0.106877196441,0.107911491891,0.108869172862,0.110146080825,0.111410219707,0.112865894784,0.114117264587,0.115151560037,0.116466775238,0.117922450315,0.119122743799,0.120489035319,0.122391628183,0.123923917738,0.125711588885,0.126975727767,0.128699553516,0.130180766753,0.131827978024,0.133475189295,0.134981940691,0.135901314424,0.137574063854,0.139131891568,0.140357723212,0.141532478537,0.143064768092,0.144558750408,0.14616765444,0.147546715039,0.149091773674,0.150458065193,0.152003123828,0.153484337064,0.154684630548,0.156076460227,0.157825824136,0.159294268292,0.16140116643,0.162499307277,0.163942213275,0.165551117307,0.166955716066,0.168730618133,0.170020295175,0.171463201173,0.172816723613,0.17459162568,0.176085607996,0.177694512028,0.179699257529,0.181793386587,0.183517212336,0.185253807165,0.187156400029,0.188650382345,0.190425284412,0.19220018648,0.194179393821,0.196107524844,0.198150577584,0.200002094129,0.201585460002,0.203462514707,0.205288493093,0.206999549762,0.208953218945,0.210549353897,0.212298717806,0.214341770545,0.216933893709,0.218862024732,0.220688003118,0.222079832797,0.224237807253,0.226344705391,0.228030223901,0.229588051615,0.231567258956,0.233827386049,0.235551211798,0.23784964613,0.239586240959,0.241808060814,0.243761729996,0.245345095869,0.247362610449,0.249469508587,0.251359332371,0.25377268842,0.255547590487,0.257603412307,0.259646465046,0.261829977662,0.263528265252,0.265584087071,0.267754830607,0.269989419541,0.272211239395,0.274101063179,0.275671659973,0.277753019951,0.279974839806,0.282260505058,0.284380172275,0.286269996059,0.287636287579,0.289883645593,0.291939467412,0.293893136594,0.295974496573,0.297979242073,0.300418136281,0.302895337728,0.304670239796,0.306521756341,0.308679730797,0.310710014457,0.312382763888,0.314093820557,0.315919798943,0.317822391807,0.319622832034,0.321742499251,0.323364172363,0.325330610625,0.32686290018,0.32820365354,0.329608252299,0.331434230685,0.33328574723,0.334881882183,0.336094944747,0.337231392833,0.338993525821,0.340691813411,0.342390101001,0.343679778043,0.344624689935,0.346042057773,0.347753114442,0.349732321784,0.351277380418,0.352950129849,0.354865491792,