# R script for Peak Model
#  -- generated by MACS
p <- c(0.0338424775183,0.0346123693109,0.0355952098971,0.0365944311597,0.0373643229522,0.0383963055678,0.039117055331,0.0401981799758,0.0411974012384,0.0424423326476,0.043130321058,0.0439821162327,0.0450140988482,0.0461607461988,0.0471599674614,0.0482574727827,0.049469642839,0.050255915308,0.0513206592764,0.052319880539,0.0532044370666,0.0541053742706,0.0548752660631,0.0557925839436,0.0567099018241,0.0574470322637,0.0582005433798,0.0591670032896,0.0601498438758,0.061132684462,0.0620663830189,0.0628690361643,0.0640156835148,0.0650312854539,0.0658994613051,0.0660632680694,0.0663253588924,0.0661943134809,0.0663581202453,0.0663253588924,0.0664891656568,0.0664564043039,0.0666038303919,0.066571069039,0.0663745009217,0.0665383076861,0.0666529724212,0.0664564043039,0.0663417395689,0.0663745009217,0.0667676371562,0.0667348758033,0.0666693530976,0.0666529724212,0.0666038303919,0.0672426767729,0.0674228642137,0.0675539096252,0.0675539096252,0.067472006243,0.0676521936838,0.0676685743602,0.0674064835373,0.0673737221844,0.0675211482723,0.0675211482723,0.0678815231539,0.0678160004482,0.0676030516545,0.0678979038304,0.0679634265361,0.068110852624,0.0681927560062,0.0681272333005,0.0684057047999,0.0682910400648,0.0686514149464,0.0685367502114,0.0684712275056,0.0681763753298,0.0685858922407,0.0688152217108,0.068520369535,0.0683074207413,0.0682418980355,0.0683893241235,0.0680780912712,0.068372943447,0.0682746593884,0.0683565627706,0.0684220854763,0.0685039888585,0.0687333183286,0.0690281705045,0.0692902613275,0.0693885453861,0.0697489202677,0.0698963463556,0.0698308236499,0.0699127270321,0.0697489202677,0.0700437724436,0.0698144429735,0.0697325395913,0.0699127270321,0.0698635850028,0.0698308236499,0.069945488385,0.0698963463556,0.0697161589148,0.0695523521505,0.0698144429735,0.0697161589148,0.0698308236499,0.0697489202677,0.0695195907976,0.0693885453861,0.0692574999746,0.0693721647097,0.0693885453861,0.0690609318574,0.0690281705045,0.0693721647097,0.0693885453861,0.0695195907976,0.0692902613275,0.0690117898281,0.0690773125338,0.0691919772689,0.0693557840332,0.0692411192982,0.069273880651,0.0693394033568,0.069159215916,0.0691428352396,0.0688316023873,0.0687496990051,0.0689298864459,0.069159215916,0.0691428352396,0.0693885453861,0.0694540680919,0.0693885453861,0.069421306739,0.0692902613275,0.069421306739,0.0694376874154,0.0694049260625,0.0695523521505,0.0696506362091,0.069683397562,0.0695687328269,0.0700110110907,0.0702075792079,0.070698999501,0.0704532893545,0.0706007154424,0.0706498574717,0.0706662381482,0.0706170961189,0.0709938516769,0.0711576584413,0.0713378458821,0.0707809028832,0.0705188120602,0.0706170961189,0.0705188120602,0.0703713859723,0.0705024313838,0.0706170961189,0.0710102323533,0.0711248970884,0.0710429937062,0.0712395618235,0.0711412777648,0.0709283289712,0.0707317608539,0.0708955676183,0.0708300449125,0.070846425589,0.0707972835597,0.0705515734131,0.0706170961189,0.0703550052959,0.0704860507074,0.0708628062654,0.0708955676183,0.0710921357355,0.071108516412,0.0710266130298,0.071223181147,0.071223181147,0.0710266130298,0.071108516412,0.0713214652056,0.0712559424999,0.0715016526464,0.0712887038528,0.0714361299407,0.0712723231763,0.071370607235,0.0712887038528,0.0715835560286,0.0720422149689,0.0717801241459,0.0717309821166,0.0716818400873,0.0717637434694,0.0717146014401,0.07148527197,0.071223181147,0.0709938516769,0.0710429937062,0.0711576584413,0.0713378458821,0.0710921357355,0.0710921357355,0.0713869879114,0.0714525106171,0.0712723231763,0.0711248970884,0.0710429937062,0.0711248970884,0.071108516412,0.0706662381482,0.0706334767953,0.0706007154424,0.0704696700309,0.0707809028832,0.0707645222068,0.0704205280016,0.0702894825901,0.0703386246194,0.0708300449125,0.070846425589,0.071108516412,0.0712559424999,0.0713050845292,0.0714688912936,0.0713214652056,0.0711412777648,0.0709938516769,0.0712723231763,0.0715180333229,0.0718947888809,0.072386209174,0.0727138227028,0.0727465840556,0.0732380043487,0.0736639019361,0.0741061801999,0.0744174130522,0.0745648391401,0.0750398787568,0.0750890207861,0.0749907367275,0.0753019695798,0.0756459637849,0.0759408159608,0.0762192874602,0.0761537647545,0.0765305203125,0.0766288043712,0.0768581338413,0.0771038439878,0.077562502928,0.077562502928,0.0778573551039,0.0779884005154,0.0780375425447,0.0782832526913,0.0783651560734,0.0785453435143,0.0784962014849,0.0790531444838,0.0795281841005,0.0798066555999,0.0800196043936,0.0804946440102,0.0809533029505,0.0810515870091,0.08146110392,0.0815102459493,0.0813955812142,0.0815102459493,0.0821163309775,0.0825586092413,0.083000887505,0.083148313593,0.0838035406505,0.0840820121499,0.0842949609436,0.0844587677079,0.084950188001,0.0854088469413,0.0857200797936,0.0861295967045,0.0865063522625,0.0866865397033,0.0870796759378,0.0875710962309,0.0878331870539,0.0880297551711,0.0883901300527,0.0888815503458,0.0888651696694,0.0892091638746,0.0894057319918,0.0894712546976,0.0898152489027,0.0903394305487,0.0906670440775,0.090912754224,0.0912239870763,0.09143693587,0.0916335039872,0.091813691428,0.0920266402217,0.0920430208981,0.0918792141338,0.0921740663096,0.0926654866027,0.0930750035137,0.0933043329838,0.0937138498947,0.0938776566591,0.0941888895114,0.0940742247763,0.0943363155993,0.0944345996579,0.0947949745395,0.0949424006274,0.0951225880682,0.0949915426568,0.0951062073918,0.0949751619803,0.0955812470085,0.0956795310671,0.0959907639194,0.0961054286545,0.0962856160953,0.096613229624,0.0964985648889,0.0964330421832,0.0964821842125,0.0965149455654,0.0969572238292,0.097252076005,0.0976615929159,0.0979236837389,0.0982349165912,0.0984314847085,0.0991030924424,0.0996764161177,0.09998764897,0.0999385069407,0.0997910808527,0.0996927967941,0.0998238422056,0.100036790999,0.100479069263,0.101003250909,0.101068773615,0.101085154291,0.100773921439,0.101003250909,0.101068773615,0.101150676997,0.100986870233,0.100937728203,0.100855824821,0.100986870233,0.101068773615,0.100790302115,0.100888586174,0.101068773615,0.101068773615,0.101494671202,0.101674858643,0.101724000672,0.102067994877,0.10210075623,0.102543034494,0.102674079906,0.102985312758,0.103247403581,0.103214642228,0.103280164934,0.103493113727,0.104017295373,0.103919011315,0.103902630638,0.104115579432,0.104148340785,0.104246624844,0.104574238372,0.104426812284,0.104590619049,0.104869090548,0.105294988135,0.105409652871,0.105770027752,0.106032118575,0.106589061574,0.106769249015,0.106834771721,0.106638203603,0.106670964956,0.106818391044,0.10711324322,0.107408095396,0.107391714719,0.107702947572,0.108161606512,0.10853836207,0.108734930187,0.108571123423,0.108800452893,0.108653026805,0.108653026805,0.109144447098,0.109586725362,0.109537583333,0.109701390097,0.110061764979,0.110307475125,0.110798895418,0.11092994083,0.111290315711,0.1111592703,0.111208412329,0.110979082859,0.111273935035,0.111044605565,0.111683451946,0.111536025858,0.11212573021,0.112289536974,0.112600769826,0.113108570796,0.11355084906,0.113993127323,0.11423883747,0.114861303175,0.114992348586,0.115418246173,0.115631194967,0.115418246173,0.115516530232,0.115844143761,0.115549291585,0.115942427819,0.115876905114,0.11612261526,0.116138995937,0.116106234584,0.1165812742,0.116745080965,0.117138217199,0.117072694494,0.117351165993,0.117613256816,0.117449450052,0.117957251021,0.118415909961,0.118628858755,0.119169421077,0.11948065393,0.119447892577,0.119382369871,0.119628080018,0.119628080018,0.119972074223,0.120234165046,0.120365210457,0.12113510225,0.121642903219,0.121986897425,0.122314510953,0.122576601776,0.122658505158,0.123166306128,0.12352668101,0.123444777627,0.123674107098,0.124050862656,0.124231050096,0.124280192126,0.124427618214,0.124853515801,0.124869896477,0.125197510006,0.125459600829,0.125738072329,0.125918259769,0.12632777668,0.126671770885,0.127032145767,0.127441662678,0.127769276207,0.127851179589,0.128457264617,0.128653832734,0.129194395057,0.129816860761,0.130701417289,0.130816082024,0.131373025023,0.131962729375,