# R script for Peak Model
#  -- generated by MACS
p <- c(0.0345692786852,0.0353404225692,0.0365742527836,0.0374555600796,0.0382267039636,0.039130043942,0.0401655800148,0.041112985358,0.0418400638772,0.0426993384907,0.0437128418811,0.0447043125891,0.0456517179323,0.0466652213227,0.0475244959363,0.0483397051851,0.0495515027171,0.0506751695195,0.0518208690042,0.0526581109354,0.0534292548194,0.0543325947978,0.0553020328234,0.0563155362138,0.0571748108274,0.0579459547114,0.0588713273722,0.059686536621,0.0604136151402,0.0613610204833,0.0623745238737,0.0632558311697,0.0641591711481,0.0652387725857,0.0660539818345,0.0663183740233,0.0662743086585,0.0660760145169,0.0658777203753,0.0658556876929,0.0658997530577,0.0659217857401,0.0656794262337,0.0657675569633,0.0660980471993,0.0657455242809,0.0656794262337,0.0656353608689,0.0656573935513,0.0656573935513,0.0654590994097,0.0654150340449,0.0655472301393,0.0657455242809,0.0655912955041,0.0653048706329,0.0653269033153,0.0655912955041,0.0656573935513,0.0655031647745,0.0655472301393,0.0654150340449,0.0654370667273,0.0652167399033,0.0654150340449,0.0654811320921,0.0657014589161,0.0661200798817,0.0660539818345,0.0663624393881,0.0664285374353,0.0669352891305,0.0668251257185,0.0670234198601,0.0671115505897,0.0673759427785,0.0675962696025,0.0675081388729,0.0676183022849,0.0676623676497,0.0676844003321,0.0675962696025,0.0676403349673,0.0674420408257,0.0676844003321,0.0678826944737,0.0674861061905,0.0673979754609,0.0671335832721,0.0673098447313,0.0675522042377,0.0677064330145,0.0680369232505,0.0682352173921,0.0683233481217,0.0685436749457,0.0686097729929,0.0686318056753,0.0688521324993,0.0690944920057,0.0690063612761,0.0692927861473,0.0693368515121,0.0692266881001,0.0693588841945,0.0693148188297,0.0694029495593,0.0694470149241,0.0695131129713,0.0691826227353,0.0693368515121,0.0693148188297,0.0692487207825,0.0692266881001,0.0691385573705,0.0691605900529,0.0692046554177,0.0691605900529,0.0694910802889,0.0696893744305,0.0694029495593,0.0695131129713,0.0695351456537,0.0694690476065,0.0696232763833,0.0698215705249,0.0697114071129,0.0696673417481,0.0695351456537,0.0696012437009,0.0695792110185,0.0696673417481,0.0694910802889,0.0696673417481,0.0691826227353,0.0690063612761,0.0688741651817,0.0688300998169,0.0687199364049,0.0687199364049,0.0686979037225,0.0681470866625,0.0679708252033,0.0678606617913,0.0679708252033,0.0679928578857,0.0676844003321,0.0677284656969,0.0679047271561,0.0679267598385,0.0680148905681,0.0679928578857,0.0680589559329,0.0681030212977,0.0680589559329,0.0681691193449,0.0684114788513,0.0682792827569,0.0683453808041,0.0682131847097,0.0680589559329,0.0679487925209,0.0675962696025,0.0674640735081,0.0675081388729,0.0674640735081,0.0675742369201,0.0674420408257,0.0675301715553,0.0673759427785,0.0675522042377,0.0674420408257,0.0674861061905,0.0674640735081,0.0674420408257,0.0671335832721,0.0670234198601,0.0669573218129,0.0671996813193,0.0676844003321,0.0674640735081,0.0673318774137,0.0674861061905,0.0674200081433,0.0673759427785,0.0675962696025,0.0674861061905,0.0675962696025,0.0675081388729,0.0672217140017,0.0677284656969,0.0677064330145,0.0675742369201,0.0675962696025,0.0672217140017,0.0668471584009,0.0669352891305,0.0668691910833,0.0671115505897,0.0671776486369,0.0672217140017,0.0672217140017,0.0671776486369,0.0671115505897,0.0676183022849,0.0678606617913,0.0677945637441,0.0675081388729,0.0675522042377,0.0676403349673,0.0677284656969,0.0679708252033,0.0680148905681,0.0680809886153,0.0680148905681,0.0677945637441,0.0677945637441,0.0680369232505,0.0679487925209,0.0682352173921,0.0680589559329,0.0679487925209,0.0680809886153,0.0684335115337,0.0685877403105,0.0685216422633,0.0684555442161,0.0684114788513,0.0683674134865,0.0683233481217,0.0684775768985,0.0686097729929,0.0685657076281,0.0684555442161,0.0685657076281,0.0686318056753,0.0684114788513,0.0686097729929,0.0685436749457,0.0686097729929,0.0683674134865,0.0681250539801,0.0683013154393,0.0685877403105,0.0687199364049,0.0689182305465,0.0692707534649,0.0694029495593,0.0693368515121,0.0691165246881,0.0694910802889,0.0700198646665,0.0703503549024,0.0705266163616,0.0707249105032,0.0708571065976,0.0712757275632,0.0713638582928,0.0713858909752,0.0715621524344,0.0715621524344,0.0712977602456,0.0714960543872,0.0716723158464,0.0722231329064,0.072751917284,0.0731044402024,0.0731485055672,0.0730603748376,0.0734789958032,0.0735671265328,0.0739416821336,0.0740518455456,0.0744704665112,0.0745365645584,0.0747128260176,0.0753077084424,0.0753517738072,0.0757703947728,0.0757703947728,0.0760347869616,0.0761449503736,0.0759686889144,0.0761008850088,0.0762330811032,0.0760788523264,0.0761008850088,0.0762551137856,0.0762551137856,0.0761449503736,0.076497473292,0.0768499962104,0.0766296693864,0.0766737347512,0.0769160942576,0.0772245518112,0.077599107412,0.0781719571544,0.0786566761672,0.078921068356,0.0793176566392,0.0794939180984,0.0797803429695,0.0800227024759,0.0803311600295,0.0807497809951,0.0812345000079,0.0816751536559,0.0819836112095,0.0826005263167,0.0830632126471,0.0835479316599,0.0838784218959,0.0840987487199,0.0843851735911,0.0849359906511,0.0850020886983,0.0852444482047,0.0854427423463,0.0860596574535,0.0861037228183,0.0858833959943,0.0858833959943,0.0864782784191,0.0870070627967,0.0871392588911,0.0871612915735,0.0873816183975,0.0876239779039,0.0879985335047,0.0882188603287,0.0885493505647,0.0886595139767,0.0882408930111,0.0880646315519,0.0879104027751,0.0878663374103,0.0883069910583,0.0885934159295,0.0888357754359,0.0889459388478,0.0891882983542,0.089673017367,0.089562853955,0.0896069193198,0.0896509846846,0.0897391154142,0.090223834427,0.0903780632038,0.0906204227102,0.0906204227102,0.091105141723,0.0918542529246,0.0918101875598,0.0923830373022,0.093198246551,0.0932863772806,0.093528736787,0.0941456518942,0.0943439460358,0.0944320767654,0.0947845996838,0.0954676128382,0.0957099723446,0.0958642011214,0.0959743645334,0.0962607894046,0.0964590835462,0.0965692469582,0.097274292795,0.0977590118078,0.0983098288677,0.0987284498333,0.0990589400693,0.0991030054341,0.0991030054341,0.0995216263997,0.0995877244469,0.100006345413,0.100006345413,0.100424966378,0.100336835649,0.100424966378,0.100446999061,0.100645293202,0.100689358567,0.101063914168,0.101658796593,0.101658796593,0.101901156099,0.1022757117,0.102562136571,0.102870594125,0.10273839803,0.102672299983,0.10320108436,0.103509541914,0.103817999468,0.103994260927,0.10439084921,0.10439084921,0.104677274081,0.105228091141,0.105646712107,0.106329725261,0.106770378909,0.107078836463,0.106968673051,0.10723306524,0.107563555476,0.107894045712,0.107872013029,0.107916078394,0.107982176441,0.108136405218,0.108466895454,0.108488928136,0.108643156913,0.108687222278,0.108907549102,0.109149908608,0.108929581784,0.10934820275,0.109766823716,0.109612594939,0.109216006656,0.109788856398,0.109766823716,0.109788856398,0.110031215904,0.110471869552,0.110758294424,0.1109125232,0.111198948072,0.111044719295,0.111154882707,0.111265046119,0.111529438308,0.111749765132,0.11163960172,0.111419274896,0.11155147099,0.111837895861,0.111903993908,0.112278549509,0.112587007063,0.112344647556,0.112719203157,0.112609039745,0.112520909016,0.112520909016,0.112961562664,0.113336118264,0.11384286996,0.114327588972,0.114812307985,0.114878406032,0.114900438715,0.115208896268,0.115120765539,0.115517353822,0.116200366976,0.116574922577,0.116839314766,0.117037608908,0.117081674272,0.117390131826,0.117764687427,0.118271439122,0.118469733264,0.119086648371,0.120012021032,0.120210315173,0.120673001504,0.121069589787,0.121730570259,0.122215289271,0.122655942919,0.12366944631,0.123537250215,0.123867740451,0.124572786288,0.125035472619,0.125520191631,0.126004910644,0.126247270151,0.126842152575,0.127260773541,0.127591263777,0.128031917425,0.128296309614,0.128957290086,0.129199649592,0.129464041781,0.130389414442,0.131402917832,0.131909669527,0.132614715364,0.133187565107,0.134068872403,0.134311231909,0.134817983604,0.135324735299,0.13578742163,0.136514500149,0.136911088432,