# R script for Peak Model
#  -- generated by MACS
p <- c(0.0138360908431,0.0143692735346,0.0147558309859,0.0152490249755,0.0156755711286,0.0161287764164,0.0165553225695,0.016901891319,0.0174217444431,0.0177816427599,0.0181548706439,0.0185414280952,0.0190212925175,0.0194744978052,0.0199543622275,0.0203542492461,0.0206608292937,0.021047386745,0.021420614629,0.0217671833785,0.0220870929933,0.0224736504446,0.0228068896268,0.0232334357799,0.0235666749621,0.0240065506825,0.0244864151049,0.0248329838543,0.025192882171,0.025752723997,0.0260992927465,0.0260459744773,0.0260859631792,0.0259659970736,0.0257927126989,0.0258726901026,0.0256727465933,0.0258726901026,0.0258593605353,0.0257127352952,0.0256460874588,0.0255261213532,0.0254194848149,0.0254061552476,0.025472803084,0.0254194848149,0.0254994622186,0.0256060987569,0.0256727465933,0.0255527804878,0.0256060987569,0.025752723997,0.0257260648625,0.0255527804878,0.0255127917859,0.0254461439495,0.0255927691896,0.0255394509205,0.0253928256803,0.0254328143822,0.0253928256803,0.0255127917859,0.025472803084,0.0253395074112,0.0254061552476,0.0254061552476,0.0253261778439,0.0252728595747,0.0252595300075,0.0253661665457,0.0253261778439,0.0254194848149,0.0254861326513,0.0255794396223,0.0254594735167,0.0254328143822,0.0253128482766,0.0253528369785,0.0254594735167,0.025472803084,0.0255127917859,0.0255527804878,0.0255794396223,0.0256460874588,0.0256860761606,0.0256994057279,0.0258193718335,0.0258060422662,0.0256327578915,0.0257127352952,0.0256860761606,0.0254994622186,0.0255127917859,0.0255394509205,0.0255394509205,0.0255127917859,0.0256194283242,0.0256060987569,0.0255394509205,0.0255527804878,0.0255927691896,0.025659417026,0.0258193718335,0.0258193718335,0.0257927126989,0.025752723997,0.0257793831316,0.0258460309681,0.0257927126989,0.0255527804878,0.0255794396223,0.0256994057279,0.0256727465933,0.0255261213532,0.0254461439495,0.0254194848149,0.0255394509205,0.0256327578915,0.0255127917859,0.0256327578915,0.0257793831316,0.025752723997,0.0258193718335,0.025659417026,0.025752723997,0.0258060422662,0.0258860196699,0.0257660535643,0.0259926562082,0.0260593040446,0.0260326449101,0.0260992927465,0.0260459744773,0.0261126223138,0.0262192588521,0.0262059292848,0.0262059292848,0.0262192588521,0.0263658840922,0.0264458614959,0.0265391684669,0.0265924867361,0.0266058163034,0.0267657711108,0.0267924302454,0.0268190893799,0.0268857372164,0.0268724076491,0.0268857372164,0.0269657146201,0.0271523285621,0.0273522720714,0.0274855677443,0.027658852119,0.0278854547628,0.0278587956283,0.0278854547628,0.0279654321666,0.0280187504357,0.0280720687049,0.0282453530796,0.028218693945,0.0282586826469,0.028312000916,0.0282853417814,0.028405307887,0.028591921829,0.0286052513963,0.0286718992327,0.0287518766365,0.0287252175019,0.0289251610112,0.0288585131747,0.0288318540402,0.0290717862513,0.029058456684,0.0291784227896,0.0293117184625,0.0292717297606,0.029338377597,0.0293916958662,0.0292850593279,0.0292717297606,0.0293517071643,0.0292850593279,0.0293783662989,0.029338377597,0.0293517071643,0.0292317410588,0.0294183550008,0.0292850593279,0.029245070626,0.0293650367316,0.0292850593279,0.029338377597,0.0293916958662,0.0293517071643,0.0294050254335,0.0294983324045,0.0294983324045,0.0294450141353,0.029338377597,0.0294316845681,0.0295116619718,0.0295116619718,0.0293783662989,0.0295249915391,0.0294583437026,0.0294583437026,0.0294050254335,0.0293783662989,0.0292717297606,0.0292850593279,0.0290717862513,0.0292184114915,0.0290717862513,0.0288851723093,0.029058456684,0.0291384340878,0.029058456684,0.0289384905785,0.0290051384149,0.0289784792803,0.0291117749532,0.029151763655,0.0294183550008,0.0294850028372,0.0295783098082,0.0296182985101,0.0296849463465,0.0296049689428,0.0295916393755,0.0295649802409,0.0294983324045,0.0295516506736,0.0295516506736,0.0295249915391,0.0296582872119,0.0297249350484,0.0298449011539,0.0299382081249,0.0300315150959,0.0300848333651,0.0302847768744,0.030498049951,0.0306313456238,0.030684663893,0.0307913004313,0.0309379256714,0.0309779143733,0.0311645283153,0.0313244831227,0.0315510857666,0.0317776884104,0.0319643023524,0.0320709388907,0.0323242006692,0.0324175076402,0.0325374737458,0.032550803313,0.0327507468223,0.0330173381681,0.0332839295138,0.0335905095614,0.0336704869651,0.0339504078781,0.0342303287911,0.0345635679733,0.0347235227807,0.03492346629,0.0353766715777,0.0358032177309,0.0360031612402,0.0365363439316,0.0366962987391,0.0371095153249,0.0372028222959,0.037669357151,0.0379892667658,0.0384024833517,0.0386824042647,0.0391222799852,0.0396821218112,0.0400420201279,0.0404419071465,0.0407884758959,0.0412150220491,0.0415749203658,0.0421081030573,0.0424546718067,0.0429611953636,0.0434543893532,0.0440675494484,0.044654050409,0.0451739035331,0.0458137227629,0.0466934742038,0.0471733386261,0.0476665326157,0.048239704009,0.0487195684313,0.0494926833339,0.0503591052075,0.0508656287644,0.0513988114558,0.0520253011183,0.0525451542424,0.0530116890974,0.0537181561636,0.0543046571242,0.0547578624119,0.0556776025547,0.0563307513517,0.0570638775525,0.0578236628878,0.0583301864447,0.0588766987034,0.059649813606,0.0602363145666,0.0611560547093,0.0617692148045,0.06267562538,0.0636353542246,0.0642485143198,0.0648616744149,0.0656214597502,0.0662879381146,0.0670610530172,0.0679941227272,0.0689405220045,0.0697402960417,0.0707533431554,0.0716197650291,0.0726194825755,0.0734592453146,0.0742190306499,0.0752187481963,0.0760984996372,0.0770582284818,0.0778180138172,0.0787244243926,0.0794975392952,0.0804306090053,0.0814836448209,0.0823767258291,0.0832831364045,0.084282853951,0.0852025940937,0.0864155847168,0.0872286883213,0.0880951101949,0.0889348729339,0.0897479765384,0.0909742967287,0.0921739577845,0.0933869484075,0.0945599503287,0.0957729409517,0.0966393628254,0.0979456604194,0.0988520709949,0.100278334695,0.101584632289,0.102624338537,0.103624056083,0.104903694543,0.106676526992,0.108129449826,0.109529054391,0.110822022418,0.111968365205,0.11316802626,0.114900870008,0.116180508467,0.117500135628,0.118899740193,0.120419310864,0.122098836342,0.12392498706,0.125751137779,0.127284038016,0.128630324312,0.130176554118,0.131922727432,0.133442298103,0.135548369734,0.137454497856,0.138987398094,0.140613605303,0.142213153377,0.143799371884,0.145452238228,0.147185081975,0.149357801442,0.150704087738,0.152276976678,0.154423037011,0.156289176431,0.15826195239,0.160194739646,0.162247493008,0.163940348054,0.16601976055,0.168059184345,0.169858675929,0.171978077127,0.174137467028,0.175870310775,0.178109678079,0.180189090576,0.181948593457,0.184254608598,0.186120748018,0.188280137918,0.190426198251,0.192585588152,0.194278443197,0.196024616512,0.198597222998,0.200756612898,0.203062628039,0.20516869967,0.207448055676,0.209460820336,0.211393607593,0.213646304464,0.215699057826,0.218045061669,0.219737916714,0.221923965749,0.224296628726,0.226549325597,0.229148591218,0.231281321984,0.23321410924,0.235413487843,0.237892787358,0.239838904182,0.241904987111,0.244290979655,0.246077141672,0.248169883736,0.250155989261,0.252235401758,0.254314814254,0.256180953675,0.258180388767,0.259673300304,0.261499451022,0.263552204384,0.26553830991,0.267724358944,0.269683805336,0.271376660381,0.273322777205,0.274549097395,0.276815123834,0.278814558927,0.280627380078,0.282346894257,0.283826476226,0.285466013002,0.287465448095,0.289491542323,0.291664261791,0.293450423807,0.295676461544,0.297116054811,0.29874226202,0.300355139661,0.30183472163,0.303500917541,0.304913851673,0.305953557921,0.307513117294,0.308926051426,0.310458951664,0.311925204066,0.313564740842,0.314764401898,0.31568414204,0.317057087471,0.318096793719,0.319842967034,0.321015968955,0.322282277847,0.323575245874,0.32457496342,0.325867931447,0.326454432408,0.327267536012,0.328053980482,0.328493856202,0.329000379759,0.329040368461,0.329613539855,0.329933449469,0.329906790335,0.329413596345,0.329466914614,0.329386937211,0.329280300672,0.329027038894,0.328547174472,0.328440537933,0.328520515337,0.328400549231,0.328267253559,