# R script for Peak Model
#  -- generated by MACS
p <- c(0.00632105543566,0.00657905769834,0.00692306071524,0.00724556354359,0.00748206561772,0.00767556731473,0.00786906901174,0.00797656995452,0.00817007165153,0.00836357334854,0.00860007542266,0.00890107806245,0.00907307957091,0.00915908032513,0.00950308334204,0.00976108560472,0.00993308711317,0.0101480889987,0.0104490916385,0.0106425933355,0.0107715944669,0.011008096541,0.0111155974838,0.0112660988037,0.011395099935,0.011588601632,0.0118036035176,0.0120831059688,0.0122551074773,0.0124271089857,0.0126851112484,0.0126851112484,0.0126851112484,0.0126636110599,0.0125776103056,0.0126636110599,0.0127926121912,0.0128141123798,0.0129216133225,0.0128786129454,0.0129646136997,0.0131151150196,0.0129861138882,0.0129861138882,0.0129431135111,0.0129431135111,0.0130076140768,0.0130721146424,0.0129216133225,0.0129861138882,0.0128571127569,0.0128356125683,0.0128141123798,0.0127926121912,0.0127711120027,0.0129216133225,0.0130076140768,0.0130721146424,0.0129431135111,0.0129431135111,0.0127711120027,0.0128356125683,0.0129216133225,0.0129216133225,0.0128356125683,0.0127496118141,0.0127711120027,0.0127711120027,0.0127281116255,0.0127926121912,0.0128571127569,0.0128141123798,0.0127281116255,0.0126206106828,0.0125776103056,0.0127281116255,0.0125776103056,0.0126421108713,0.0126636110599,0.0126206106828,0.0125776103056,0.0125561101171,0.0125776103056,0.01251310974,0.0126421108713,0.012706611437,0.0128786129454,0.012900113134,0.0129431135111,0.0129646136997,0.0129861138882,0.0129646136997,0.0128786129454,0.0128141123798,0.012900113134,0.0129216133225,0.0131366152081,0.0131581153967,0.013093614831,0.0131581153967,0.0132656163395,0.0133086167166,0.0132656163395,0.0132226159623,0.0133086167166,0.0134376178479,0.0135236186021,0.013674119922,0.0136311195449,0.0136526197335,0.0136526197335,0.0135881191678,0.0136956201106,0.0137601206763,0.0138031210534,0.0138891218076,0.0139321221847,0.0138461214305,0.0139966227504,0.0140826235046,0.0141901244474,0.0142331248245,0.0142116246359,0.0140611233161,0.0141256238817,0.0141041236932,0.0141901244474,0.0142331248245,0.0141901244474,0.0143406257673,0.0145341274643,0.0145771278414,0.0146416284071,0.0147061289728,0.0148136299155,0.0148351301041,0.0148566302926,0.0148781304812,0.0150286318011,0.0151361327439,0.0152221334981,0.0153081342523,0.0153081342523,0.0153081342523,0.0155016359493,0.0156951376464,0.0158026385891,0.015759638212,0.015759638212,0.0158241387777,0.0158026385891,0.0157381380235,0.0157381380235,0.0158456389663,0.0158241387777,0.0157811384006,0.0156306370807,0.0155446363265,0.0154801357608,0.0155446363265,0.0155231361379,0.0155231361379,0.0154156351951,0.0154586355722,0.0156091368921,0.015759638212,0.0157381380235,0.0156951376464,0.0158671391548,0.0158026385891,0.0160176404747,0.0160606408518,0.0160821410404,0.0161681417946,0.0161681417946,0.0161251414175,0.016146641606,0.016146641606,0.0160391406633,0.0160391406633,0.0158886393434,0.0158886393434,0.0158241387777,0.0157166378349,0.0158671391548,0.0161036412289,0.0160606408518,0.0159961402862,0.0159316397205,0.0159316397205,0.015953139909,0.0160606408518,0.0159961402862,0.0161896419832,0.0163401433031,0.0165551451886,0.0167056465085,0.0168346476399,0.0169851489598,0.017071149714,0.0171141500911,0.0172001508453,0.0171356502797,0.0172431512224,0.0171786506568,0.0173076517881,0.0173076517881,0.0172861515995,0.0172001508453,0.0173291519767,0.0172861515995,0.0172216510339,0.0173936525423,0.0175226536737,0.017651654805,0.0176946551821,0.0177591557478,0.0180601583876,0.0183611610274,0.0183826612159,0.0185546627244,0.0187266642328,0.018963166307,0.0192426687582,0.0193931700781,0.0194791708323,0.0195866717751,0.0196296721522,0.0198016736607,0.0199521749806,0.019930674792,0.0200811761119,0.020124176489,0.0201671768661,0.0203606785632,0.0204681795059,0.0204466793174,0.0206186808258,0.0207046815801,0.0208766830885,0.0210271844084,0.0213496872368,0.0214786883681,0.0216076894994,0.0218011911964,0.022016193082,0.0221881945905,0.0222526951561,0.022403196476,0.0228332002472,0.0229622013785,0.0231557030755,0.0236287072238,0.0235857068466,0.0238867094864,0.0239942104292,0.0240802111835,0.0241877121262,0.0244457143889,0.0245747155203,0.0247037166516,0.0248542179715,0.0249187185372,0.0248972183486,0.025219721177,0.0254562232511,0.0257142255138,0.0258862270222,0.0259507275879,0.0261012289078,0.0266172334331,0.0269182360729,0.0271977385242,0.0276277422953,0.0279717453122,0.0283587487062,0.0287242519117,0.0290252545515,0.0292832568142,0.0293262571913,0.0294552583226,0.029971262848,0.0303367660534,0.0302722654878,0.0304872673733,0.0307667698246,0.0313042745385,0.0316482775554,0.0320997815151,0.0322932832121,0.0324007841549,0.0328092877375,0.0333037920743,0.0336907954683,0.0340347984852,0.0345078026334,0.0351313081016,0.0357978139468,0.0364643197921,0.0371093254488,0.0376898305398,0.0382058350652,0.0385498380821,0.039087342796,0.0396033473214,0.0401408520353,0.0404633548636,0.0409578592004,0.0416243650457,0.0421618697596,0.0425918735307,0.0427208746621,0.0434088806959,0.0438173842785,0.0441183869183,0.0451933963461,0.04573090106,0.0462254053968,0.0470209123734,0.0477304185958,0.0482679233097,0.0487194272694,0.049321432549,0.0500309387713,0.0506329440509,0.0511489485763,0.0518154544215,0.0522884585698,0.0532559670548,0.0542879761056,0.0553414853448,0.0566529968468,0.0572120017493,0.0580935094801,0.0589105166452,0.0597920243761,0.0605875313526,0.0613185377636,0.0622860462486,0.0632750549222,0.0644360651043,0.0655540749092,0.0667580854684,0.0677685943306,0.06867160225,0.070219615826,0.0713161254424,0.0724556354359,0.0733586433553,0.0746701548573,0.0755301623995,0.0765406712617,0.0780026840835,0.0792711952084,0.0800022016193,0.0811632118014,0.082539223869,0.084044237068,0.0850762461187,0.0861082551694,0.0871617644087,0.0883872751564,0.089956788921,0.0913328009887,0.0930743162618,0.0944073279523,0.095826340397,0.0972453528417,0.0992018700004,0.101050886216,0.102448398472,0.104017912237,0.105544425625,0.107780445235,0.109156457302,0.110962473141,0.113090991808,0.114596005007,0.116316020091,0.118014534987,0.119390547055,0.120895560254,0.122723076281,0.124937595703,0.127173615313,0.1294526353,0.131495153212,0.133860173954,0.135816691112,0.138031210534,0.139536223733,0.14121323844,0.142761252016,0.144287765404,0.146437784259,0.148480302172,0.150651821216,0.152586838187,0.154758357231,0.156736374578,0.158886393434,0.161229913986,0.16355193435,0.166002955846,0.168453977341,0.171141500911,0.173334520144,0.175463038811,0.177914060306,0.18038658199,0.182816103297,0.184536118382,0.187438643837,0.190147667595,0.192405187393,0.194727207758,0.197651233401,0.199951753577,0.202209273375,0.204853796568,0.207734821834,0.210314844461,0.212959367654,0.215474889715,0.217753909702,0.220548934214,0.222655952693,0.225687479279,0.228396503037,0.231062526418,0.233169544897,0.23551306545,0.237749085059,0.240135605989,0.243231633141,0.245747155203,0.248628180469,0.251229703284,0.253852726288,0.255852243824,0.258367765885,0.261076789643,0.263699812647,0.266150834143,0.268322353187,0.270751874494,0.273267396555,0.275116412771,0.277739435775,0.279717453122,0.281265466698,0.283006981971,0.285200001204,0.28735002006,0.289779541367,0.29152105664,0.293198071347,0.294767585112,0.296165097368,0.297842112075,0.299368625463,0.301411143376,0.30283015582,0.303754663928,0.305001674865,0.306098184481,0.307130193532,0.308312703902,0.310032718987,0.311602232752,0.312698742368,0.314139255001,0.315536767257,0.31742878385,0.31833179177,0.319471301763,0.320696812511,0.32205132439,0.323620838155,0.325276352674,0.326867366627,0.327662873603,0.32906038586,0.329877393025,0.331124403961,0.332521916217,0.333790427342,0.33471493545,0.336864954306,0.337423959208,0.338713970522,0.340326484663,0.342261501633,0.343938516341,0.345701531802,0.34722804519,0.348969560463,0.349958569137,0.351162579696,0.352345090066,0.353248097986,0.354882112316,0.356473126269,0.358451143617,0.360386160587,0.361805173031,0.363546688304,