# R script for Peak Model
#  -- generated by MACS
p <- c(0.0367863123443,0.0376715444596,0.0386797254797,0.0399829838716,0.0411632933585,0.0420977050357,0.0431796553988,0.044114067076,0.0447042218195,0.0457124028396,0.0467451736407,0.0476795853179,0.0486877663381,0.0497697167011,0.0506549488164,0.0517123093985,0.0526221312947,0.0536549020958,0.0547368524589,0.0557942130409,0.056851573623,0.05803188311,0.0591384232541,0.0602449633981,0.0611301955133,0.0624580436862,0.0632203268965,0.0640809692308,0.0654579969656,0.0664661779858,0.0674989487869,0.0686300787119,0.0697366188559,0.0706464407522,0.0717283911152,0.0724660845446,0.0725890334495,0.0723677254207,0.0726873925734,0.0727119823544,0.0728349312593,0.0728841108212,0.0729087006022,0.0728595210402,0.0733267268788,0.0735726246886,0.0738922918414,0.0735726246886,0.0737693429365,0.0738185224984,0.0734250860028,0.073179188193,0.0726873925734,0.0728349312593,0.0729824699451,0.073130008631,0.073179188193,0.0730070597261,0.0729332903832,0.0728349312593,0.0726628027924,0.0724169049826,0.0724414947636,0.0722447765158,0.0720972378299,0.0723677254207,0.0722447765158,0.0725152641065,0.0724660845446,0.0724660845446,0.0726873925734,0.0729332903832,0.0728841108212,0.0729578801642,0.0729332903832,0.0726873925734,0.0725152641065,0.0727365721354,0.0728595210402,0.073179188193,0.0735972144696,0.0738922918414,0.0740398305272,0.0740152407463,0.0742119589941,0.0740398305272,0.0739660611843,0.0737693429365,0.0739906509653,0.074261138556,0.0740398305272,0.0742119589941,0.074261138556,0.074285728337,0.074334907899,0.074334907899,0.0744578568039,0.074334907899,0.0748267035186,0.0753676787001,0.0748758830805,0.0750234217664,0.0750971911093,0.0751463706713,0.0751955502332,0.075441448043,0.075416858262,0.0755643969479,0.0753676787001,0.0759578334436,0.0757611151957,0.0762037312534,0.0762529108153,0.0763020903773,0.0761791414724,0.0762775005963,0.0759332436626,0.0758594743197,0.0758348845387,0.0762283210343,0.0759824232246,0.0759332436626,0.0762775005963,0.0764004495012,0.0767201166539,0.0767201166539,0.0765479881871,0.076670937092,0.0769168349018,0.07662175753,0.0767938859969,0.0772610918355,0.0773840407403,0.0776053487692,0.0777282976741,0.0781217341697,0.0786381195703,0.0785151706654,0.0783184524175,0.0778512465789,0.0776053487692,0.077752887455,0.077802067017,0.0775807589882,0.0773348611784,0.0773348611784,0.0774086305213,0.0775561692072,0.0776299385501,0.0773594509594,0.0772365020545,0.0769414246827,0.0768184757778,0.076646347311,0.0764988086251,0.0767692962159,0.0768184757778,0.0769906042447,0.0772365020545,0.0775315794262,0.0776299385501,0.0776791181121,0.0777282976741,0.0776791181121,0.0777037078931,0.0774578100833,0.0773102713974,0.0773348611784,0.0776545283311,0.0776791181121,0.0775561692072,0.0769168349018,0.0772365020545,0.0772610918355,0.0774823998643,0.0772610918355,0.0769906042447,0.0767938859969,0.0767201166539,0.076670937092,0.0764988086251,0.0763758597202,0.0763758597202,0.0761053721295,0.0763758597202,0.0763512699392,0.0763758597202,0.0763020903773,0.0763020903773,0.0764004495012,0.076597167749,0.076597167749,0.0771381429306,0.0772119122735,0.0774086305213,0.0775807589882,0.0773348611784,0.0774578100833,0.0776545283311,0.077802067017,0.0775807589882,0.0781709137317,0.0780725546078,0.0778758363599,0.0783430421985,0.0780971443887,0.077826656798,0.0779987852648,0.0776791181121,0.0777037078931,0.0779496057029,0.0780479648268,0.0782446830746,0.0781709137317,0.0780725546078,0.0783430421985,0.0787364786942,0.0785889400083,0.0786627093512,0.0785889400083,0.0790561458469,0.0793020436567,0.0792774538757,0.0795233516855,0.0796954801524,0.0796708903714,0.0795725312475,0.0793266334377,0.0792282743138,0.0791299151898,0.0792528640947,0.0790315560659,0.0787856582561,0.0784414013224,0.0785643502273,0.0783430421985,0.0784905808844,0.0785889400083,0.0787118889132,0.0788348378181,0.0784168115415,0.0785643502273,0.0786872991322,0.0793266334377,0.0793512232187,0.0791545049708,0.0791545049708,0.0793266334377,0.0795725312475,0.0796463005904,0.0798676086192,0.0802364553339,0.0802610451149,0.0799905575241,0.0800151473051,0.0799167881812,0.080088916648,0.0805069429247,0.0806790713915,0.0809741487633,0.0810725078872,0.0814659443828,0.081318405697,0.081244636354,0.0811708670111,0.0818102013165,0.0815888932877,0.0815643035067,0.0819331502214,0.0822282275932,0.082375766279,0.0822774071551,0.0827200232128,0.0826216640888,0.0830396903655,0.0832855881753,0.0830396903655,0.0833839472992,0.0837282042329,0.0839495122617,0.0838511531378,0.0843183589764,0.0842691794144,0.0846134363481,0.0849331035008,0.0849822830628,0.0852281808726,0.0853757195585,0.0853019502155,0.085892104959,0.0860642334259,0.0860642334259,0.0857691560541,0.0861871823308,0.0866789779503,0.0867035677313,0.0869740553221,0.0877117487515,0.0883019034949,0.0886215706477,0.0885232115238,0.0886707502096,0.0891871356102,0.0895313925439,0.0899494188205,0.0902199064113,0.0907117020309,0.0909330100597,0.0912772669934,0.0915231648032,0.0919166012988,0.0921624991086,0.0929985516619,0.0931706801288,0.0932936290336,0.0931460903478,0.0932198596907,0.0936378859673,0.0937608348722,0.0941788611489,0.0946460669875,0.0949657341402,0.0953345808549,0.0955558888837,0.0960722742843,0.0964657107799,0.0965886596848,0.0969083268375,0.0967116085897,0.0968345574946,0.0976214304859,0.0977443793908,0.0978673282957,0.0980148669816,0.0983099443533,0.098678791068,0.0990968173446,0.0992935355925,0.0995886129642,0.0997607414311,0.100129588146,0.100301716613,0.100621383765,0.100891871356,0.101137769166,0.101186948728,0.10099023048,0.100768922451,0.100867281575,0.101039410042,0.101309897633,0.101604975004,0.102465617339,0.102268899091,0.102613156025,0.10249020712,0.102686925368,0.103203310768,0.103301669892,0.103080361863,0.103572157483,0.103719696169,0.103768875731,0.103695106388,0.103867234855,0.103965593978,0.103695106388,0.103891824636,0.103916414416,0.103547567702,0.103400029016,0.103695106388,0.104137722445,0.104604928284,0.104113132664,0.103990183759,0.103793465512,0.103793465512,0.103473798359,0.10349838814,0.103129541425,0.102834464053,0.102662335587,0.102441027558,0.102096770624,0.101777103471,0.101875462595,0.10224430931,0.102268899091,0.102514796901,0.102441027558,0.102367258215,0.102121360405,0.102416437777,0.102121360405,0.102441027558,0.102391847996,0.102539386682,0.102883643615,0.10300659252,0.103326259673,0.103424618797,0.103031182301,0.102834464053,0.103301669892,0.103129541425,0.103104951644,0.10300659252,0.10273610493,0.102367258215,0.102465617339,0.102465617339,0.102391847996,0.102342668434,0.102441027558,0.102268899091,0.101900052376,0.102023001281,0.102096770624,0.102293488872,0.102441027558,0.102563976463,0.102096770624,0.101924642157,0.1014820261,0.101359077195,0.101211538509,0.101432846538,0.101260718071,0.100965640699,0.10123612829,0.101506615881,0.101457436319,0.101359077195,0.101555795443,0.102195129748,0.102195129748,0.101949231938,0.102195129748,0.102072180843,0.102145950186,0.101973821719,0.102047591062,0.10175251369,0.101531205662,0.101727923909,0.101604975004,0.101777103471,0.1019984115,0.102416437777,0.10276069471,0.102883643615,0.103104951644,0.103596747264,0.103547567702,0.104211491788,0.104580338503,0.104826236313,0.104481979379,0.104383620255,0.104654107846,0.104531158941,0.104432799817,0.10475246697,0.105047544342,0.104850826094,0.104678697627,0.104555748722,0.104531158941,0.104432799817,0.104211491788,0.10450656916,0.104309850912,0.104236081569,0.104629518065,0.104629518065,0.104309850912,0.104113132664,0.103842645074,0.103793465512,0.103670516607,0.10374428595,0.103818055293,0.103842645074,0.103842645074,0.103842645074,0.103990183759,0.104186902007,0.104531158941,0.104875415875,0.104875415875,0.10499836478,0.105170493246,0.105195083027,0.105637699085,0.106104904924,0.106645880105,0.107383573535,0.107604881563,0.107850779373,0.108145856745,0.108195036307,0.107752420249,0.107580291782,0.107457342877,0.107358983754,0.108195036307,0.108170446526,0.108391754555,0.108367164774,