# R script for Peak Model
#  -- generated by MACS
p <- c(0.0386851289813,0.039796466476,0.0408151925128,0.041952990424,0.0430775581269,0.0440301331224,0.0452076216584,0.0462263476952,0.0473112247733,0.0482505695605,0.0495471299709,0.0506055466325,0.0516507330858,0.0528149914136,0.0538072570338,0.0549185945285,0.0557917882743,0.0568237445194,0.05773662889,0.0589538080508,0.0602635986696,0.0611500226237,0.0623010507431,0.0633991580295,0.0644575746911,0.0655689121858,0.0665479475978,0.0675269830098,0.0684134069639,0.0694453632089,0.0705831611201,0.0714034340329,0.0724353902779,0.0734938069395,0.074499302768,0.0746580652673,0.0747109861003,0.07479036735,0.0746712954755,0.0745654538094,0.0743934611019,0.0742876194357,0.0743140798522,0.0743140798522,0.0743140798522,0.0741817777695,0.0741156267282,0.0741950079778,0.0739171736041,0.0739039433959,0.0737848715214,0.0738774829793,0.0738642527711,0.0736922600636,0.0736790298553,0.0735731881891,0.073665799647,0.0735996486057,0.0737716413132,0.0737319506884,0.0736525694387,0.0733350444403,0.0734276558982,0.073176281941,0.0729910590253,0.0730175194418,0.0728719871508,0.0728058361095,0.072832296526,0.0726999944433,0.072832296526,0.0729116777756,0.072832296526,0.0726603038185,0.0725412319441,0.0724750809027,0.07234277882,0.0722898579869,0.0722898579869,0.0722633975704,0.0721046350712,0.0720914048629,0.0720649444464,0.0719061819471,0.0719061819471,0.0719723329885,0.0723163184035,0.0722898579869,0.0723295486118,0.0722633975704,0.0719194121554,0.0721707861125,0.0720120236133,0.0717738798644,0.0716415777817,0.0713505131998,0.071310822575,0.0712314413253,0.0714695850742,0.0714431246577,0.0713240527832,0.0717077288231,0.0715621965321,0.0714828152825,0.0715754267404,0.0712579017419,0.0712314413253,0.0712579017419,0.0714431246577,0.0714828152825,0.0716151173652,0.071853261114,0.0719855631967,0.0721840163208,0.0721575559042,0.0722633975704,0.0722633975704,0.0722369371539,0.0724486204862,0.07234277882,0.0722237069456,0.0720384840298,0.0718400309058,0.072144325696,0.0722369371539,0.0723030881952,0.0723163184035,0.0724089298614,0.0724486204862,0.0726073829854,0.0726470736102,0.0726603038185,0.0725676923606,0.0728455267343,0.0727793756929,0.0727396850681,0.0726603038185,0.0727793756929,0.072832296526,0.0727793756929,0.0727661454847,0.0726470736102,0.0727793756929,0.0728852173591,0.0728984475674,0.0730175194418,0.0730307496501,0.0732027423576,0.073123361108,0.073321814232,0.0731498215245,0.0732027423576,0.0733482746485,0.0733747350651,0.0732688933989,0.0732027423576,0.0729381381922,0.073123361108,0.073123361108,0.0729910590253,0.0729381381922,0.072686764235,0.0727132246516,0.0729513684004,0.073176281941,0.0734011954816,0.0736525694387,0.0738377923545,0.0736790298553,0.0737054902718,0.0736128788139,0.0735731881891,0.0737716413132,0.0738377923545,0.0738377923545,0.0738774829793,0.0738245621463,0.0738642527711,0.0738642527711,0.0739171736041,0.073811331938,0.0736790298553,0.0737716413132,0.0735467277726,0.0735864183974,0.073467346523,0.0734938069395,0.0735070371478,0.0735599579809,0.073467346523,0.0736393392305,0.0737981017297,0.0737716413132,0.0735864183974,0.0737981017297,0.0736922600636,0.0737054902718,0.073665799647,0.0737848715214,0.073665799647,0.0738377923545,0.0740230152703,0.0742479288109,0.0742479288109,0.0744596121432,0.0745257631846,0.074499302768,0.0744860725598,0.074499302768,0.0745919142259,0.0748168277665,0.0748697485996,0.0750417413071,0.0751475829733,0.075279885056,0.0753592663056,0.0756900215123,0.0757694027619,0.0758487840116,0.0758090933867,0.076113388177,0.0760604673439,0.0758884746364,0.0761001579687,0.0763383017175,0.0764309131754,0.0766293662995,0.0765367548416,0.0766690569243,0.0768807402566,0.0771056537972,0.0773570277543,0.0774496392122,0.0773834881709,0.0773834881709,0.0773305673378,0.0771056537972,0.0772511860882,0.0774099485874,0.0774231787957,0.0775422506701,0.0773570277543,0.0774628694205,0.0774628694205,0.077634862128,0.0777671642107,0.0777671642107,0.0778200850438,0.0778465454603,0.0780053079596,0.0778862360851,0.0780185381678,0.0777936246272,0.0777142433776,0.0777407037942,0.0778597756686,0.0777539340024,0.0777274735859,0.0775819412949,0.0776877829611,0.0776613225445,0.0777671642107,0.0781773006671,0.0783096027498,0.0781905308753,0.0783889839994,0.0784022142077,0.0784551350407,0.0783492933746,0.0782169912919,0.078124379834,0.0782169912919,0.0781111496257,0.078322832958,0.0784154444159,0.0783889839994,0.0787197392061,0.0789049621219,0.0787991204558,0.0790769548294,0.0793150985783,0.0792886381617,0.079156336079,0.0791298756625,0.0791960267039,0.0793415589948,0.0793283287866,0.0793680194114,0.0795267819106,0.0796723142016,0.0795400121189,0.0798310767008,0.0800956808662,0.0799766089918,0.0800692204497,0.0802544433654,0.0804396662812,0.0807307308632,0.0808101121128,0.0809953350286,0.0810482558616,0.0809821048203,0.0810614860699,0.0812202485692,0.0812202485692,0.081603924609,0.0818552985661,0.0818949891909,0.0820669818984,0.0821595933563,0.0823580464804,0.0827946433533,0.0829004850194,0.0831518589766,0.0833767725172,0.0836281464743,0.0838662902231,0.0840118225141,0.0841573548051,0.0842235058464,0.084593951678,0.0847527141772,0.0851893110501,0.0856920589644,0.0859963537546,0.086062504796,0.0862344975035,0.0865520225019,0.0869092381252,0.087239993332,0.0873855256229,0.0875707485387,0.087438446456,0.087782431871,0.087729511038,0.0877559714545,0.0880073454116,0.0882454891605,0.0883381006184,0.0888805391574,0.089052531865,0.0890260714484,0.0888937693657,0.0887746974913,0.088906999574,0.0890393016567,0.0890260714484,0.0891848339477,0.08939651728,0.08939651728,0.0890657620732,0.0894097474882,0.0894891287379,0.0895155891544,0.0895420495709,0.0896875818619,0.0895420495709,0.0895288193627,0.0896346610288,0.0898331141529,0.0902035599844,0.0902829412341,0.0902564808175,0.0904681641498,0.0904417037333,0.0905475453995,0.0905078547746,0.0905607756077,0.0908650703979,0.0907063078987,0.0910899839385,0.0913016672708,0.0915398110197,0.0918176453934,0.0918044151851,0.0918044151851,0.092042558934,0.0923336235159,0.0924130047655,0.092584997473,0.0927040693475,0.0927702203888,0.0929819037211,0.0929422130963,0.0928363714302,0.0928231412219,0.0928231412219,0.0928892922632,0.0929819037211,0.0929686735129,0.0930877453873,0.0929686735129,0.092928982888,0.0929422130963,0.092876062055,0.0928892922632,0.0931538964286,0.09322004747,0.0931803568452,0.0931671266369,0.0932465078865,0.0932597380948,0.0933920401775,0.0934317308023,0.0937757162173,0.0938418672587,0.0938286370504,0.0937889464256,0.0940006297579,0.0938418672587,0.0938286370504,0.0940800110075,0.0944636870474,0.0947150610045,0.0948473630872,0.0949002839203,0.0949664349616,0.0951119672526,0.0954956432924,0.0954559526676,0.0956014849586,0.0953368807932,0.095522103709,0.0958131682909,0.0959057797488,0.0959454703736,0.096064542248,0.0961703839142,0.0963026859969,0.0961174630811,0.0959454703736,0.095720556833,0.0959454703736,0.0961571537059,0.096210074539,0.0961968443307,0.0963423766217,0.0963291464134,0.0963026859969,0.0965275995375,0.0962629953721,0.0964349880796,0.0964482182879,0.096408527663,0.0966731318284,0.0966863620367,0.0968318943277,0.0966466714119,0.0968186641194,0.0970303474517,0.097189109951,0.0972023401592,0.0973081818254,0.0974140234916,0.0974404839081,0.0976653974487,0.0977580089066,0.0978109297397,0.0979696922389,0.0981946057795,0.0982739870291,0.0983798286953,0.0985385911945,0.0986047422359,0.098710583902,0.099054569317,0.0993853245238,0.099398554732,0.0995308568147,0.0996366984809,0.0999409932711,0.100284978686,0.100536352643,0.100430510977,0.100311439103,0.100734805767,0.100986179724,0.101052330766,0.101131712015,0.101528618264,0.101885833887,0.102071056803,0.102348891176,0.102560574509,0.102732567216,0.103142703672,0.103579300545,0.103645451587,0.103605760962,0.104214350542,0.10477001929,0.105444759911,0.105709364077,0.10637087449,0.106926543238,0.10721760782,0.107693895317,0.108223103648,0.108792002604,0.109572584892,0.110406088013,0.111213130717,