# R script for Peak Model
#  -- generated by MACS
p <- c(0.0352152168749,0.0361730986395,0.0372528926288,0.0381062782009,0.0389248317089,0.0398304653773,0.0409102593665,0.042042301452,0.04286085496,0.0439232329171,0.0448288665855,0.0459260766069,0.046988454564,0.0481901607778,0.0491306265104,0.0501755884355,0.0511508862322,0.0523874245102,0.0533453062749,0.0543031880395,0.0553655659967,0.0563582798255,0.0573161615901,0.0582043792264,0.0591274289269,0.0600678946595,0.061008360392,0.0619139940604,0.0628196277288,0.0637775094935,0.0648573034827,0.0658151852474,0.0668427311404,0.0678354449692,0.0688107427659,0.0697686245306,0.0697512084985,0.0699602008835,0.069855704691,0.0695944642097,0.0695596321455,0.0695422161135,0.0694377199209,0.0694725519851,0.0695596321455,0.0697337924664,0.0698905367551,0.0697860405626,0.0698208726268,0.0699776169156,0.0701343612043,0.0701517772364,0.0702388573968,0.0702214413647,0.0705349299423,0.0706045940706,0.0707439223273,0.0705175139102,0.0705697620064,0.0707439223273,0.0709703307444,0.0709703307444,0.0710225788406,0.0709180826481,0.0709180826481,0.070900666616,0.0709877467765,0.0707961704235,0.070883250584,0.0707613383594,0.070883250584,0.0709529147123,0.0708135864556,0.0706220101027,0.0702562734289,0.0705000978781,0.0706220101027,0.0705871780385,0.0703781856535,0.0702040253327,0.0702562734289,0.0700472810439,0.0702040253327,0.0701343612043,0.0700995291402,0.0699253688193,0.0699776169156,0.0699602008835,0.0700298650118,0.0695596321455,0.0697163764343,0.0697337924664,0.0696292962739,0.0694725519851,0.0695248000814,0.0696815443701,0.0698034565947,0.0697337924664,0.0698731207231,0.0701169451722,0.0704652658139,0.0706394261348,0.0706394261348,0.070691674231,0.0705697620064,0.0704652658139,0.0703781856535,0.0703956016856,0.0703259375573,0.0701866093006,0.0702911054931,0.0706742581989,0.0709529147123,0.0710574109048,0.0713186513861,0.0713360674182,0.0711967391615,0.0713360674182,0.071510227739,0.0714928117069,0.0714928117069,0.0712489872577,0.0712838193219,0.0711793231294,0.0711096590011,0.0713534834502,0.0712141551936,0.0713708994823,0.0713186513861,0.0714405636107,0.0715798918673,0.0715798918673,0.0718063002844,0.0717540521882,0.0717018040919,0.0716669720278,0.071928212509,0.0718411323486,0.0718933804449,0.0719630445732,0.0719456285411,0.0718933804449,0.0717714682203,0.0715798918673,0.071719220124,0.072137204894,0.072137204894,0.0720152926695,0.071928212509,0.0719804606053,0.0721720369582,0.0720327087015,0.0722939491828,0.0725203575999,0.0724681095037,0.0726248537924,0.0726074377603,0.0726596858566,0.0726248537924,0.0726771018887,0.0728164301453,0.0730080064983,0.073164750787,0.0730950866587,0.0731125026908,0.0732692469795,0.0731995828512,0.0731299187229,0.0732344149154,0.073373743172,0.0732518309475,0.0730428385624,0.0726945179207,0.0725726056962,0.0723984453753,0.0725203575999,0.0725029415678,0.072537773632,0.0725203575999,0.0725726056962,0.0725029415678,0.0724855255357,0.0726074377603,0.0723636133111,0.0720327087015,0.0720501247336,0.071928212509,0.0716843880598,0.0717714682203,0.0714579796427,0.071301235354,0.0714231475786,0.0714579796427,0.0714405636107,0.0712141551936,0.0713708994823,0.071510227739,0.0715276437711,0.0712489872577,0.071092242969,0.0710051628086,0.0711619070973,0.0711270750331,0.0709877467765,0.070691674231,0.0710225788406,0.071092242969,0.0711270750331,0.0708310024877,0.0710225788406,0.0710399948727,0.0711096590011,0.0714231475786,0.0714579796427,0.0714753956748,0.0714928117069,0.0715624758353,0.0715276437711,0.0718585483807,0.071928212509,0.0720152926695,0.0721546209261,0.0721720369582,0.0724681095037,0.0721546209261,0.0719804606053,0.0718585483807,0.0718237163165,0.0716495559957,0.0716147239315,0.0715973078994,0.0716147239315,0.071719220124,0.0717888842524,0.071301235354,0.0714231475786,0.071510227739,0.0718585483807,0.0719804606053,0.0718933804449,0.0720152926695,0.0719978766374,0.0722591171186,0.0724158614074,0.0723984453753,0.0725203575999,0.0725726056962,0.0724332774395,0.072537773632,0.0726771018887,0.0729905904662,0.0731995828512,0.0736872317496,0.0738265600062,0.0737917279421,0.0741400485838,0.0746276974821,0.0745580333538,0.0747321936746,0.0750282662201,0.0750630982842,0.0754114189259,0.0752372586051,0.0753069227334,0.0752720906693,0.0756029952789,0.0758990678243,0.0759861479847,0.076247388466,0.0763170525943,0.0767524533964,0.0769266137173,0.0772226862627,0.0772052702306,0.0771530221344,0.0773271824552,0.0777799992894,0.0777974153215,0.0777277511932,0.0781457359632,0.0784069764445,0.0784069764445,0.0784592245407,0.0785811367653,0.0785985527974,0.078511472637,0.0788249612145,0.0789468734391,0.079138449792,0.0790862016958,0.0791036177278,0.0793300261449,0.0794693544016,0.0797305948829,0.0797305948829,0.0799047552037,0.0802356598133,0.0807407247438,0.0812632057063,0.0813502858668,0.0815766942838,0.0819075988935,0.0821165912785,0.0823952477918,0.0823952477918,0.0826042401768,0.083248633364,0.0835795379736,0.0837536982944,0.0836317860698,0.0837536982944,0.084293595289,0.0843284273532,0.0845374197382,0.0846593319628,0.0845548357703,0.0848160762516,0.0850424846687,0.0853385572141,0.0854953015029,0.0855823816633,0.0858958702408,0.0861571107221,0.0862964389788,0.0862441908825,0.0865925115242,0.086766671845,0.0865925115242,0.0864880153317,0.0867492558129,0.0870453283584,0.0873065688397,0.0876548894813,0.0878116337701,0.088212202508,0.0885953552139,0.0888565956952,0.0890830041123,0.0893268285615,0.0895358209465,0.089431324754,0.0900060538128,0.090058301909,0.0906156149357,0.0905981989036,0.0908942714491,0.0912425920908,0.091503832572,0.0916431608287,0.0918695692458,0.09232238608,0.0921482257591,0.0924791303688,0.0927752029142,0.0930364433955,0.0932280197484,0.0934021800692,0.0940117411922,0.0939594930959,0.0943600618339,0.094168485481,0.0945516381868,0.0949522069248,0.095213447406,0.0955966001119,0.0956836802723,0.0959275047215,0.0960842490102,0.0960842490102,0.0960668329782,0.096240993299,0.096240993299,0.0965370658444,0.096658978069,0.097059546807,0.0971988750637,0.0972162910957,0.0974601155449,0.0975471957053,0.0974601155449,0.0974426995128,0.0975994438016,0.0979129323791,0.0977561880904,0.097686523962,0.0981741728604,0.0982090049246,0.0984702454058,0.0989056462079,0.0987314858871,0.0987663179513,0.0990275584325,0.0992713828817,0.0994455432026,0.0993758790742,0.099114638593,0.099132054625,0.0989404782721,0.0992017187534,0.0995848714592,0.0997938638442,0.0999680241651,0.0999854401972,0.0999157760688,0.0996719516197,0.099741615748,0.0996719516197,0.099323630978,0.0990623904967,0.0990972225609,0.0989056462079,0.0989056462079,0.0992713828817,0.0990449744646,0.0992539668496,0.0990449744646,0.099323630978,0.0992017187534,0.0990275584325,0.0989753103363,0.099132054625,0.0990101424004,0.0990623904967,0.0993584630421,0.0992017187534,0.0992191347855,0.099323630978,0.0993062149459,0.0992191347855,0.0990972225609,0.099323630978,0.0992887989138,0.0997938638442,0.0996893676517,0.0996545355876,0.0995500393951,0.0994977912988,0.099323630978,0.0991668866892,0.0990101424004,0.0990798065288,0.0988882301759,0.0985921576304,0.0988533981117,0.0989927263684,0.09892306224,0.0989753103363,0.0988359820796,0.0988708141438,0.0986269896946,0.0983831652454,0.0984354133417,0.0986966538229,0.0986966538229,0.0990623904967,0.0992365508175,0.0995674554271,0.0993062149459,0.0992887989138,0.0995152073309,0.0992539668496,0.0995674554271,0.0996022874913,0.0998635279726,0.100072520358,0.10017701655,0.100264096711,0.100473089096,0.100960737994,0.101134898315,0.101221978475,0.101047818154,0.101274226571,0.101448386892,0.101570299117,0.101883787694,0.102284356432,0.102493348817,0.102789421363,0.103259654229,0.103712471063,0.103921463448,0.104565856635,0.104740016956,0.104983841405,0.105332162047,0.105889475074,0.106133299523,0.106568700325,0.107143429384,0.107752990507,0.10836255163,0.108588960047,0.108937280689,0.109372681491,0.109964826582,0.110835628186,0.111514853437,0.112333406945,0.112803639811,0.113657025384,0.114284002539,