# R script for Peak Model
#  -- generated by MACS
p <- c(0.0388185377895,0.0401844928836,0.0413757327912,0.042487556705,0.0434881982274,0.044409423756,0.0454894812722,0.0465695387884,0.047697245901,0.0488726026098,0.0501273753125,0.0511439000337,0.0520651255622,0.0533993142588,0.0547811525516,0.0558453268691,0.0570365667767,0.0582595730819,0.0592443314055,0.0602449729279,0.0613726800404,0.0624527375567,0.0635486782717,0.0646287357879,0.0658040924968,0.0668206172179,0.0680595067218,0.0693619290208,0.0705055193322,0.0716649928422,0.0729515319425,0.0740951222538,0.0752387125651,0.0764140692739,0.0758105077207,0.0761440548949,0.076271120485,0.0763028868826,0.0763505364789,0.0762234708887,0.0763346532801,0.076271120485,0.0763505364789,0.0764617188702,0.0764140692739,0.0764140692739,0.076684083653,0.0770493972247,0.0766682004542,0.0764299524727,0.0763823028764,0.0765252516653,0.0761758212924,0.0763187700813,0.0767317332493,0.0768746820382,0.0771923460136,0.0773352948025,0.0772399956099,0.0772717620074,0.0767634996468,0.0769064484358,0.0770335140259,0.0769858644296,0.0771764628148,0.0772241124111,0.0772082292123,0.0772241124111,0.0771923460136,0.0768111492431,0.0768270324419,0.0770493972247,0.0772399956099,0.0774305939951,0.0773988275976,0.0775100099889,0.0777006083742,0.0777641411692,0.0777641411692,0.0779070899581,0.0782565203311,0.0780182723495,0.0780659219458,0.0781612211384,0.0779547395545,0.0777164915729,0.0780341555483,0.078192987536,0.0779547395545,0.0780341555483,0.0778753235606,0.077780024368,0.0777959075668,0.0779547395545,0.077986505952,0.0776688419766,0.0778912067594,0.0780023891508,0.0778753235606,0.0777323747717,0.077573542784,0.0776211923803,0.0780023891508,0.0780341555483,0.0777641411692,0.0778276739643,0.0775100099889,0.0776529587779,0.0778912067594,0.0779547395545,0.0779388563557,0.0780341555483,0.0782406371323,0.0782565203311,0.0776847251754,0.0774464771939,0.0774623603926,0.0774464771939,0.0773511780013,0.0774305939951,0.0775894259828,0.0773829443988,0.0771446964173,0.0771129300197,0.076890565237,0.0767793828456,0.0769064484358,0.0769540980321,0.0773511780013,0.0773194116037,0.0773352948025,0.077303528405,0.0774464771939,0.0777164915729,0.0777959075668,0.0778912067594,0.0778435571631,0.0779706227532,0.0779070899581,0.0779388563557,0.0778276739643,0.0777323747717,0.0778276739643,0.0776053091816,0.077303528405,0.0771446964173,0.0770493972247,0.0769540980321,0.0767793828456,0.0767793828456,0.0765570180629,0.0762870036838,0.0767317332493,0.0771129300197,0.0768746820382,0.0769223316345,0.0770176308271,0.0769223316345,0.0773352948025,0.0777641411692,0.0777959075668,0.0777641411692,0.0774305939951,0.0777006083742,0.0774941267902,0.0771764628148,0.0774782435914,0.0776847251754,0.0776529587779,0.0775894259828,0.0773511780013,0.0771923460136,0.0772558788087,0.077160579616,0.0771129300197,0.0769699812308,0.0769382148333,0.0770176308271,0.0768270324419,0.0766523172555,0.076477602069,0.0766523172555,0.0768429156407,0.0769064484358,0.0769699812308,0.0770493972247,0.0772399956099,0.0769858644296,0.0771446964173,0.0774941267902,0.0774305939951,0.0773829443988,0.0776847251754,0.0778753235606,0.0778117907655,0.0779547395545,0.0779388563557,0.0783041699274,0.078192987536,0.0781771043372,0.0777959075668,0.0774464771939,0.0773511780013,0.0777164915729,0.0780341555483,0.0780023891508,0.0782247539335,0.0780182723495,0.0780976883434,0.0782406371323,0.078192987536,0.0781294547409,0.0782406371323,0.0782724035298,0.0783677027224,0.0784153523187,0.0783835859212,0.0785900675052,0.0783677027224,0.0785583011076,0.0782088707347,0.0777323747717,0.0776529587779,0.0774305939951,0.0773352948025,0.0773194116037,0.0769064484358,0.0767476164481,0.0768111492431,0.0769064484358,0.0770811636222,0.0770652804234,0.077160579616,0.0773670612,0.0769382148333,0.0768746820382,0.0771129300197,0.0771764628148,0.0772082292123,0.0770017476284,0.0769223316345,0.0771764628148,0.0773670612,0.0777006083742,0.0776847251754,0.0776211923803,0.0780182723495,0.0780500387471,0.0780976883434,0.0778276739643,0.0780341555483,0.0778753235606,0.0778912067594,0.0776211923803,0.0776211923803,0.0780341555483,0.0779547395545,0.0776370755791,0.0777482579705,0.0777482579705,0.0777482579705,0.0780023891508,0.0782724035298,0.0782247539335,0.0785741843064,0.0783041699274,0.0785424179089,0.0789394978781,0.0792730450522,0.0794001106424,0.0794477602387,0.0794001106424,0.0795112930337,0.0798448402079,0.0799083730029,0.0801148545869,0.0803689857672,0.0803372193697,0.0805754673512,0.0808772481278,0.0813696272896,0.0815443424761,0.0816714080662,0.0819255392465,0.0820049552404,0.0817825904576,0.0820684880354,0.0823385024145,0.0826720495886,0.0833073775393,0.0836091583159,0.0841968366704,0.0846892158322,0.085181594994,0.0856739741558,0.0858486893423,0.0862616525102,0.0865316668893,0.0867222652745,0.0871511116413,0.08716699484,0.0872781772314,0.0878658555858,0.0881835195612,0.0884376507415,0.0885170667353,0.0889141467045,0.0895177082577,0.0899942042208,0.0903277513949,0.0908518969543,0.0909313129481,0.0912172105259,0.0914395753087,0.0912489769235,0.0914236921099,0.0916301736939,0.0920113704643,0.0920113704643,0.0926466984151,0.092996128788,0.0933773255584,0.093472624751,0.0936473399375,0.0940126535091,0.0943938502796,0.0946162150623,0.0950132950315,0.0953627254044,0.0955056741933,0.0954262581995,0.0955533237896,0.0954739077958,0.0956803893798,0.0957439221749,0.095664506181,0.0957915717712,0.0960298197527,0.0963792501256,0.0965063157157,0.0966810309022,0.0968398628899,0.0969033956849,0.0967922132936,0.096553965312,0.096760446896,0.0969192788837,0.09696692848,0.096760446896,0.0968557460886,0.0968239796911,0.0967763300948,0.0971416436665,0.0977293220209,0.0979040372073,0.0981581683876,0.098062869195,0.0976657892258,0.0978722708098,0.0976340228283,0.0976975556234,0.0977610884184,0.0978405044123,0.0976181396295,0.0973322420517,0.0970939940702,0.0973004756542,0.0969351620825,0.0969192788837,0.0969986948776,0.0968716292874,0.0968875124862,0.0969986948776,0.0973004756542,0.097173410064,0.0970939940702,0.09696692848,0.0968080964923,0.0965380821133,0.0965857317096,0.0963633669268,0.0962680677342,0.0966492645047,0.096490432517,0.0965857317096,0.0964745493182,0.096696914101,0.0966174981071,0.0962998341318,0.0964268997219,0.096490432517,0.0968080964923,0.0969986948776,0.0971098772689,0.0970939940702,0.0968239796911,0.096696914101,0.0966651477034,0.0967286804985,0.0969351620825,0.0968557460886,0.0970463444739,0.097586373232,0.0977610884184,0.0976975556234,0.0978722708098,0.0978722708098,0.0978881540086,0.0979040372073,0.0977610884184,0.0977293220209,0.0980787523938,0.0987934963384,0.0987458467421,0.0987299635433,0.0987776131396,0.098952328326,0.099095277115,0.0993494082953,0.0996988386682,0.0998735538546,0.0999053202521,0.0999370866497,0.0997941378608,0.0996988386682,0.0998894370534,0.0998576706558,0.0997306050657,0.0998894370534,0.0999688530472,0.0999212034509,0.100270633824,0.100207101029,0.100667713793,0.100794779383,0.101207742551,0.10160482252,0.101493640129,0.101398340936,0.101334808141,0.101239508949,0.101112443359,0.101112443359,0.101239508949,0.101287158545,0.101366574539,0.101461873731,0.101461873731,0.101700121713,0.101858953701,0.101684238514,0.101906603297,0.101938369694,0.102113084881,0.101890720098,0.101970136092,0.10212896808,0.101986019291,0.102144851278,0.101747771309,0.101334808141,0.101287158545,0.101509523328,0.101970136092,0.101938369694,0.102017785688,0.102240150471,0.102287800067,0.102351332862,0.102192500875,0.101986019291,0.102160734477,0.102192500875,0.102208384074,0.102335449664,0.102335449664,0.102303683266,0.102303683266,0.102271916869,0.102351332862,0.101827187303,0.10200190249,0.102113084881,0.102541931248,0.10251016485,0.102541931248,0.102430748856,0.10238309926,0.101843070502,0.101398340936,0.101207742551,0.101239508949,0.101588939322,0.101620705719,0.101827187303,0.102208384074,0.102351332862,0.102446632055,0.102780179229,0.102843712024,0.103494923174,0.103606105565,0.10354257277,0.103621988764,