# R script for Peak Model
#  -- generated by MACS
p <- c(0.0408182375886,0.0419587471682,0.0430392299279,0.0439396322277,0.0445999272475,0.046340705027,0.0474812146067,0.0483816169064,0.0495221264861,0.0505425824258,0.0515630383655,0.0526435211252,0.053663977065,0.0552246743845,0.0561851035042,0.0573856399039,0.0582860422037,0.0593064981434,0.0600868468032,0.0610472759229,0.0623678659625,0.0635083755422,0.0647089119419,0.0659694751615,0.0673500920211,0.0684906016008,0.0697511648204,0.0705915403002,0.0717320498799,0.0726924789996,0.0734728276594,0.0743132031392,0.0752136054389,0.0764141418386,0.0778547855182,0.0791153487378,0.0802558583175,0.0803759119575,0.0800157510376,0.0798956973976,0.0795955632977,0.0795955632977,0.0795955632977,0.0795955632977,0.0789952950978,0.0789352682779,0.0794755096577,0.0789952950978,0.078515080538,0.0782749732581,0.0777347318782,0.0778547855182,0.0779748391581,0.0778547855182,0.0780948927981,0.0779148123382,0.0776146782382,0.0773745709583,0.0771344636784,0.0772545173183,0.0769543832184,0.0762340613786,0.0770744368584,0.0774946245983,0.0778547855182,0.0777347318782,0.0779748391581,0.0776747050582,0.0774345977783,0.0777947586982,0.0775546514183,0.0777947586982,0.0774946245983,0.0767743027585,0.0769543832184,0.0766542491185,0.0767142759385,0.0767743027585,0.0771344636784,0.0761140077387,0.0759339272787,0.0762340613786,0.0763541150186,0.0761740345586,0.0757538468188,0.0753936858989,0.0752136054389,0.0743732299591,0.0742531763192,0.0739530422193,0.0738930153993,0.0740730958592,0.0743132031392,0.0742531763192,0.0738930153993,0.0738930153993,0.0738329885793,0.0737729617593,0.0734728276594,0.0738930153993,0.0731726935595,0.0734728276594,0.0732327203795,0.0731726935595,0.0737129349393,0.0736529081193,0.0735328544794,0.0730526399195,0.0723923448997,0.0719121303398,0.07137188896,0.0716720230599,0.0718521035199,0.0719121303398,0.0719721571598,0.0726924789996,0.0727525058196,0.0726324521796,0.0727525058196,0.0729325862795,0.0726924789996,0.0725724253597,0.0731726935595,0.0726924789996,0.0730526399195,0.0723923448997,0.0725123985397,0.0730526399195,0.0726924789996,0.0728125326396,0.0729926130995,0.0729926130995,0.0732327203795,0.0734128008394,0.0734728276594,0.0732927471994,0.0726324521796,0.0719721571598,0.0719121303398,0.0717320498799,0.0719121303398,0.0716720230599,0.07143191578,0.0708916744001,0.0708916744001,0.0708916744001,0.0704714866602,0.0709517012201,0.0706515671202,0.07125183532,0.0708316475801,0.0708316475801,0.0705315134802,0.0708316475801,0.0704714866602,0.0701713525603,0.0696911380005,0.0698712184604,0.0698712184604,0.0699912721004,0.0699312452804,0.0701713525603,0.0699312452804,0.0698712184604,0.0699312452804,0.0693910039005,0.0695110575405,0.0695110575405,0.0694510307205,0.0690908698006,0.0689107893407,0.0683705479608,0.0681304406809,0.0673500920211,0.067770279761,0.067590199301,0.0675301724811,0.0674101188411,0.0669899311012,0.0674101188411,0.067590199301,0.0680103870409,0.0680704138609,0.0682504943209,0.0683705479608,0.0684906016008,0.0685506284208,0.0683105211408,0.0685506284208,0.067830306581,0.067590199301,0.0679503602209,0.0684906016008,0.0684305747808,0.0685506284208,0.0686106552408,0.0683705479608,0.0687307088807,0.0685506284208,0.0690308429806,0.0690908698006,0.0684305747808,0.0686706820607,0.0687907357007,0.0687907357007,0.0687307088807,0.0685506284208,0.0681904675009,0.0686706820607,0.0685506284208,0.0683105211408,0.0686106552408,0.0688507625207,0.0690908698006,0.0687307088807,0.0686106552408,0.0687307088807,0.0692709502606,0.0688507625207,0.0689107893407,0.0693309770806,0.0691508966206,0.0690908698006,0.0688507625207,0.0692109234406,0.0688507625207,0.0692109234406,0.0689708161607,0.0689107893407,0.0690308429806,0.0690308429806,0.0687907357007,0.0692709502606,0.0696911380005,0.0696311111805,0.0691508966206,0.0696311111805,0.0699912721004,0.0698111916404,0.0704114598403,0.0700512989204,0.0696911380005,0.0696911380005,0.0698111916404,0.0696311111805,0.0697511648204,0.0695110575405,0.0695110575405,0.0695710843605,0.0698111916404,0.0700512989204,0.0704114598403,0.0711317816801,0.0710117280401,0.0707716207602,0.0706515671202,0.0711918085,0.0710717548601,0.07131186214,0.0711918085,0.07137188896,0.07125183532,0.07143191578,0.0721522376198,0.0731126667395,0.0729325862795,0.0728725594596,0.0726924789996,0.0729325862795,0.0729926130995,0.0725724253597,0.0728125326396,0.0729325862795,0.0728125326396,0.0725724253597,0.0728725594596,0.0729926130995,0.0729325862795,0.0731726935595,0.0732327203795,0.0737729617593,0.074853444519,0.074913471339,0.0753936858989,0.0756337931788,0.0754537127188,0.0753336590789,0.0755137395388,0.0758138736387,0.0764741686586,0.0765942222985,0.0767142759385,0.0776146782382,0.0776747050582,0.0779148123382,0.078455053718,0.0788752414579,0.078635134178,0.0792354023778,0.0803158851375,0.0803158851375,0.0806160192374,0.0811562606172,0.0816965019971,0.082056662917,0.0827169579368,0.0825368774769,0.0825368774769,0.0833772529566,0.0845777893563,0.0849379502762,0.0851780575561,0.0861384866758,0.0865586744157,0.0870989157956,0.0875791303554,0.0882394253753,0.0885995862952,0.089139827675,0.0894999885949,0.0906404981746,0.0913007931944,0.0916009272943,0.0914808736543,0.0916609541143,0.0918410345742,0.0914208468344,0.0913608200144,0.0919010613942,0.0920211150342,0.0921411686742,0.0929215173339,0.0934617587138,0.0931015977939,0.0934617587138,0.0940020000936,0.0933417050738,0.0932216514339,0.0930415709739,0.0934017318938,0.0932816782538,0.0935818123538,0.0936418391737,0.0941220537336,0.0947223219334,0.0953826169533,0.0959828851531,0.096283019253,0.0968232606329,0.0968832874528,0.0973034751927,0.0975435824726,0.0972434483727,0.0977236629326,0.0974835556527,0.0968832874528,0.0967632338129,0.0968832874528,0.0972434483727,0.0971834215527,0.0968232606329,0.0965831533529,0.0965231265329,0.0965231265329,0.0971233947328,0.0966431801729,0.0965831533529,0.0965831533529,0.0968232606329,0.0967632338129,0.0969433142728,0.0974835556527,0.0970033410928,0.0968232606329,0.0969433142728,0.0967632338129,0.0969433142728,0.0965231265329,0.0967632338129,0.0965231265329,0.0970033410928,0.0971834215527,0.0971233947328,0.0967032069929,0.0965231265329,0.0961029387931,0.0955026705932,0.0950824828533,0.0949624292134,0.0952025364933,0.0947823487534,0.0949624292134,0.0949624292134,0.0947823487534,0.0943621610135,0.0938819464537,0.0935217855338,0.0934017318938,0.0935818123538,0.0938819464537,0.0942421073736,0.0944822146535,0.0945422414735,0.0948423755734,0.0947823487534,0.0941820805536,0.0943621610135,0.0949624292134,0.0941820805536,0.0937018659937,0.0938219196337,0.0935217855338,0.0935818123538,0.0931616246139,0.0931616246139,0.0932816782538,0.092801463694,0.0920811418542,0.0921411686742,0.0917810077543,0.0915409004743,0.0916009272943,0.0919010613942,0.092741436874,0.0929215173339,0.092621383234,0.0931616246139,0.0930415709739,0.0932816782538,0.0934617587138,0.0938819464537,0.0943621610135,0.0940020000936,0.0943021341936,0.0950224560334,0.0952025364933,0.0953826169533,0.0953225901333,0.0949624292134,0.0949624292134,0.0947823487534,0.0949624292134,0.0952025364933,0.0951425096733,0.0949024023934,0.0944221878335,0.0946022682935,0.0941220537336,0.0944822146535,0.0952625633133,0.0949624292134,0.0952025364933,0.0950224560334,0.0958628315131,0.096162965613,0.0961029387931,0.0960429119731,0.096222992433,0.0959828851531,0.096162965613,0.0965231265329,0.0968232606329,0.0971233947328,0.0973034751927,0.0974235288327,0.0976636361126,0.0976036092926,0.0979637702125,0.0979037433925,0.0987441188723,0.0990442529722,0.099704547992,0.100004682092,0.100424869832,0.100424869832,0.100484896652,0.100604950292,0.101325272132,0.101445325772,0.102105620791,0.101925540331,0.102105620791,0.102765915811,0.102765915811,0.102765915811,0.103426210831,0.102885969451,0.103666318111,0.104446666771,0.105166988611,0.10576725681,0.10660763229,0.10606739091,0.10624747137,0.10618744455,0.10666765911,0.10666765911,0.10660763229,0.10648757865,0.10696779321,0.10690776639,