# R script for Peak Model
#  -- generated by MACS
p <- c(0.0359525434192,0.0368261203381,0.0377385228979,0.0386897510985,0.0395827408379,0.0405339690385,0.0415434357004,0.0424558382601,0.0433488279995,0.0443777074818,0.0454065869641,0.0462995767035,0.0472896305449,0.0479496664392,0.0489203074602,0.0496968202771,0.0505509843756,0.0514439741149,0.0523757894951,0.0532493664141,0.0541617689738,0.0551129971745,0.0560836381955,0.056937802294,0.057908443315,0.0589179099769,0.0598303125367,0.0609950817619,0.0618686586809,0.0627228227794,0.0634216843145,0.0643729125152,0.065149425332,0.0661394791734,0.066993643272,0.06782839455,0.068566081726,0.06967261249,0.0695561355675,0.0697308509513,0.0696531996696,0.0694008330041,0.0693814201837,0.0695173099266,0.0694784842858,0.0694590714654,0.0694978971062,0.0694978971062,0.069303768902,0.0692455304408,0.0695173099266,0.0696143740288,0.069808502233,0.0696531996696,0.0695173099266,0.0695561355675,0.0694784842858,0.0698473278738,0.0700026304372,0.0699249791555,0.0698279150534,0.069808502233,0.0695949612083,0.0698279150534,0.0699055663351,0.0699443919759,0.06967261249,0.0695949612083,0.0697502637717,0.0698861535146,0.0699249791555,0.0698861535146,0.070177345821,0.0702355842822,0.0701385201801,0.0703908868456,0.0703714740252,0.0704297124864,0.0706820791519,0.0708373817153,0.0708762073561,0.0708762073561,0.0708373817153,0.0708567945357,0.0709150329969,0.0709150329969,0.0708567945357,0.0706626663315,0.0707209047927,0.070779143254,0.0706820791519,0.0707209047927,0.0706820791519,0.0705073637681,0.0706044278702,0.0705461894089,0.0706432535111,0.0707014919723,0.0706820791519,0.070779143254,0.0707403176132,0.070779143254,0.0708956201765,0.0708179688948,0.0708179688948,0.0709344458174,0.071012097099,0.0711673996624,0.071380940687,0.0712838765849,0.0715944817117,0.071749784275,0.071885674018,0.0715556560708,0.0717109586342,0.0717109586342,0.0718274355567,0.0719633252997,0.0721380406834,0.0720021509405,0.0720021509405,0.0719244996588,0.0714780047891,0.0714974176096,0.0714391791483,0.0713615278666,0.0713227022258,0.0713615278666,0.071012097099,0.071380940687,0.0713032894054,0.0711091612011,0.0710315099195,0.0709926842786,0.0709150329969,0.070779143254,0.0707209047927,0.0706238406906,0.0708179688948,0.0706432535111,0.0703714740252,0.0702938227435,0.0700996945393,0.0702549971026,0.070041456078,0.0698667406942,0.0698861535146,0.0700026304372,0.0697308509513,0.0694202458245,0.0696143740288,0.0695367227471,0.0697502637717,0.0698667406942,0.0695949612083,0.0693620073633,0.0692649432612,0.069303768902,0.0691678791591,0.0689737509549,0.0689737509549,0.068934925314,0.0689737509549,0.069303768902,0.0691678791591,0.0694784842858,0.0696337868492,0.0699443919759,0.0701385201801,0.0703520612047,0.0704297124864,0.0704879509477,0.070410299666,0.0705267765885,0.0707597304336,0.0708373817153,0.0708179688948,0.0705656022294,0.0704297124864,0.0702549971026,0.0702549971026,0.0704491253068,0.0706238406906,0.0705461894089,0.070410299666,0.0707014919723,0.0704879509477,0.0706044278702,0.0707014919723,0.0709538586378,0.0709538586378,0.0711868124828,0.0710897483807,0.0709344458174,0.0710703355603,0.0712450509441,0.0710509227399,0.0710897483807,0.0714003535075,0.0717886099159,0.0721380406834,0.0721574535039,0.0723515817081,0.0725457099123,0.0726621868348,0.0724486458102,0.0726039483735,0.0728174893982,0.0730698560636,0.0728174893982,0.0728757278594,0.0730116176024,0.0728369022186,0.0729339663207,0.0730504432432,0.0732057458066,0.0736134150354,0.0737493047784,0.073962845803,0.0738075432396,0.073962845803,0.074195799648,0.074331689391,0.0743122765706,0.0745452304156,0.0748364227219,0.0748170099015,0.074933486824,0.0747393586198,0.0746617073381,0.0747781842607,0.0747199457994,0.0750111381057,0.0748170099015,0.0750887893874,0.0753411560529,0.0753605688733,0.0756905868204,0.0754770457958,0.0754188073346,0.0755158714367,0.0753605688733,0.075671174,0.0756129355388,0.0754576329754,0.0755546970775,0.0753993945141,0.075438220155,0.0754964586162,0.0756129355388,0.0757488252817,0.0759623663063,0.0760594304084,0.0763700355352,0.0763894483556,0.0763506227147,0.0765253380985,0.0763506227147,0.0763894483556,0.0763506227147,0.0764865124577,0.076175907331,0.0762535586126,0.0763117970739,0.0763700355352,0.0763700355352,0.076408861176,0.0763894483556,0.0767000534823,0.0769135945069,0.0768747688661,0.0768941816865,0.0773212637358,0.0772630252745,0.0773212637358,0.0771659611724,0.0769330073274,0.0769330073274,0.0768359432253,0.0767582919436,0.0769135945069,0.0772047868133,0.077146548352,0.0771077227112,0.0771659611724,0.077146548352,0.0773018509154,0.0774183278379,0.0776124560421,0.0778648227076,0.0781754278343,0.0782336662956,0.0781560150139,0.0783695560385,0.078486032961,0.0786607483448,0.0790295919328,0.0790684175736,0.079223720137,0.0796119765454,0.0795537380842,0.0798061047496,0.0804467278235,0.0807379201298,0.0811455893587,0.0814950201262,0.0818250380734,0.0825627252494,0.0827374406332,0.0833198252458,0.08351395345,0.083882797038,0.0841739893443,0.0841934021647,0.0846593098548,0.0850863919041,0.0852611072879,0.0855134739533,0.0851446303653,0.0851252175449,0.0854358226717,0.0854358226717,0.0856299508759,0.085959968823,0.086328812411,0.0862511611293,0.0861735098476,0.0861735098476,0.0863482252314,0.0865035277948,0.0866200047173,0.0869888483053,0.0871053252278,0.0872800406116,0.0876488841996,0.0882506816327,0.0885030482981,0.0888718918861,0.0892213226537,0.0891242585516,0.0892019098333,0.0897260559846,0.0900754867522,0.0902307893156,0.0901919636747,0.090250202136,0.0905025688015,0.090483155981,0.0905025688015,0.0903278534177,0.0907161098261,0.0910461277732,0.0916673380267,0.0917838149492,0.0922108969985,0.0926185662273,0.093065061097,0.0930844739174,0.0935697944279,0.0937639226321,0.0937056841709,0.0941327662201,0.0943074816039,0.0945210226286,0.0945986739102,0.0945986739102,0.0943851328856,0.0945016098081,0.0945598482694,0.0945792610898,0.0948122149349,0.0948122149349,0.0947345636532,0.0948510405757,0.0948704533961,0.0946957380123,0.0948510405757,0.0948316277553,0.0944433713469,0.0943074816039,0.0941133533997,0.0940939405793,0.0941133533997,0.0939968764772,0.0938609867342,0.0938415739138,0.0939580508364,0.0937639226321,0.093802748273,0.0936086200688,0.0937445098117,0.0934921431463,0.09366685853,0.0939968764772,0.0943657200652,0.094540435449,0.094773389294,0.0949869303187,0.0952392969841,0.0955887277517,0.0956275533925,0.0955887277517,0.0954140123679,0.0958410944172,0.0959963969805,0.0961128739031,0.096481717491,0.096617607234,0.0967534969769,0.0971611662058,0.0971223405649,0.0966952585157,0.0971417533854,0.0971805790262,0.0972776431283,0.0973747072304,0.097588248255,0.0973164687691,0.0974717713325,0.0975300097938,0.0977629636388,0.0981706328677,0.0983453482514,0.098461825174,0.0985588892761,0.0992965764521,0.099063622607,0.0989665585049,0.0987336046599,0.0990053841457,0.0990830354274,0.0989859713253,0.0989665585049,0.0991412738887,0.0991024482478,0.0993548149133,0.099801309783,0.100053676448,0.100170153371,0.100150740551,0.100616648241,0.100830189265,0.101218445674,0.101334922596,0.101664940543,0.101917307209,0.102324976438,0.102635581564,0.102480279001,0.102674407205,0.102868535409,0.103004425152,0.102849122589,0.103217966177,0.103412094381,0.10381976361,0.103994478994,0.104052717455,0.104033304635,0.103975066173,0.104188607198,0.104052717455,0.103897414892,0.104091543096,0.104246845659,0.104557450786,0.104363322582,0.104809817452,0.104596276427,0.104518625145,0.104984532835,0.105314550782,0.105431027705,0.105547504628,0.10566398155,0.105528091807,0.105819284113,0.106071650779,0.106459907187,0.106246366163,0.106537558469,0.106401668726,0.106634622571,0.106886989237,0.107449961029,0.107721740515,0.10842060205,0.109119463585,0.109100050765,0.109507719993,0.109973627683,0.110614250757,0.111041332807,0.111623717419,0.111779019983,0.112264340493,0.112827312285,0.113234981514,0.11397266869,0.114826832789,0.115467455863,0.115642171246,0.116554573806,0.117292260982,0.117952296876,