# R script for Peak Model
#  -- generated by MACS
p <- c(0.0386760524297,0.0397125965484,0.0407923300054,0.0418720634624,0.0430597702651,0.0441287063875,0.0451652505063,0.0462665786324,0.0473139200857,0.0483936535427,0.0496029550145,0.0505639177913,0.0516652459174,0.0527341820398,0.0538679021697,0.054764080939,0.055919395738,0.057074710537,0.0583056066779,0.0594393268078,0.0605622496031,0.0617607537403,0.0629916498813,0.0639958019963,0.0651295221262,0.066338823598,0.0674509490587,0.0686170611923,0.069804767995,0.0709168934557,0.0718346668941,0.072968387024,0.0739941338081,0.0751170566034,0.0764451287555,0.0765962914395,0.0766718727815,0.0768014407963,0.0766718727815,0.0767474541235,0.0767366567889,0.0765099127629,0.0766718727815,0.0765854941049,0.0764775207592,0.076358750079,0.0764343314209,0.0765638994358,0.0765746967704,0.0764559260901,0.0763263580752,0.0763155607407,0.0763155607407,0.0761212087184,0.0762507767333,0.0764127367518,0.0766502781123,0.076909414142,0.077136158168,0.0771145634989,0.0770821714951,0.0772333341791,0.0771577528371,0.0771685501717,0.0773844968631,0.0774600782051,0.0775572542162,0.0776652275619,0.0776760248965,0.0775356595471,0.0774060915322,0.0774600782051,0.0774708755397,0.0775680515508,0.0775248622125,0.0776112408891,0.0776544302274,0.0776004435545,0.0776760248965,0.0779027689225,0.0777516062385,0.0780215396027,0.0779243635916,0.077913566257,0.0779243635916,0.0779567555953,0.0779351609262,0.0777947955768,0.0776112408891,0.0776112408891,0.0775680515508,0.0774492808705,0.0771901448408,0.0773844968631,0.0773952941977,0.077362902194,0.0773089155211,0.0771577528371,0.0770497794914,0.0769310088112,0.077060576826,0.077136158168,0.0772009421754,0.0771253608334,0.0769741981494,0.0770281848223,0.0770065901532,0.0768230354655,0.0769310088112,0.0769202114766,0.0770497794914,0.0771577528371,0.0771253608334,0.0770497794914,0.0772441315137,0.0775032675434,0.0775572542162,0.077362902194,0.0771901448408,0.07721173951,0.0773089155211,0.0771685501717,0.0770929688297,0.07721173951,0.0772657261828,0.0772765235174,0.0774060915322,0.0774168888668,0.0772225368446,0.0773413075248,0.0773413075248,0.0772549288483,0.0774492808705,0.0775248622125,0.0772549288483,0.0775248622125,0.077362902194,0.0772765235174,0.0773736995285,0.077287320852,0.0775464568817,0.0775032675434,0.0775356595471,0.0775356595471,0.0777839982422,0.0778703769188,0.0779675529299,0.0781727022867,0.0781942969559,0.078064728941,0.0779567555953,0.0778271875805,0.0778055929113,0.0778811742533,0.0778055929113,0.0779783502645,0.0778163902459,0.0779999449336,0.0780539316064,0.0782266889596,0.0781942969559,0.0781619049521,0.078291472967,0.0781187156139,0.0779459582607,0.0778163902459,0.0776976195656,0.0777408089039,0.0776760248965,0.0778703769188,0.0780323369373,0.0780107422682,0.0780863236102,0.0779567555953,0.0779567555953,0.0777516062385,0.0777408089039,0.077837984915,0.077837984915,0.0777408089039,0.0775572542162,0.0775464568817,0.0775464568817,0.0777624035731,0.0776436328928,0.0773844968631,0.0773197128557,0.0774060915322,0.0776760248965,0.0776760248965,0.0779351609262,0.0780971209447,0.0782806756324,0.0780971209447,0.078064728941,0.0781295129484,0.0780323369373,0.0780755262756,0.0780107422682,0.0778811742533,0.0776976195656,0.0775140648779,0.0774276862014,0.0775248622125,0.0776004435545,0.0774060915322,0.0775572542162,0.0777300115693,0.0776868222311,0.0778055929113,0.0776544302274,0.0776004435545,0.0775032675434,0.0775464568817,0.0773736995285,0.0773521048594,0.0773952941977,0.077438483536,0.0773521048594,0.0774060915322,0.0775140648779,0.0774708755397,0.0775032675434,0.0774168888668,0.0774924702088,0.077438483536,0.0775788488854,0.0775032675434,0.0776220382236,0.077438483536,0.0775572542162,0.0776004435545,0.0776976195656,0.0778595795842,0.0779459582607,0.0778703769188,0.0780539316064,0.0781187156139,0.0782374862941,0.078291472967,0.0783562569744,0.078518216993,0.0783022703016,0.0784210409818,0.0783886489781,0.0786693796769,0.0788637316992,0.0788745290338,0.0788745290338,0.0791660570672,0.0792632330783,0.0795439637771,0.0795331664425,0.0795007744388,0.0797383157994,0.0800406411673,0.080299777197,0.0803429665353,0.0802889798624,0.0804077505427,0.080224195855,0.0802889798624,0.080450939881,0.0808828332638,0.0811311719589,0.0807640625835,0.0806992785761,0.0807748599181,0.0810124012786,0.0812931319774,0.0816494440182,0.0821785134122,0.0821245267393,0.0822864867579,0.082459244111,0.0828155561518,0.0827183801407,0.0826320014641,0.0825888121258,0.0827507721444,0.0830207055086,0.0832582468692,0.0835821669063,0.0837009375865,0.0838305056014,0.0839492762817,0.0840032629545,0.0840464522928,0.0842731963188,0.0843271829916,0.0845539270176,0.0846726976978,0.0849750230658,0.0852017670918,0.0852557537646,0.0856012684709,0.0857632284894,0.085925188508,0.08600076985,0.0862491085451,0.0864218658982,0.0867241912661,0.0869509352921,0.0871020979761,0.0875123966898,0.0880522634183,0.0883761834554,0.0885381434739,0.088559738143,0.0885921301468,0.0885273461393,0.0883653861208,0.0887648874999,0.0891427942098,0.0893695382358,0.0894775115815,0.0894451195778,0.0898014316186,0.0898338236223,0.0897798369495,0.0896934582729,0.0896178769309,0.0900065809754,0.0902009329977,0.0902333250014,0.0903628930162,0.0903952850199,0.0906004343768,0.0908271784027,0.0911942877781,0.0914750184769,0.0916261811609,0.0915937891572,0.0914858158115,0.0917665465103,0.0923496025771,0.0926087386068,0.092803090629,0.0927706986253,0.0929758479822,0.0930622266587,0.0928570773019,0.0929974426513,0.0930514293242,0.0933645520267,0.093407741365,0.0937640534058,0.0940555814392,0.0942715281306,0.0941203654466,0.0940555814392,0.0940879734429,0.0940123921009,0.0940447841046,0.0941527574503,0.0942499334614,0.0941419601157,0.0942931227997,0.094260730796,0.0943471094726,0.0944442854837,0.0945846508331,0.0944658801528,0.0945522588294,0.0947466108516,0.0947574081862,0.0947466108516,0.0948869762011,0.0949517602085,0.0948761788665,0.0950813282233,0.0950165442159,0.0948545841973,0.0949949495468,0.0948653815319,0.0948005975245,0.0947142188479,0.0948221921936,0.0950273415505,0.0950921255579,0.095038138885,0.0953620589221,0.0954268429296,0.0956103976172,0.0955024242715,0.0956751816247,0.0958047496395,0.095642789621,0.0958155469741,0.0958047496395,0.096269035026,0.0964849817174,0.0962366430223,0.0960746830038,0.0959451149889,0.0960314936655,0.0960962776729,0.096193453684,0.0962582376914,0.0958263443086,0.0958479389778,0.0957939523049,0.0958587363124,0.0958911283161,0.0956859789592,0.0957831549704,0.0956859789592,0.0956103976172,0.0956103976172,0.0955888029481,0.095567208279,0.0958587363124,0.0959559123235,0.0960962776729,0.0958911283161,0.0957399656321,0.0957291682975,0.095642789621,0.0955996002827,0.0959667096581,0.0962582376914,0.0965389683903,0.096722523078,0.0968952804311,0.0968520910928,0.0968089017545,0.0970896324533,0.0970032537768,0.0972407951373,0.0971652137953,0.0972084031336,0.0973055791447,0.0975431205053,0.0975107285016,0.0975647151744,0.0977482698621,0.0979534192189,0.0978454458732,0.0980505952301,0.0981261765721,0.0980721898992,0.0981045819029,0.0983097312597,0.0984069072709,0.098504083282,0.0985688672894,0.0984392992746,0.0984716912783,0.0984069072709,0.0984177046054,0.0987200299734,0.0985904619586,0.0985904619586,0.0984069072709,0.0984177046054,0.0983313259289,0.09842850194,0.0987740166463,0.0988927873265,0.0989251793302,0.0987848139808,0.0987956113154,0.0989791660031,0.0991411260216,0.0993894647167,0.099583816739,0.0997889660958,0.0999401287798,0.100091291464,0.100242454148,0.100048102126,0.100274846151,0.10031803549,0.100231656813,0.100361224828,0.100199264809,0.100544779516,0.100685144865,0.10081471288,0.100901091557,0.100955078229,0.100965875564,0.100739131538,0.1006959422,0.100847104884,0.101160227586,0.101322187605,0.101300592936,0.101419363616,0.101225011594,0.100987470233,0.101235808928,0.101505742292,0.101408566281,0.10168929698,0.101980825014,0.102110393028,0.102272353047,0.102520691742,0.10282301711,0.102974179794,0.103190126485,