# R script for Peak Model
#  -- generated by MACS
p <- c(0.0383748806199,0.0394999137662,0.0405574449237,0.0415924754183,0.0427625098904,0.0440000463514,0.0450688278403,0.0463176146327,0.0473526451273,0.0484776782736,0.0494564571109,0.0505589895942,0.0516165207517,0.052595299589,0.0536078294207,0.054732862567,0.0557678930615,0.0567466718988,0.0578604547136,0.0589854878599,0.0601667726635,0.0611680521637,0.0622818349786,0.0632606138158,0.0641831409958,0.0652294218218,0.0662419516535,0.0673444841369,0.0682107596595,0.0693695438002,0.0704608259521,0.071552108104,0.0728008948964,0.0737009214134,0.0747247015765,0.0759959890318,0.0759734883689,0.0759959890318,0.0756809797509,0.0757597320711,0.0757484817396,0.0757372314082,0.0758159837284,0.0758497347228,0.075928487043,0.0758722353857,0.0760747413521,0.0762322459925,0.0761534936723,0.0761534936723,0.0760184896948,0.0764010009645,0.0766260075937,0.0765472552735,0.0766822592511,0.0765697559364,0.0763447493072,0.0763222486443,0.0764235016274,0.0765810062679,0.0764797532847,0.0766485082567,0.0766597585881,0.076851014223,0.0768960155489,0.077166023504,0.077143522841,0.0769747678691,0.0768847652174,0.0767947625657,0.0769860182006,0.0767272605769,0.0767160102455,0.0766935095825,0.0766935095825,0.0768285135601,0.0765810062679,0.0764235016274,0.0765810062679,0.0764235016274,0.0762547466555,0.0762659969869,0.0762884976499,0.076243496324,0.0761984949982,0.0762884976499,0.0764010009645,0.0762884976499,0.0761984949982,0.0762772473184,0.0762997479813,0.0763222486443,0.0762322459925,0.0760859916835,0.0760747413521,0.0760634910206,0.0763334989757,0.076558505605,0.0765697559364,0.0767385109084,0.0768060128972,0.0768285135601,0.0767610115713,0.0766935095825,0.0764460022903,0.076558505605,0.0765810062679,0.076389750633,0.0763559996386,0.076389750633,0.0765810062679,0.0766485082567,0.0766822592511,0.0768735148859,0.077166023504,0.0769635175376,0.0770085188635,0.0769072658803,0.0767385109084,0.0766822592511,0.0766147572623,0.0766147572623,0.0768285135601,0.0766935095825,0.0768397638915,0.0768847652174,0.0766710089196,0.0768960155489,0.0770310195264,0.0770422698579,0.077143522841,0.0768622645545,0.0769635175376,0.0767160102455,0.0769297665432,0.0770647705208,0.0770197691949,0.0767272605769,0.0769410168747,0.0769635175376,0.0769860182006,0.0769522672062,0.0768285135601,0.0769747678691,0.0769747678691,0.0768735148859,0.0767610115713,0.0765922565994,0.076704759914,0.0766485082567,0.0764347519589,0.0762997479813,0.0764235016274,0.0763672499701,0.076389750633,0.0764235016274,0.076412251296,0.0765022539477,0.0763672499701,0.0763222486443,0.0763222486443,0.0763109983128,0.076389750633,0.0762097453296,0.0761872446667,0.0764010009645,0.076412251296,0.0765810062679,0.0765247546106,0.0761309930094,0.0761309930094,0.075950987706,0.0761759943352,0.075928487043,0.0759172367116,0.075928487043,0.0759172367116,0.0760184896948,0.0759959890318,0.0760634910206,0.0758272340599,0.075804733397,0.0757034804138,0.0755572261048,0.0754672234531,0.0752647174867,0.0751072128463,0.075174714835,0.0751409638406,0.0751634645036,0.0751522141721,0.0752647174867,0.075197215498,0.0751297135092,0.0749159572114,0.0748259545597,0.0744771942843,0.0743871916326,0.074420942627,0.0744996949473,0.0743084393124,0.0744096922956,0.0742971889809,0.0744771942843,0.0743084393124,0.0742409373236,0.0742184366607,0.0738696763853,0.073959679037,0.0739259280427,0.0737009214134,0.073813424728,0.0738021743966,0.0737346724078,0.0735434167729,0.0736446697561,0.0738471757224,0.0740609320202,0.0741959359978,0.0743534406382,0.0743534406382,0.074589697599,0.0746234485934,0.0748147042282,0.0749272075429,0.0751072128463,0.0752197161609,0.0752647174867,0.0753547201384,0.0751859651665,0.0752872181497,0.0755234751104,0.0755122247789,0.0757147307453,0.0755797267677,0.0756697294194,0.0757597320711,0.0756809797509,0.075489724116,0.0754222221272,0.0753772208014,0.0754672234531,0.0757259810767,0.0756584790879,0.075635978425,0.0757259810767,0.0758497347228,0.0759397373745,0.0761759943352,0.0762547466555,0.0763334989757,0.0762884976499,0.0768397638915,0.076997268532,0.0774022804647,0.0777622910715,0.0778410433917,0.0780547996895,0.077919795712,0.0780998010154,0.0782685559873,0.0784823122851,0.0785835652683,0.0787748209032,0.0791010805156,0.0793485878078,0.0795060924482,0.079742349409,0.0799673560382,0.0802148633304,0.0804736209541,0.0806086249316,0.0809011335496,0.0810248871957,0.0813061454823,0.0813848978026,0.081542402443,0.0818799123869,0.0821386700106,0.0824761799545,0.0826224342635,0.0831061985164,0.083218701831,0.0833199548142,0.083533711112,0.08382621973,0.0841974806683,0.0844674886234,0.0844674886234,0.0844112369661,0.0846249932639,0.0849512528763,0.0852212608314,0.0852437614943,0.0854350171292,0.0856262727641,0.0860650356911,0.0862787919889,0.0863237933148,0.0864137959665,0.086548799944,0.0868750595564,0.0872350701633,0.0872688211576,0.0877413350791,0.0879888423713,0.0881800980061,0.0882813509893,0.0884501059612,0.0887763655737,0.0890013722029,0.0892601298266,0.0892826304895,0.0894626357929,0.0894288847985,0.0897438940795,0.0899238993829,0.090047653029,0.0901601563436,0.0902951603212,0.0904189139673,0.0904976662875,0.0905426676133,0.090655170928,0.0905764186077,0.0907564239111,0.0906439205965,0.0907001722538,0.0908801775572,0.0910039312033,0.0913414411472,0.0914201934675,0.091555197445,0.0916564504282,0.0919377087147,0.0921852160069,0.0922189670013,0.0921289643496,0.0924664742935,0.0925339762823,0.0928827365576,0.0930964928554,0.0931864955071,0.0932539974959,0.0931414941813,0.0931977458386,0.0933552504791,0.0935015047881,0.093692760423,0.0937152610859,0.0936365087656,0.09367025976,0.093839014732,0.0939627683781,0.0941652743444,0.0940977723556,0.0942215260017,0.0940640213612,0.0941990253388,0.0942102756702,0.0941765246759,0.0943115286534,0.0943452796478,0.0943790306422,0.0943227789849,0.0944352822995,0.09459278694,0.0945815366085,0.0943452796478,0.0941990253388,0.094300278322,0.0943790306422,0.0944015313051,0.0944802836254,0.0944015313051,0.0943902809737,0.0942327763332,0.0943227789849,0.0944352822995,0.0947952929063,0.0948065432378,0.0948065432378,0.0951553035131,0.0952790571592,0.0955490651143,0.0956840690919,0.095954077047,0.0960103287043,0.0959653273785,0.0960665803616,0.0961790836763,0.0962353353336,0.096392839974,0.0964828426258,0.0966740982606,0.0969553565472,0.0971241115191,0.0969441062157,0.0972478651652,0.097169112845,0.0973266174855,0.0974053698057,0.0975853751091,0.0979566360474,0.0980241380362,0.0981591420137,0.0981703923452,0.0980916400249,0.0981141406879,0.0980578890306,0.0978778837271,0.0978216320698,0.0977428797496,0.0975178731203,0.0974278704686,0.0975291234518,0.0977203790867,0.0976528770979,0.0975178731203,0.0975966254406,0.0977878810754,0.0977541300811,0.0978328824013,0.0979003843901,0.0977203790867,0.0976528770979,0.0974841221259,0.0977203790867,0.0977653804125,0.0980916400249,0.0980353883676,0.0980803896935,0.0983616479801,0.0983278969857,0.0983953989744,0.0981928930081,0.0983728983115,0.0983728983115,0.0984066493059,0.0985529036149,0.0986429062666,0.0987891605756,0.09882291157,0.0989354148847,0.0991266705195,0.0992279235027,0.0992954254915,0.0990929195251,0.0993516771488,0.099137920851,0.099137920851,0.0990929195251,0.0992391738342,0.0992729248285,0.0992279235027,0.0991266705195,0.0990929195251,0.0989129142217,0.0989241645532,0.098845412233,0.0990141672049,0.0992166731712,0.0993404268173,0.0992729248285,0.0989016638903,0.0988679128959,0.0989804162105,0.0989241645532,0.0989129142217,0.0990591685308,0.0990029168734,0.0990591685308,0.0989804162105,0.0989579155476,0.0987779102442,0.0985191526205,0.0985979049408,0.0984966519576,0.0985529036149,0.0988116612386,0.0989016638903,0.0989354148847,0.0990029168734,0.0990929195251,0.0990591685308,0.0990479181993,0.0992616744971,0.0991829221768,0.09928417516,0.0994754307949,0.0995316824522,0.0997116877556,0.0999029433905,0.100049197699,0.100262953997,0.100442959301,0.100802969908,0.100859221565,0.101264233497,0.101500490458,