# R script for Peak Model
#  -- generated by MACS
p <- c(0.0364384552563,0.0373638763421,0.0381736197923,0.0394846329973,0.0403714948712,0.0415668304405,0.042646488374,0.043533350248,0.0445358897577,0.0455769884793,0.0468494424724,0.047890541194,0.049162995187,0.0503968899682,0.0516307847494,0.0524790874114,0.0534816269211,0.0545998440665,0.0554095875167,0.0563350086026,0.0575689033837,0.0590727126483,0.0606536403366,0.061810416694,0.0631985483228,0.0642396470444,0.0652421865541,0.0660904892161,0.0675171800569,0.0689824301095,0.0702548841026,0.0711031867646,0.0722985223339,0.0733396210555,0.0745735158367,0.07484343032,0.0751133448034,0.0750747855915,0.0760002066774,0.076154443525,0.0763086803727,0.0767328317037,0.076617154068,0.0765400356441,0.0764629172203,0.0767328317037,0.0764629172203,0.0769641869752,0.0775040159419,0.0777739304253,0.0777353712134,0.0784294370278,0.0782752001801,0.0784294370278,0.0784294370278,0.0790463844184,0.0785065554516,0.0788535883588,0.0788535883588,0.079200621266,0.0791235028422,0.0793162989018,0.0797018910209,0.0798946870804,0.0798561278685,0.0798175686566,0.0803959568353,0.0806658713187,0.0808201081663,0.0808586673782,0.0803573976234,0.0805887528948,0.0805887528948,0.0807429897425,0.0810514634378,0.0807429897425,0.080511634471,0.0803959568353,0.0805501936829,0.0803188384115,0.0798175686566,0.0802031607757,0.0803573976234,0.08008748314,0.079663331809,0.0798175686566,0.0797790094447,0.0794705357494,0.079624772597,0.0799332462923,0.0797018910209,0.0792391804779,0.0785836738754,0.0783137593921,0.0780052856968,0.077889608061,0.0774268975181,0.077889608061,0.0773112198824,0.0770027461871,0.0766557132799,0.0769641869752,0.0765014764322,0.076578594856,0.0765014764322,0.0766557132799,0.0767713909156,0.0766942724918,0.0760387658893,0.0758845290416,0.0756917329821,0.0751133448034,0.0751904632272,0.0750747855915,0.0747277526843,0.0750362263796,0.0747277526843,0.0744578382009,0.0742264829295,0.0739180092342,0.0738408908103,0.0730697065721,0.073108265784,0.0731853842078,0.0732239434198,0.0730697065721,0.073570976327,0.073570976327,0.0731853842078,0.0728769105126,0.072684114453,0.0724913183934,0.0722214039101,0.0718743710029,0.0720286078505,0.0720286078505,0.0715273380957,0.071373101248,0.070948949917,0.0710260683408,0.0711803051885,0.0714887788837,0.0716430157314,0.0712188644004,0.0709875091289,0.0712188644004,0.0716430157314,0.072259963122,0.0724913183934,0.072684114453,0.0730311473602,0.0727612328768,0.0723370815458,0.0723756407577,0.0725298776053,0.0725298776053,0.0724913183934,0.0725298776053,0.072684114453,0.0726455552411,0.0723756407577,0.0723756407577,0.072259963122,0.0724527591815,0.0718743710029,0.0718743710029,0.0726069960292,0.0724141999696,0.0724141999696,0.0721828446981,0.0726455552411,0.0725298776053,0.0730697065721,0.0728769105126,0.0728769105126,0.0725298776053,0.0723756407577,0.0727226736649,0.0727612328768,0.072684114453,0.0726455552411,0.0727997920887,0.0724913183934,0.0724141999696,0.0726069960292,0.0726069960292,0.072684114453,0.0728383513006,0.0726455552411,0.0727612328768,0.0729154697245,0.0729925881483,0.072684114453,0.0726069960292,0.0725684368173,0.0721828446981,0.0721442854862,0.0719900486386,0.0722214039101,0.0721442854862,0.0719900486386,0.0721828446981,0.0723756407577,0.0727226736649,0.0723756407577,0.0723370815458,0.0724913183934,0.0727612328768,0.0733396210555,0.0730311473602,0.0730697065721,0.072684114453,0.0727612328768,0.0729154697245,0.072684114453,0.0730311473602,0.0729154697245,0.0731853842078,0.0728769105126,0.0729154697245,0.0729540289364,0.0727997920887,0.0731468249959,0.0730311473602,0.0730311473602,0.0727997920887,0.0729154697245,0.0733010618436,0.0731468249959,0.0728769105126,0.0730697065721,0.0727226736649,0.0729925881483,0.0729540289364,0.0734938579031,0.0736095355389,0.0736480947508,0.073570976327,0.0736480947508,0.073570976327,0.0732239434198,0.073532417115,0.0729925881483,0.0729925881483,0.073108265784,0.0733396210555,0.073108265784,0.0729540289364,0.0729540289364,0.0733781802674,0.0737637723865,0.0740336868699,0.074419278989,0.0748819895319,0.0749591079558,0.0748048711081,0.0755374961344,0.0751519040153,0.0752675816511,0.0753832592868,0.0754989369225,0.0756146145583,0.0756531737702,0.0754989369225,0.0754603777106,0.0756917329821,0.0756917329821,0.0754603777106,0.0755760553464,0.0757688514059,0.0763086803727,0.0762701211608,0.0763086803727,0.0761930027369,0.0764243580084,0.0766557132799,0.0766557132799,0.0769641869752,0.0769256277632,0.0771184238228,0.0774268975181,0.0775040159419,0.0780052856968,0.0777739304253,0.0786222330874,0.0783137593921,0.0785836738754,0.0778510488491,0.0777353712134,0.0779667264849,0.078352318604,0.0786222330874,0.0784294370278,0.0788150291469,0.0789692659946,0.0795862133851,0.0798175686566,0.0795862133851,0.0798175686566,0.0801646015638,0.0803573976234,0.0810900226497,0.0809743450139,0.0810514634378,0.0810900226497,0.0816298516164,0.0814756147688,0.0816298516164,0.0821696805832,0.0828637463976,0.0832107793048,0.083133660881,0.0838277266954,0.0841362003907,0.083981963543,0.0844832332979,0.0848302662051,0.0845603517217,0.0848302662051,0.0847917069932,0.0844061148741,0.0843289964502,0.0843289964502,0.0841747596026,0.0845603517217,0.0842904372383,0.0843675556622,0.0845603517217,0.0850230622646,0.0853315359599,0.0854086543838,0.0856014504433,0.0858328057148,0.0865654307411,0.0867967860126,0.0868353452245,0.0872594965555,0.0876450886746,0.0878764439461,0.0878764439461,0.0876450886746,0.0877222070984,0.0879921215818,0.0881077992176,0.0883005952771,0.0882620360652,0.0886861873962,0.088339154489,0.0882234768533,0.0886476281843,0.0891103387273,0.0891103387273,0.0890332203034,0.089650167694,0.0894959308464,0.0899972006012,0.0897272861178,0.0899586413893,0.090537029568,0.0905755887799,0.0904599111442,0.0904213519322,0.0907683848394,0.0907298256275,0.0906912664156,0.0901899966608,0.0904213519322,0.0908840624752,0.0908069440514,0.0904984703561,0.090961180899,0.0906141479918,0.0915010098658,0.0916166875015,0.0916166875015,0.0916552467134,0.0919637204087,0.0916166875015,0.0913082138062,0.0912310953824,0.0912696545943,0.09138533223,0.0916166875015,0.0919637204087,0.0925035493755,0.0921179572563,0.0925421085874,0.0927734638588,0.0926577862231,0.0925421085874,0.0929277007065,0.0931976151899,0.0932747336137,0.0932361744018,0.0931976151899,0.0933518520375,0.093159055978,0.0930819375541,0.0926192270112,0.0926192270112,0.0925035493755,0.0930048191303,0.0933518520375,0.0928505822827,0.0929277007065,0.0932361744018,0.0926577862231,0.0925806677993,0.092696345435,0.0930433783422,0.093583207309,0.0936603257328,0.0935060888852,0.0933904112494,0.0937374441566,0.0939687994281,0.0938145625804,0.0938916810043,0.0941615954876,0.0937760033685,0.093159055978,0.0935060888852,0.0934289704613,0.0931976151899,0.0927349046469,0.0921950756802,0.092272194104,0.0923107533159,0.0918094835611,0.091848042773,0.0916552467134,0.0924649901635,0.0921565164683,0.0923107533159,0.0926192270112,0.0935060888852,0.0933904112494,0.0935060888852,0.0935060888852,0.0939687994281,0.093583207309,0.0936988849447,0.093583207309,0.0932361744018,0.0937760033685,0.0931976151899,0.0930048191303,0.0934675296732,0.0936217665209,0.093583207309,0.093583207309,0.0938916810043,0.093583207309,0.0936603257328,0.0933904112494,0.0937760033685,0.0933518520375,0.0935446480971,0.0935446480971,0.0939302402162,0.0941230362757,0.0938531217924,0.093583207309,0.0938531217924,0.0937374441566,0.0940459178519,0.0941615954876,0.0942772731234,0.0944700691829,0.0945857468187,0.0947785428782,0.0943158323353,0.0943543915472,0.0948556613021,0.0945857468187,0.0943158323353,0.0948556613021,0.0949713389378,0.0952412534212,0.0953569310569,0.0951641349973,0.094894220514,0.0950870165735,0.0956654047522,0.0953569310569,0.0952798126331,0.0952412534212,0.0955111679045,0.0957039639641,0.0960509968713,0.0967450626857,0.09662938505,0.0969378587453,0.0971306548048,0.0980175166788,0.0984031087979,0.0987501417051,0.0991357338242,0.0999454772744,0.100408187817,