# R script for Peak Model
#  -- generated by MACS
p <- c(0.0208821374197,0.0214516502584,0.0229703511616,0.0244890520649,0.0250585649036,0.0254382401294,0.0271467786455,0.028285804323,0.0288553171617,0.0298045052262,0.0305638556779,0.0309435309037,0.0315130437424,0.0320825565811,0.0332215822585,0.0345504455489,0.0347402831618,0.0353097960005,0.036258984065,0.0368284969037,0.0375878473554,0.0392963858715,0.0398658987102,0.0411947620006,0.042333787678,0.0429033005167,0.042333787678,0.0417642748393,0.0419541124522,0.0417642748393,0.0402455739361,0.0394862234844,0.0391065482586,0.0398658987102,0.0394862234844,0.0398658987102,0.0402455739361,0.0402455739361,0.0410049243877,0.0400557363231,0.0406252491619,0.0406252491619,0.0398658987102,0.0402455739361,0.0398658987102,0.0402455739361,0.0396760610973,0.0402455739361,0.0406252491619,0.0400557363231,0.0398658987102,0.0402455739361,0.0396760610973,0.0391065482586,0.0392963858715,0.0392963858715,0.0379675225812,0.0375878473554,0.0373980097425,0.0370183345167,0.0370183345167,0.0372081721296,0.0372081721296,0.0375878473554,0.0373980097425,0.0375878473554,0.0375878473554,0.038347197807,0.0377776849683,0.0375878473554,0.0370183345167,0.036258984065,0.0366386592908,0.0364488216779,0.0360691464521,0.0354996336134,0.036258984065,0.0372081721296,0.0372081721296,0.0366386592908,0.0379675225812,0.0379675225812,0.0379675225812,0.0377776849683,0.0385370354199,0.0375878473554,0.0377776849683,0.0381573601941,0.0373980097425,0.0381573601941,0.038347197807,0.038347197807,0.0381573601941,0.0381573601941,0.0385370354199,0.038347197807,0.0387268730328,0.0389167106457,0.0385370354199,0.0387268730328,0.0381573601941,0.0381573601941,0.0379675225812,0.038347197807,0.038347197807,0.0389167106457,0.0394862234844,0.0402455739361,0.0408150867748,0.0411947620006,0.0415744372264,0.0419541124522,0.0419541124522,0.0417642748393,0.0415744372264,0.0408150867748,0.0419541124522,0.0410049243877,0.0417642748393,0.0417642748393,0.0429033005167,0.0430931381296,0.0434728133555,0.0427134629038,0.0429033005167,0.0429033005167,0.0425236252909,0.0419541124522,0.042333787678,0.0427134629038,0.042333787678,0.0432829757425,0.0438524885813,0.0432829757425,0.0429033005167,0.0429033005167,0.0434728133555,0.0434728133555,0.04442200142,0.04442200142,0.0440423261942,0.04442200142,0.0446118390329,0.0449915142587,0.0453711894845,0.0459407023232,0.0459407023232,0.0455610270974,0.0459407023232,0.0461305399361,0.0478390784523,0.0470797280007,0.0476492408394,0.0476492408394,0.0478390784523,0.0480289160652,0.0474594032265,0.0467000527749,0.046320377549,0.0461305399361,0.0457508647103,0.0457508647103,0.046320377549,0.046320377549,0.0459407023232,0.0455610270974,0.04442200142,0.04442200142,0.04442200142,0.0448016766458,0.0446118390329,0.0448016766458,0.04442200142,0.0448016766458,0.0442321638071,0.04442200142,0.0449915142587,0.0457508647103,0.0459407023232,0.0457508647103,0.0467000527749,0.0461305399361,0.0457508647103,0.0459407023232,0.0461305399361,0.046320377549,0.0457508647103,0.0455610270974,0.0448016766458,0.0449915142587,0.0446118390329,0.04442200142,0.0446118390329,0.0448016766458,0.0451813518716,0.0448016766458,0.0448016766458,0.0455610270974,0.0455610270974,0.0449915142587,0.0446118390329,0.0455610270974,0.0455610270974,0.0453711894845,0.0451813518716,0.04442200142,0.0451813518716,0.0451813518716,0.0461305399361,0.0468898903878,0.0470797280007,0.0470797280007,0.0468898903878,0.0474594032265,0.0476492408394,0.0485984289039,0.0497374545814,0.0506866426459,0.050496805033,0.0508764802588,0.0503069674201,0.0497374545814,0.0491679417426,0.0499272921943,0.050496805033,0.0508764802588,0.0501171298072,0.0497374545814,0.0495476169684,0.0499272921943,0.048408591291,0.0482187536781,0.0485984289039,0.0491679417426,0.0489781041297,0.0497374545814,0.0497374545814,0.0493577793555,0.0487882665168,0.0480289160652,0.0485984289039,0.048408591291,0.048408591291,0.0485984289039,0.0487882665168,0.0489781041297,0.0489781041297,0.0489781041297,0.0491679417426,0.0497374545814,0.0491679417426,0.0491679417426,0.0487882665168,0.0487882665168,0.0491679417426,0.0495476169684,0.0493577793555,0.0495476169684,0.0489781041297,0.0485984289039,0.0489781041297,0.0497374545814,0.0501171298072,0.0489781041297,0.0501171298072,0.0499272921943,0.0499272921943,0.0510663178717,0.0518256683233,0.0516358307104,0.052395181162,0.0542935572911,0.0554325829685,0.0556224205814,0.0560020958072,0.056571608646,0.0579004719363,0.0575207967105,0.0577106343234,0.0577106343234,0.0592293352266,0.0596090104525,0.0597988480654,0.0607480361299,0.0611277113557,0.0607480361299,0.0613175489686,0.0641651131622,0.0651143012267,0.0670126773558,0.0673923525816,0.0675821901945,0.0683415406461,0.0694805663236,0.0683415406461,0.0696704039365,0.0702399167752,0.0702399167752,0.0709992672268,0.0708094296139,0.0711891048397,0.0713789424526,0.0719484552913,0.0728976433559,0.0734671561946,0.0744163442591,0.0749858570978,0.0755553699366,0.0772639084527,0.0782130965172,0.0782130965172,0.0789724469689,0.0785927717431,0.0804911478721,0.0810606607108,0.0816301735495,0.0820098487754,0.0814403359366,0.0812504983237,0.0821996863883,0.0831488744528,0.0818200111625,0.0812504983237,0.0814403359366,0.082769199227,0.0839082249044,0.0829590368399,0.0837183872915,0.0842879001302,0.0837183872915,0.0839082249044,0.0848574129689,0.0859964386464,0.0871354643238,0.0880846523883,0.08884400284,0.0894135156787,0.0880846523883,0.08884400284,0.0873253019367,0.0873253019367,0.0880846523883,0.08884400284,0.08884400284,0.0899830285174,0.0897931909045,0.0901728661303,0.0920712422594,0.0920712422594,0.0930204303239,0.0935899431626,0.0945391312271,0.0956781569046,0.0952984816788,0.0954883192917,0.0956781569046,0.0958679945175,0.0956781569046,0.0945391312271,0.0945391312271,0.0945391312271,0.0943492936142,0.0960578321304,0.0964375073562,0.0952984816788,0.0962476697433,0.0964375073562,0.0962476697433,0.0977663706465,0.0981460458724,0.0979562082595,0.0990952339369,0.0996647467756,0.0998545843885,0.100044422001,0.0994749091627,0.101373285292,0.10194279813,0.102891986195,0.104600524711,0.10517003755,0.105359875163,0.105929388002,0.104410687098,0.106688738453,0.107258251292,0.107637926518,0.108207439356,0.108587114582,0.109346465034,0.111434678776,0.113333054905,0.114092405356,0.114282242969,0.114851755808,0.115041593421,0.115041593421,0.113902567744,0.115041593421,0.116370456711,0.118078995227,0.11826883284,0.11826883284,0.118838345679,0.120167208969,0.119977371357,0.12149607226,0.123204610776,0.123774123615,0.123584286002,0.124533474066,0.125482662131,0.125102986905,0.125862337357,0.129279414389,0.128899739163,0.129848927228,0.131177790518,0.130798115292,0.131177790518,0.132316816195,0.132126978583,0.134025354712,0.134215192324,0.134784705163,0.134974542776,0.133455841873,0.134784705163,0.134974542776,0.136303406066,0.135354218002,0.135733893228,0.136872918905,0.138011944583,0.136683081292,0.136683081292,0.135544055615,0.135733893228,0.136113568454,0.138011944583,0.137442431744,0.138201782196,0.136872918905,0.137252594131,0.137062756518,0.136872918905,0.139340807873,0.139340807873,0.139720483099,0.139340807873,0.138581457421,0.138391619808,0.138961132647,0.142188372067,0.142188372067,0.142568047292,0.142188372067,0.141618859228,0.143137560131,0.143896910583,0.145795286712,0.147503825228,0.149402201357,0.150161551809,0.148832688518,0.149212363744,0.151300577486,0.152629440776,0.152629440776,0.152249765551,0.152059927938,0.153768466454,0.155097329744,0.155856680196,0.156046517809,0.156426193034,0.158894082002,0.157944893938,0.158514406776,0.160222945293,0.162880671873,0.164019697551,0.162500996647,0.165348560841,0.166867261744,0.169904663551,0.172752227744,0.175220116712,0.176169304777,0.177308330454,0.178447356132,0.178827031357,0.181864433164,0.183003458841,0.186420535874,0.188698587228,0.18812907439,0.191546151422,0.193444527551,0.19534290368,0.197241279809,0.199329493551,0.201987220132,0.200658356842,0.201417707293,0.205024621938,0.208821374197,0.211479100777,