# R script for Peak Model
#  -- generated by MACS
p <- c(0.0113200216711,0.0116461128303,0.0122051262462,0.0126243863081,0.0131368152726,0.0136492442372,0.0138355820424,0.0148604399715,0.0152797000334,0.0159784668032,0.016677233573,0.0169101558296,0.0174691692455,0.0183076893693,0.0186803649799,0.0193325472984,0.0199381451655,0.0204505741301,0.020869834192,0.0211493408999,0.0213822631565,0.0215686009618,0.0217083543157,0.0215220165105,0.0216617698644,0.0215686009618,0.0216617698644,0.0219878610237,0.0221276143776,0.022174198829,0.0221276143776,0.0219412765724,0.0222673677316,0.0222207832803,0.0225934588909,0.0230127189527,0.0231524723067,0.0229195500501,0.0227332122448,0.0227332122448,0.0226866277935,0.0231524723067,0.0229195500501,0.023199056758,0.023478563466,0.0233853945633,0.0236649012712,0.0229195500501,0.023199056758,0.0228729655988,0.0228263811475,0.0232922256607,0.023478563466,0.0231524723067,0.0231524723067,0.0227797966961,0.0225468744395,0.0226400433422,0.0228263811475,0.0228729655988,0.0227332122448,0.0230127189527,0.0230593034041,0.0228263811475,0.0227797966961,0.0225934588909,0.0226400433422,0.0222207832803,0.0219878610237,0.0217549387671,0.0222207832803,0.0221276143776,0.0218015232184,0.0217083543157,0.0213822631565,0.0213356787052,0.0213822631565,0.0215220165105,0.0218015232184,0.0216151854131,0.0217083543157,0.0215220165105,0.0215220165105,0.0211959253512,0.020869834192,0.0210561719972,0.0212425098025,0.0215220165105,0.0214288476078,0.0216151854131,0.0215220165105,0.0215220165105,0.0211027564486,0.020869834192,0.0210095875459,0.0213822631565,0.0215686009618,0.0219412765724,0.022034445475,0.0222207832803,0.0222207832803,0.022034445475,0.022174198829,0.0225002899882,0.0225002899882,0.0230127189527,0.0232456412094,0.0234319790146,0.0237114857226,0.0241773302358,0.0237580701739,0.0238512390765,0.0240375768818,0.0241773302358,0.0245965902977,0.0244102524924,0.0242704991384,0.0243170835897,0.0243636680411,0.0245500058463,0.0244102524924,0.0241773302358,0.024503421395,0.024643174749,0.0249692659082,0.0251556037135,0.0249226814569,0.0249226814569,0.0251090192622,0.0253419415188,0.0254351104215,0.0250624348109,0.0252953570675,0.0254816948728,0.0256214482267,0.0257146171294,0.02608729274,0.0256680326781,0.0255282793241,0.0260407082886,0.02608729274,0.02608729274,0.025947539386,0.0260407082886,0.0262270460939,0.0259009549347,0.0258543704833,0.0257146171294,0.0256680326781,0.0252021881648,0.0246897592003,0.024782928103,0.024782928103,0.024782928103,0.0247363436516,0.0250624348109,0.0252487726162,0.0251556037135,0.0251556037135,0.0250158503596,0.0252487726162,0.0253885259701,0.0256680326781,0.0260407082886,0.0263667994479,0.0265065528018,0.0267394750585,0.0267860595098,0.027112150669,0.0272984884743,0.0270655662177,0.0277177485362,0.0279040863415,0.0279040863415,0.0280904241468,0.0283699308547,0.0279506707928,0.0280438396954,0.0282767619521,0.0277177485362,0.0279040863415,0.0280904241468,0.0280438396954,0.0280904241468,0.0278575018902,0.028416515306,0.0279040863415,0.0285096842087,0.0286028531113,0.0288823598192,0.0294879576864,0.029720879943,0.029720879943,0.0301867244562,0.0302333089076,0.029720879943,0.0296742954917,0.0297674643943,0.029860633297,0.0301401400049,0.0298140488457,0.0303264778102,0.0302333089076,0.0302798933589,0.029720879943,0.0297674643943,0.0296742954917,0.0298140488457,0.0293482043324,0.0296742954917,0.0301401400049,0.0297674643943,0.0301867244562,0.0308389067747,0.0308389067747,0.0305128156155,0.0305594000668,0.03102524458,0.0308854912261,0.0310718290313,0.0312115823853,0.0310718290313,0.0314445046419,0.0314910890932,0.0318171802525,0.0316308424472,0.0322364403144,0.0321432714117,0.0320501025091,0.032329609217,0.0326091159249,0.0328420381815,0.0332147137921,0.0329352070842,0.0330749604382,0.0335873894027,0.0340066494646,0.0339600650133,0.0346122473318,0.034938338491,0.0358234430661,0.0356371052608,0.0354041830042,0.0354041830042,0.0357302741635,0.0356836897122,0.0359166119688,0.0361495342254,0.036382456482,0.0361961186767,0.0364290409333,0.0366619631899,0.036242703128,0.036242703128,0.0367551320925,0.0368017165439,0.0373141455084,0.0373141455084,0.0375004833137,0.0381060811809,0.0381992500835,0.0390377702073,0.0390843546586,0.0393638613665,0.0392706924639,0.0395967836231,0.040016043685,0.040295550393,0.0407148104549,0.0411340705167,0.0410874860654,0.041460161676,0.0418794217379,0.042624772959,0.0430906174722,0.0432769552775,0.0435098775341,0.0443018132066,0.0439757220473,0.0435098775341,0.042904279667,0.0431837863749,0.0435564619855,0.0437427997907,0.0441620598526,0.0447676577198,0.0453266711357,0.0455595933923,0.0459788534542,0.0463981135161,0.0465844513213,0.0471434647372,0.0477024781531,0.0480751537636,0.0484012449229,0.0487739205334,0.0491931805953,0.0494726873033,0.0501248696218,0.0503577918784,0.0506372985863,0.050590714135,0.0509168052942,0.0512894809048,0.0523609232852,0.0528733522497,0.053199443409,0.0537118723735,0.0537584568248,0.0535721190195,0.0541311324354,0.0540845479841,0.054364054692,0.0546435613999,0.0548298992052,0.0554820815237,0.0560410949396,0.0564137705501,0.0573920440279,0.058277148603,0.0593485909834,0.0597678510453,0.0606995400717,0.0616312290981,0.0621436580627,0.0624231647706,0.0628890092838,0.0636809449563,0.0639138672129,0.0640070361155,0.0643331272748,0.0653579852038,0.0663362586816,0.0665691809382,0.0668486876461,0.0678269611239,0.0681064678318,0.0689449879556,0.0695505858228,0.0701095992386,0.0708549504598,0.071181041619,0.0717866394862,0.0727649129639,0.0730444196719,0.0731841730258,0.0740692776009,0.0746748754681,0.0757463178485,0.076538253521,0.0768177602289,0.0782618782199,0.0789606449897,0.0792867361489,0.080311594078,0.0810103608478,0.081615958715,0.0821749721309,0.0822681410335,0.0831532456086,0.0839451812811,0.0849700392101,0.0856222215286,0.0855756370773,0.0861346504932,0.0869265861656,0.0876253529354,0.0888365486698,0.09060675782,0.091911122457,0.09307573374,0.0936347471559,0.0948459428903,0.0965695675891,0.0968490742971,0.097268334359,0.0980136855801,0.099597556925,0.100296323695,0.101693857234,0.102718715164,0.104116248703,0.105793288951,0.106212549013,0.106771562429,0.108448602676,0.109706382862,0.111010747499,0.112361696587,0.113572892321,0.114830672507,0.116274790498,0.118044999648,0.120327637763,0.121771755754,0.123868056063,0.126243863081,0.127687981072,0.129597943576,0.131601074983,0.13360420639,0.134815402124,0.137237793593,0.14031236738,0.143247187813,0.145669579282,0.148511230812,0.150700700025,0.151632389051,0.153402598201,0.155638651865,0.158433718944,0.159877836935,0.16146170828,0.165188464385,0.166865504633,0.169800325066,0.171803456473,0.174691692455,0.177300421729,0.180421579968,0.182471295826,0.184008582719,0.186058298577,0.189552132427,0.191508679382,0.193977655302,0.196493215673,0.199707542815,0.202456025443,0.205810105938,0.208465419663,0.21046855107,0.213077280344,0.215732594069,0.217595972122,0.220297870299,0.222720261767,0.225422159944,0.227797966961,0.230453280687,0.233900530084,0.235391232527,0.237813623995,0.240049677659,0.242285731322,0.243217420349,0.245406889561,0.249273399021,0.252487726162,0.256540573427,0.258124444772,0.261292187461,0.264366761249,0.266276723753,0.270376155469,0.272379286876,0.276152627433,0.279366954574,0.281556423786,0.284118568609,0.288078246971,0.291525496369,0.29543859028,0.298559748518,0.301727491208,0.305174740606,0.309600263482,0.312768006172,0.315236982092,0.317752542463,0.321246376312,0.324460703453,0.327348939435,0.33000425316,0.334150269328,0.337690687628,0.342209379407,0.345749797707,0.349243631556,0.353063556564,0.355579116936,0.359538795298,0.363172382501,0.365874280678,0.368809101111,0.373886806305,0.377147717898,0.37901109595,0.381945916384,0.383529787729,0.386930452675,0.38851432402,0.391029884391,0.393638613665,0.396852940807,0.40016043685,0.40048652801,0.401977230452,0.403794024053,0.404166699664,0.405890324363,0.407334442354,0.40859222254,0.409058067053,0.411806549681,0.412365563097,0.412412147548,