# R script for Peak Model
#  -- generated by MACS
p <- c(0.0301336971268,0.0313292782925,0.0325753769722,0.0337625385522,0.0350170568176,0.036221057569,0.0374250583204,0.0385532828007,0.0398246402374,0.040944445132,0.0422326417401,0.0435039991769,0.0446069649002,0.0456509935237,0.0468802530321,0.0480253166838,0.0492545761922,0.0505175140432,0.0516794168662,0.052925515546,0.054087418369,0.0551988036779,0.0564196436006,0.0574805113955,0.0585666379475,0.0586424142185,0.0587434492466,0.0589791976455,0.0590886522592,0.0591054914306,0.0591307501876,0.0589286801314,0.0588023863463,0.058785547175,0.058810805932,0.0589118409601,0.058810805932,0.0588865822031,0.0589623584741,0.0590465543309,0.0591812677017,0.0591560089446,0.0592654635584,0.0593328202438,0.05922336563,0.0594254356862,0.0594759532002,0.0595685686427,0.0594506944432,0.0593917573435,0.0594759532002,0.059560149057,0.0595264707143,0.0595096315429,0.0594338552719,0.0593580790008,0.0593580790008,0.059198106873,0.0589286801314,0.0589539388885,0.0589118409601,0.0587266100753,0.0587518688323,0.058785547175,0.0586845121469,0.0585077008477,0.0584992812621,0.0584571833337,0.058372987477,0.0582887916202,0.0584403441624,0.0583224699629,0.0583393091343,0.058372987477,0.0585666379475,0.0584992812621,0.0585161204334,0.058398246234,0.0584571833337,0.0585245400191,0.0586171554615,0.0587013513182,0.0589118409601,0.0591054914306,0.059172848116,0.0591307501876,0.0590381347452,0.0591560089446,0.0591812677017,0.059248624387,0.05922336563,0.0592317852157,0.0590802326736,0.0591560089446,0.0592738831441,0.0592149460443,0.05922336563,0.059147589359,0.0592907223154,0.0593328202438,0.0592317852157,0.0591812677017,0.0592402048014,0.0591896872873,0.0590718130879,0.0591139110163,0.0589202605458,0.0590970718449,0.0592907223154,0.0594001769292,0.0593496594151,0.0595769882283,0.0595517294713,0.0595769882283,0.0596780232564,0.0599137716553,0.0599137716553,0.0599306108266,0.0599895479263,0.059997967512,0.0597369603561,0.0599053520696,0.0598211562129,0.0598295757985,0.0597537995275,0.059947449998,0.0597285407705,0.0597369603561,0.0595517294713,0.0593749181722,0.0592065264587,0.059198106873,0.0592065264587,0.0589960368168,0.0587687080036,0.0587939667607,0.0587771275893,0.0585245400191,0.0583561483056,0.0582130153492,0.0580698823927,0.0580698823927,0.0580277844643,0.0579183298506,0.0576404835233,0.0574552526385,0.0574131547101,0.0573037000964,0.0571016300402,0.0570511125262,0.0570258537691,0.0567564270276,0.0566722311708,0.0566974899279,0.0570005950121,0.0567816857846,0.0569248187411,0.0568658816413,0.0567732661989,0.0565711961428,0.0564785807003,0.0561923147874,0.0562344127158,0.0562849302298,0.0561670560304,0.0560407622453,0.0559986643169,0.0559144684602,0.0558386921891,0.0559313076315,0.0560323426596,0.0561165385164,0.0562175735444,0.0562259931301,0.0563017694012,0.0563354477439,0.0564449023576,0.0565964548998,0.0567564270276,0.0569248187411,0.0571268887972,0.0572279238253,0.057261602168,0.0572447629967,0.0574468330528,0.0576573226947,0.057623644352,0.0577920360655,0.0578678123365,0.0578425535795,0.0579604277789,0.0580698823927,0.0581203999067,0.058086721564,0.0583393091343,0.0584571833337,0.0586508338042,0.0588023863463,0.0590212955738,0.05922336563,0.0591812677017,0.059610666571,0.059635925328,0.0597369603561,0.0595264707143,0.0596696036707,0.0597706386988,0.0599558695836,0.0601579396398,0.0602505550822,0.0605368209951,0.0608988631791,0.0610588353069,0.0611009332353,0.0612356466061,0.0613451012198,0.0614545558336,0.0615134929333,0.0615976887901,0.0617071434038,0.0618418567746,0.0619176330457,0.0618334371889,0.0619849897311,0.0619513113884,0.061883954703,0.0618502763603,0.0617155629895,0.0617745000892,0.0617239825752,0.0615892692044,0.061496653762,0.061547171276,0.0616903042325,0.0614798145906,0.0612188074347,0.0614292970766,0.0613619403912,0.0615892692044,0.0617576609179,0.061883954703,0.0618671155316,0.0621533814445,0.0622628360583,0.0622038989586,0.0622291577156,0.0622038989586,0.0621028639305,0.0622123185442,0.0621870597872,0.0622796752296,0.062321773158,0.0623807102577,0.0622459968869,0.0622375773013,0.0622628360583,0.0622628360583,0.0622207381299,0.0621786402016,0.0624480669431,0.0623638710864,0.0623722906721,0.0623891298434,0.0627006545133,0.0627932699557,0.0630205987689,0.0631384729684,0.0633489626102,0.0636520676945,0.0636520676945,0.0637867810653,0.0637278439655,0.0640646273925,0.0643845716481,0.0645866417043,0.064645578804,0.0650244601593,0.0652349498012,0.0652096910441,0.0655296352998,0.0658411599697,0.0661779433966,0.0664052722098,0.066556824752,0.0669778040357,0.0674661400047,0.0678281821887,0.0681397068587,0.0684512315286,0.0687964345412,0.0690658612828,0.0695710364232,0.0699330786072,0.0702277641058,0.0705898062898,0.0710697226732,0.0714654431998,0.0719706183403,0.0723326605242,0.0727957377363,0.073267234534,0.073578759204,0.074041836416,0.074765920784,0.0753637113668,0.0759867607067,0.0764329987474,0.0768960759595,0.0774349294426,0.0778811674833,0.0782011117389,0.0784789580662,0.0787904827361,0.0791777836771,0.0797587350886,0.0803228473287,0.0806933090984,0.0811648058961,0.0816194635225,0.0819478273638,0.0824361633329,0.0830255343301,0.0833454785857,0.0836485836699,0.0841537588104,0.0847094514648,0.0850967524058,0.085736640917,0.086435466528,0.0867638303693,0.0871595508959,0.0875636910083,0.088009929049,0.0887929505167,0.0893318039998,0.0897275245265,0.0900474687821,0.090721035636,0.0912093716051,0.0916135117174,0.0921944631289,0.0925396661415,0.0928006732974,0.0935500164224,0.0940804503199,0.0944677512609,0.0950402830867,0.0954865211274,0.0957138499406,0.0959832766822,0.0964210951372,0.0968504940066,0.0973893474897,0.0974482845894,0.0976756134026,0.0980713339293,0.0984670544559,0.0986943832691,0.0989385512537,0.0992163975809,0.099654216036,0.100007838634,0.10058037046,0.100841377616,0.101077126015,0.101102384772,0.101523364056,0.101834888725,0.10213799381,0.102794721492,0.103198861605,0.103670358402,0.104217631471,0.104630191169,0.104966974596,0.105455310565,0.105909968192,0.106272010376,0.106701409245,0.107181325628,0.107795955383,0.108259032595,0.108915760277,0.109218865361,0.109488292103,0.109833495116,0.110414446527,0.11064177534,0.111020656696,0.111424796808,0.111795258578,0.112039426562,0.112485664603,0.112780350102,0.113369721099,0.113672826183,0.114076966295,0.114615819778,0.115398841246,0.116114506028,0.116493387384,0.116939625424,0.117242730509,0.117714227306,0.118471990017,0.119002423915,0.11963389284,0.120299040108,0.121082061576,0.121620915059,0.122336579841,0.123229055923,0.123666874378,0.12432360206,0.124845616372,0.125519183226,0.126175910909,0.126596890192,0.127001030305,0.127354652903,0.127809310529,0.128188191885,0.128524975312,0.128895437081,0.129307996779,0.129703717306,0.130082598661,0.130394123331,0.130764585101,0.131151886042,0.131572865326,0.132035942538,0.132078040466,0.132355886793,0.132953677376,0.133543048373,0.133745118429,0.134410265698,0.134637594511,0.13506699338,0.135412196393,0.136018406561,0.136489903359,0.136767749686,0.137020337257,0.137542351568,0.137862295824,0.138224338008,0.138392729721,0.138678995634,0.138956841962,0.139302044974,0.139697765501,0.140278716912,0.140724954953,0.141036479623,0.141230130094,0.14162585062,0.141979473219,0.142585683387,0.142855110129,0.142897208057,0.143191893556,0.143629712011,0.143941236681,0.144437992235,0.144631642706,0.145153657018,0.145709349672,0.146079811442,0.14643343404,0.146896511252,0.147258553436,0.147443784321,0.147805826505,0.148159449103,0.148193127446,0.148311001645,0.148698302586,0.149195058141,0.149397128197,0.149691813696,0.150154890908,0.150205408422,0.150289604279,0.150399058892,0.150702163977,0.150651646463,0.150820038176,0.150895814447,0.151089464918,0.151190499946,0.151367311245,0.151636737986,0.151821968871,0.152015619342,0.152108234784,0.152108234784,0.152234528569,0.152318724426,0.15262182951,0.152798640809,0.152916515009,0.153177522165,0.153068067551,0.153009130451,0.153219620093,0.153480627249,0.153564823106,