# R script for Peak Model
#  -- generated by MACS
p <- c(0.0104119758546,0.010672275251,0.0108747303371,0.0112796405092,0.0115977842158,0.0118580836122,0.0120316165431,0.0123208380946,0.0124943710256,0.0128414368874,0.0130149698183,0.0133909578353,0.0137091015419,0.0138247901625,0.0140561674037,0.0143164668001,0.0145189218862,0.0146056883516,0.0148949099031,0.0150395206789,0.0152998200753,0.0155601194716,0.015820418868,0.0160807182644,0.0163120955056,0.0166591613674,0.0170062272292,0.0172954487807,0.0175557481771,0.0177582032632,0.0179028140389,0.0182788020559,0.018481257142,0.0187704786935,0.0189729337795,0.0192043110208,0.019435688262,0.0193778439517,0.0192043110208,0.0192621553311,0.0191753888656,0.0190018559347,0.0190307780898,0.0189440116244,0.0189150894692,0.0189150894692,0.0190307780898,0.0189150894692,0.0189150894692,0.0190307780898,0.0191464667105,0.0191464667105,0.0190886224002,0.0191753888656,0.0192621553311,0.0192043110208,0.0192621553311,0.0190886224002,0.0190307780898,0.0188283230038,0.0188283230038,0.0185391014523,0.018481257142,0.018481257142,0.018481257142,0.0185391014523,0.0185680236074,0.0186547900729,0.0185969457626,0.0184523349868,0.0183366463662,0.0183077242111,0.018481257142,0.0184523349868,0.0184234128317,0.0184523349868,0.0185391014523,0.0185101792971,0.0184523349868,0.0185391014523,0.0188572451589,0.0189440116244,0.019059700245,0.0188861673141,0.0191464667105,0.0191753888656,0.019059700245,0.0191753888656,0.0192043110208,0.0192910774862,0.0193199996414,0.0196092211929,0.0195802990377,0.0197249098135,0.0197249098135,0.0195802990377,0.0194646104171,0.0194067661068,0.019435688262,0.0193778439517,0.0192910774862,0.0192043110208,0.0193199996414,0.0193778439517,0.0195224547274,0.019435688262,0.0195802990377,0.0194067661068,0.0194646104171,0.0195513768826,0.0196092211929,0.0196959876583,0.0198405984341,0.0197827541238,0.0197538319686,0.0198116762789,0.0197249098135,0.0198984427444,0.0200430535202,0.0199273648996,0.020014131365,0.0199562870547,0.0200719756753,0.0198695205892,0.0199273648996,0.0197827541238,0.0198116762789,0.0196670655032,0.0197827541238,0.0197538319686,0.0198405984341,0.0201876642959,0.0204190415371,0.0206504187783,0.0207082630886,0.0207950295541,0.0208528738644,0.0208239517093,0.0208239517093,0.020968562485,0.020968562485,0.0208239517093,0.0209396403299,0.0210264067953,0.020968562485,0.0210842511056,0.0212288618814,0.0212867061917,0.0212577840365,0.0212867061917,0.0212867061917,0.0212577840365,0.0212288618814,0.0210842511056,0.0209107181747,0.0207950295541,0.0207371852438,0.0210264067953,0.0208817960196,0.0207371852438,0.0207950295541,0.0208239517093,0.0208239517093,0.020766107399,0.020766107399,0.0206793409335,0.0207950295541,0.0208528738644,0.0211131732608,0.0212288618814,0.0213734726571,0.0215759277432,0.0215180834329,0.0214602391226,0.021547005588,0.0216048498984,0.0214891612777,0.0215180834329,0.0216626942087,0.0218940714499,0.0220097600705,0.0223568259323,0.0225303588632,0.0225014367081,0.0224146702426,0.0223568259323,0.0225303588632,0.022674969639,0.0229063468802,0.0230798798111,0.0231377241214,0.0231377241214,0.023253412742,0.0232244905869,0.0233401792075,0.0233980235178,0.0234847899832,0.0237450893796,0.0237450893796,0.0240053887759,0.0241210773966,0.0243235324826,0.0241499995517,0.0241789217069,0.0242946103275,0.0243813767929,0.0243813767929,0.0243813767929,0.0244102989481,0.0246705983444,0.0249308977408,0.0249887420511,0.025162274982,0.0250755085166,0.0253936522232,0.0255671851541,0.0256539516196,0.0257696402402,0.0258564067057,0.0260299396366,0.0260010174814,0.0260010174814,0.0262902390329,0.0262902390329,0.0263480833432,0.0264637719638,0.0265216162741,0.0266662270499,0.0267240713602,0.0266662270499,0.0271000593772,0.027071137222,0.0273603587736,0.0274760473942,0.0279388018766,0.0283147898936,0.0284883228245,0.0288064665311,0.0292981431687,0.0296741311857,0.0297608976511,0.0300501192027,0.0302814964439,0.0303971850645,0.0304839515299,0.0305417958402,0.0308888617021,0.0311491610984,0.0312937718742,0.0316986820463,0.0318722149772,0.0319879035978,0.032219280839,0.0324506580803,0.0325374245457,0.0326241910112,0.032971256873,0.0332026341142,0.0337521550621,0.0341859873894,0.0345908975615,0.0347644304924,0.0352271849748,0.0353139514403,0.0355453286815,0.0358056280779,0.0358634723882,0.0362973047154,0.0365286819567,0.0368179035082,0.03716496937,0.0374831130767,0.0380615561797,0.0384375441967,0.0386399992827,0.0390449094549,0.039449819627,0.0400861070403,0.0404620950573,0.0406934722985,0.0411273046258,0.0415032926428,0.0420238914355,0.0423420351422,0.0428337117797,0.0432096997967,0.0437013764343,0.044221975227,0.0445111967785,0.0450028734161,0.0455234722088,0.045928382381,0.0468538913458,0.0470563464319,0.0476926338452,0.0481843104828,0.0486759871204,0.0491098194477,0.0497171847058,0.0502377834986,0.0510476038428,0.0515103583253,0.0522044900489,0.0531299990138,0.0537084421168,0.0545761067713,0.0551545498744,0.0557329929774,0.0559932923738,0.0564560468562,0.0574104779762,0.0578732324586,0.0585384420271,0.0589144300441,0.0592325737508,0.0592904180611,0.0593771845265,0.0601291605605,0.0610546695253,0.0615174240078,0.0625296994381,0.0632527533169,0.0641493401266,0.0647856275399,0.065566525729,0.0666077233145,0.067272932883,0.0679959867618,0.0686033520199,0.0692685615884,0.0695867052951,0.0706279028806,0.0710617352078,0.0714955675351,0.0721607771036,0.0734622740854,0.0739828728782,0.0749951483085,0.0757760464976,0.0764991003764,0.0772799985655,0.0779741302891,0.0789574835643,0.079854070374,0.0806349685631,0.0816761661485,0.0825149086479,0.0832379625267,0.0843948487328,0.0851757469219,0.0861880223522,0.0867953876104,0.0875184414892,0.088443950454,0.089398381574,0.0903817348492,0.0914229324347,0.0919146090722,0.0922905970892,0.0934764054504,0.0944886808807,0.0957034113971,0.0968024532929,0.098161794585,0.0989716149293,0.100388800532,0.10093832148,0.102500117858,0.104206525012,0.105623710614,0.106693830355,0.107821794406,0.109325746474,0.110280177594,0.111147842248,0.11244933923,0.11340377035,0.114763111642,0.115572931986,0.116845506813,0.11823377026,0.119477422932,0.120576464828,0.122080416896,0.123150536636,0.124249578532,0.12485694379,0.126303051548,0.128009458702,0.130207542493,0.132232093354,0.13338897956,0.135037542403,0.136339039385,0.137293470505,0.138739578263,0.140330296796,0.142152392571,0.144003410501,0.145680895499,0.147531913429,0.148515266704,0.150684428341,0.152304069029,0.153981554028,0.155369817475,0.156989458164,0.159563529972,0.16100963773,0.162542511953,0.164277841262,0.165752871175,0.167719577725,0.169744128586,0.17246281117,0.17442951772,0.176309457805,0.178305086511,0.18015610444,0.182151733146,0.183511074438,0.185246403747,0.186952810901,0.188398918658,0.18964257133,0.192043110208,0.194183349689,0.195484846671,0.196815265808,0.198579517272,0.200112391495,0.201876642959,0.20401688244,0.205954666836,0.208008139851,0.209512091919,0.211247421228,0.2124910739,0.214775924157,0.216800475017,0.218477960016,0.219779456998,0.220647121653,0.222729516824,0.22484083415,0.226634007769,0.227848738285,0.229873289146,0.232042450782,0.233980235178,0.235918019573,0.237566582416,0.239562211122,0.2411240075,0.242338738016,0.244363288877,0.246995204996,0.24881730077,0.250408019304,0.251854127061,0.25358945637,0.254890953352,0.256250294644,0.257783168867,0.259692031108,0.261427360417,0.262815623864,0.265274007052,0.267269635757,0.269265264463,0.270508917134,0.271839336271,0.273285444029,0.274124186528,0.275975204458,0.278144366094,0.279272330145,0.280863048679,0.282540533677,0.284246940831,0.285577359968,0.286502868933,0.288556341949,0.289481850914,0.291390713154,0.293617719101,0.295526581341,0.297493287891,0.298534485476,0.300414425561,0.30203406625,0.303595862628,0.306314545212,0.308744006245,0.311925443312,0.315569634861,0.318346161755,0.32118053296,0.325923766405,0.328353227438,0.330840532781,0.334947478812,0.339170113465,0.342872149324,0.347008017511,0.350738975525,0.355048376643,0.359415622071,0.362539214827,