# R script for Peak Model
#  -- generated by MACS
p <- c(0.00836400376729,0.00850921216602,0.008741545604,0.00882867064325,0.00906100408123,0.00926429583946,0.00955471263694,0.00999033783315,0.0100774628724,0.0102517129509,0.0105130880686,0.0107454215066,0.0108615882256,0.0110358383041,0.0113262551015,0.0115295468598,0.0116747552585,0.0119070886965,0.0121684638142,0.0124879222914,0.0128364224484,0.0130687558864,0.0132430059649,0.0134172560434,0.0136495894813,0.0139400062788,0.0140271313181,0.0144337148345,0.0146370065928,0.0149855067497,0.0152468818674,0.0155082569852,0.0156244237042,0.0158277154624,0.0159729238611,0.0161181322599,0.0164956740966,0.0167280075346,0.0167860908941,0.0167860908941,0.0171636327308,0.0171636327308,0.0174250078485,0.0175411745675,0.0175411745675,0.0175121328878,0.0176282996067,0.0176573412865,0.0176573412865,0.0178025496852,0.0178606330447,0.0178896747245,0.0178606330447,0.0178606330447,0.0177735080055,0.0177444663257,0.0176282996067,0.017715424646,0.0177444663257,0.0178896747245,0.0178896747245,0.0180348831232,0.0179187164042,0.0178606330447,0.017599257927,0.0174540495283,0.017483091208,0.0176282996067,0.0176282996067,0.0176282996067,0.0176863829662,0.0175411745675,0.0171636327308,0.0171926744105,0.01725075777,0.0172797994498,0.01725075777,0.0174250078485,0.0177444663257,0.017715424646,0.0176573412865,0.017366924489,0.017366924489,0.017366924489,0.0173959661688,0.017366924489,0.0175702162473,0.0176573412865,0.017599257927,0.0175702162473,0.0177444663257,0.0177444663257,0.0177444663257,0.0176863829662,0.0175121328878,0.0175702162473,0.017483091208,0.0175411745675,0.0175702162473,0.0176282996067,0.0178025496852,0.0176282996067,0.0178025496852,0.0178025496852,0.0176863829662,0.0176863829662,0.0176573412865,0.0176282996067,0.0178896747245,0.0179187164042,0.017715424646,0.0175702162473,0.0176282996067,0.0174250078485,0.017018424332,0.017018424332,0.0169022576131,0.0169603409726,0.0171636327308,0.017018424332,0.0169603409726,0.017018424332,0.0169893826523,0.0167860908941,0.0166989658548,0.0166699241751,0.0166408824953,0.0168441742536,0.0168732159333,0.0169022576131,0.0169312992928,0.0169893826523,0.0169893826523,0.0169312992928,0.017134591051,0.01725075777,0.0173088411295,0.0172797994498,0.0173378828093,0.017483091208,0.0174540495283,0.0174250078485,0.0175411745675,0.0177444663257,0.0175121328878,0.0175411745675,0.0176863829662,0.0176863829662,0.017599257927,0.0176282996067,0.0177735080055,0.0177444663257,0.0174250078485,0.0173959661688,0.0173959661688,0.0173088411295,0.0175411745675,0.0176863829662,0.0175702162473,0.0175702162473,0.0173378828093,0.01725075777,0.0172797994498,0.0175411745675,0.0174250078485,0.0174540495283,0.0175121328878,0.0174250078485,0.0174540495283,0.0172797994498,0.0175702162473,0.0175121328878,0.017483091208,0.0174250078485,0.0175411745675,0.0176573412865,0.017599257927,0.017599257927,0.0176863829662,0.0175702162473,0.017831591365,0.0180348831232,0.0178025496852,0.0179767997637,0.0181800915219,0.0182381748814,0.0182672165612,0.0183252999207,0.0186447583979,0.0188190084764,0.0187318834372,0.0187028417574,0.0187609251169,0.0188770918359,0.0188190084764,0.0187318834372,0.0189642168751,0.0190513419144,0.0190513419144,0.0193417587119,0.0192546336726,0.0190803835941,0.0192546336726,0.0193708003916,0.0193998420713,0.0194288837511,0.0197193005486,0.0198064255878,0.0196902588688,0.0196612171891,0.0197193005486,0.0197773839081,0.0199806756663,0.0199516339865,0.0203001341435,0.0203001341435,0.0203291758233,0.0201549257448,0.0201839674245,0.0203291758233,0.020590550941,0.0207938426992,0.0212004262157,0.0214037179739,0.0213165929347,0.0214037179739,0.0212875512549,0.0214037179739,0.0215779680524,0.0218683848499,0.0219264682094,0.0217522181309,0.0219555098891,0.0220135932486,0.0223620934056,0.0227105935626,0.0227396352423,0.0227105935626,0.0229138853208,0.02300101036,0.0230300520398,0.0230300520398,0.0231752604385,0.0236108856347,0.0238432190727,0.0239013024322,0.0240465108309,0.0242207609094,0.0243950109879,0.0243950109879,0.0246854277854,0.0246854277854,0.0249468029031,0.0251210529816,0.0253533864196,0.0254695531386,0.0257599699361,0.0257309282563,0.0259342200145,0.0259632616943,0.0260503867335,0.0263698452108,0.0263698452108,0.0267473870475,0.0271830122437,0.0275024707209,0.0278509708779,0.0280542626361,0.0285770128716,0.0290126380678,0.0293030548653,0.0297677217412,0.0304356803754,0.0307551388526,0.0312198057286,0.0314521391666,0.0314230974868,0.0317715976438,0.0322653061995,0.0328170981147,0.0328751814742,0.0330494315527,0.0334269733894,0.0339206819451,0.0342982237818,0.0346757656185,0.035082349135,0.03566318273,0.0361568912857,0.0365344331224,0.0369700583186,0.0374928085541,0.0378993920705,0.0379284337503,0.038073642149,0.0385673507047,0.038654475744,0.0390029759009,0.0396128511756,0.0399613513326,0.0404260182086,0.041064935163,0.0417619354769,0.0425751025099,0.0432430611441,0.0441433532162,0.0446951451314,0.0453340620859,0.0460020207201,0.0467571043935,0.0475702714264,0.0482091883809,0.0486738552568,0.0493127722113,0.0500097725252,0.0508229395582,0.0515780232316,0.0519555650683,0.0524202319443,0.0530881905785,0.0539303992912,0.0545402745658,0.0546564412848,0.055324399919,0.0558471501545,0.0565731921482,0.0570669007039,0.0578800677368,0.05866419309,0.0591869433255,0.0600001103584,0.0610456108293,0.0620911113002,0.0629333200129,0.0637755287256,0.0648210291965,0.0655761128699,0.0660698214256,0.0665635299813,0.0672024469358,0.067754238851,0.0687416559624,0.0692353645181,0.0704260733877,0.0713844488194,0.0724009076106,0.0733011996827,0.0741724500752,0.0748984920689,0.07591495086,0.0770766180499,0.0778897850829,0.0786448687563,0.0794580357892,0.0805035362601,0.081549036731,0.0826526205615,0.0833496208754,0.0839594961501,0.0848017048628,0.085469663497,0.0864280389286,0.0871250392426,0.0886061649097,0.0897968737793,0.091219916087,0.0923525415971,0.0939207923035,0.0954890430099,0.0969411269972,0.0985674610631,0.0998162532922,0.10121025392,0.102923713025,0.10469525549,0.106031172758,0.106902423151,0.107831756903,0.108877257373,0.110619758158,0.112042800466,0.113552967813,0.114859843401,0.116253844029,0.117676886337,0.119041845285,0.121016679508,0.122759180293,0.1241822226,0.125489098189,0.127231598974,0.128916016399,0.130484267106,0.13228485125,0.133649810198,0.135421352663,0.137512353605,0.138906354232,0.140648855017,0.142449439162,0.144482356744,0.146341024248,0.147735024876,0.14950656734,0.150464942772,0.152033193478,0.153456235786,0.15531490329,0.156999320715,0.158828946539,0.160890905801,0.162662448266,0.164956740966,0.167018700228,0.169167784529,0.171055493713,0.172914161217,0.174308161845,0.17593449591,0.17718328814,0.179158122362,0.180697331389,0.183282040887,0.184850291593,0.186447583979,0.188451459882,0.190687669222,0.192720586805,0.194956796145,0.197396297244,0.19899358963,0.201084590572,0.203233674873,0.205411800854,0.207793218594,0.20933242762,0.211307261843,0.213107845987,0.214995555171,0.216912306034,0.219003306976,0.221239516317,0.222807767023,0.22428889269,0.226060435155,0.228528977933,0.229922978561,0.231287937509,0.232972354935,0.234046897085,0.236254064746,0.23808369057,0.240058524793,0.240871691826,0.242788442689,0.244211484997,0.245576443945,0.247580319848,0.248741987038,0.250339279424,0.251733280052,0.25301111396,0.255160198262,0.25762874104,0.259167950067,0.26114278429,0.26337899363,0.265150536095,0.267154411997,0.268809787743,0.271191205482,0.273340289784,0.274676207052,0.27607020768,0.277493249988,0.279206709093,0.281326751714,0.283446794336,0.285857253755,0.287222212703,0.289226088606,0.291433256266,0.293582340568,0.295121549594,0.297009258778,0.299129301399,0.300668510426,0.30246909457,0.304589137192,0.307290013409,0.309816639547,0.312314224005,0.314289058228,0.317570768039,0.319603685621,0.322014145041,0.324976396375,0.32788056435,0.330842815684,0.33360177526,0.336883485071,0.340049028164,0.344260071727,0.347977406735,0.352217491978,0.3566318273,0.361249454379,0.365373372904,0.369729624866,