# R script for Peak Model
#  -- generated by MACS
p <- c(0.0383806023644,0.0391719549905,0.0397654694601,0.0404249299818,0.0414141207644,0.0425352036513,0.0436562865382,0.04431574706,0.045107099686,0.0459643983643,0.0468876430947,0.0482725101903,0.0492617009729,0.0503168378077,0.0513719746424,0.0522952193728,0.0531525180511,0.0541417088337,0.055394683825,0.0560541443467,0.0572411732858,0.0585600943292,0.0594833390596,0.0608682061553,0.0622530732509,0.06344010219,0.0651546995465,0.0662098363812,0.0673309192682,0.0685179482073,0.0697049771464,0.0708260600333,0.0716833587116,0.0714855205551,0.0711557902942,0.0708920060855,0.0707601139812,0.0704963297725,0.0708260600333,0.0708920060855,0.070694167929,0.0706282218768,0.0701006534594,0.0700347074073,0.0699687613551,0.0697049771464,0.0695730850421,0.0693752468855,0.0695071389899,0.0693752468855,0.0688476784682,0.0689795705725,0.0685838942595,0.0690455166247,0.069177408729,0.0691114626768,0.0695071389899,0.069177408729,0.0692433547812,0.0691114626768,0.0687157863638,0.0691114626768,0.0689136245203,0.0687157863638,0.0686498403116,0.0683201100508,0.0679903797899,0.0681222718943,0.0683860561029,0.0686498403116,0.0693752468855,0.0689795705725,0.0689136245203,0.069177408729,0.0692433547812,0.0694411929377,0.0695071389899,0.0687157863638,0.0683860561029,0.068781732416,0.068781732416,0.0687157863638,0.068781732416,0.0689795705725,0.0688476784682,0.0689795705725,0.0688476784682,0.0683201100508,0.0685179482073,0.0679903797899,0.0675287574247,0.067264973216,0.0664736205899,0.0660779442769,0.0659460521726,0.0658141600682,0.0658141600682,0.0654184837552,0.0652206455987,0.0648909153378,0.0646930771813,0.0648249692856,0.0645611850769,0.0643633469204,0.063835778503,0.0637038863987,0.0628465877204,0.0629125337726,0.0623190193031,0.0615936127292,0.061527666677,0.0617255048335,0.061527666677,0.061527666677,0.0608022601031,0.0606044219466,0.0608682061553,0.0604065837901,0.0604065837901,0.0602746916857,0.0602746916857,0.0602087456335,0.0594833390596,0.0603406377379,0.060010907477,0.0602087456335,0.0598130693205,0.0594833390596,0.0592855009031,0.059219554851,0.0597471232683,0.060010907477,0.0598130693205,0.0597471232683,0.0597471232683,0.0594833390596,0.0587579324858,0.0588238785379,0.0588898245901,0.0588898245901,0.0590217166944,0.0588238785379,0.0588898245901,0.0590876627466,0.0590217166944,0.0588898245901,0.0590876627466,0.0588898245901,0.0586260403814,0.0585600943292,0.0582963101205,0.058098471964,0.058098471964,0.0582303640684,0.0582303640684,0.0580325259119,0.0582963101205,0.0582303640684,0.0588238785379,0.0590876627466,0.0591536087988,0.0597471232683,0.0602087456335,0.0610000982596,0.0615936127292,0.0617914508857,0.0616595587813,0.0618573969379,0.0620552350944,0.0628465877204,0.0631103719291,0.0627146956161,0.06344010219,0.0636379403465,0.0640336166596,0.0648909153378,0.0646930771813,0.0650228074421,0.0654184837552,0.0650228074421,0.0656822679639,0.0662098363812,0.066869296903,0.0674628113725,0.0678584876856,0.0679903797899,0.0678584876856,0.0683201100508,0.0684520021551,0.067660649529,0.0679903797899,0.0681222718943,0.0682541639986,0.0681222718943,0.0687157863638,0.0693752468855,0.0692433547812,0.0699687613551,0.0699028153029,0.0696390310942,0.0696390310942,0.0698368692507,0.0699028153029,0.0699028153029,0.0696390310942,0.0696390310942,0.0695071389899,0.0701006534594,0.0703644376681,0.0708920060855,0.0708260600333,0.0704303837203,0.0702325455638,0.0706282218768,0.0708260600333,0.0709579521377,0.0712217363464,0.0712217363464,0.0713536284507,0.071089844242,0.070694167929,0.0709579521377,0.0702984916159,0.0704303837203,0.0695071389899,0.0697709231986,0.0699687613551,0.0690455166247,0.0679903797899,0.0670671350595,0.0667374047986,0.0668033508508,0.0665395666421,0.0661438903291,0.0665395666421,0.0654184837552,0.0651546995465,0.0654184837552,0.065748214016,0.0659460521726,0.0658141600682,0.0651546995465,0.0651546995465,0.0645611850769,0.0647590232335,0.0651546995465,0.0647590232335,0.0641655087639,0.0640336166596,0.0644952390248,0.0641655087639,0.0640995627117,0.0642974008682,0.0639676706074,0.0639676706074,0.0640995627117,0.0641655087639,0.0637698324509,0.0642314548161,0.0642314548161,0.0644292929726,0.0640336166596,0.0642314548161,0.0642974008682,0.0646930771813,0.0655503758595,0.0658141600682,0.0666055126943,0.0664076745378,0.0667374047986,0.0670011890073,0.0671990271638,0.0677925416334,0.0670671350595,0.0670671350595,0.0667374047986,0.067264973216,0.067660649529,0.0681882179464,0.0681882179464,0.0683201100508,0.0679244337377,0.0681882179464,0.0689795705725,0.0686498403116,0.0690455166247,0.0697049771464,0.0704303837203,0.0711557902942,0.0712876823985,0.0722768731811,0.0723428192333,0.072606603442,0.0733320100159,0.0739914705376,0.0741893086941,0.0746509310593,0.0747828231637,0.0752444455289,0.0761017442071,0.0761676902593,0.0764974205202,0.0772228270941,0.077948233668,0.0775525573549,0.0776844494593,0.0784098560332,0.0788055323462,0.0795309389201,0.0801903994418,0.079860669181,0.0801244533897,0.0810476981201,0.0816412125896,0.0813774283809,0.0813114823288,0.0815093204853,0.0817071586418,0.0819049967983,0.082168781007,0.0823666191635,0.0823666191635,0.0822347270592,0.08256445732,0.0826304033722,0.0833558099461,0.0833558099461,0.0837514862592,0.0846087849374,0.0840152704678,0.0838833783635,0.0835536481026,0.0842131086244,0.083685540207,0.0837514862592,0.0837514862592,0.0838174323113,0.0836195941548,0.0833558099461,0.0840152704678,0.0837514862592,0.0838833783635,0.0839493244157,0.0840152704678,0.08408121652,0.0841471625722,0.0841471625722,0.0846747309896,0.0845428388852,0.0842131086244,0.0847406770417,0.0848725691461,0.0842790546765,0.0844109467809,0.0840152704678,0.0839493244157,0.0835536481026,0.0833558099461,0.0832239178418,0.0826304033722,0.0827622954766,0.0833558099461,0.0833558099461,0.0833558099461,0.0836195941548,0.0833558099461,0.0834877020505,0.0838174323113,0.0835536481026,0.0830260796853,0.0832239178418,0.0828941875809,0.08256445732,0.0828282415287,0.0824325652157,0.0819709428505,0.0823006731114,0.0819049967983,0.0814433744331,0.0815093204853,0.0809817520679,0.0809817520679,0.0813774283809,0.0812455362766,0.0813774283809,0.0817071586418,0.0819709428505,0.0819049967983,0.0822347270592,0.0823006731114,0.0818390507461,0.0817071586418,0.0812455362766,0.0814433744331,0.0803882375984,0.080256345494,0.0804541836505,0.0799925612853,0.0794649928679,0.0796628310245,0.0801244533897,0.0801903994418,0.0804541836505,0.0807839139114,0.080652021807,0.0801903994418,0.0803882375984,0.0809158060157,0.0807179678592,0.0803882375984,0.079860669181,0.080256345494,0.080256345494,0.0799266152331,0.0801244533897,0.0795968849723,0.0797947231288,0.0796628310245,0.0797287770766,0.0790693165549,0.0794649928679,0.079860669181,0.0797947231288,0.0796628310245,0.0796628310245,0.0801244533897,0.0801244533897,0.0805201297027,0.0805201297027,0.0804541836505,0.0801244533897,0.0793990468158,0.0790033705027,0.0790693165549,0.0789374244506,0.0786076941897,0.0780141797201,0.0780801257723,0.0775525573549,0.0772887731462,0.0780801257723,0.0781460718245,0.077948233668,0.0785417481375,0.0782779639288,0.0784758020853,0.078739586294,0.0782120178767,0.0782120178767,0.077948233668,0.077948233668,0.0774866113028,0.0774866113028,0.0778163415636,0.0776185034071,0.0777503955114,0.0776185034071,0.076827150781,0.0766952586767,0.0765633665723,0.0762336363115,0.0764974205202,0.076431474468,0.0770909349897,0.0772887731462,0.0770249889375,0.0766293126245,0.0763655284158,0.076035798155,0.0759698521028,0.076035798155,0.0765633665723,0.076431474468,0.0764974205202,0.076827150781,0.0771568810419,0.0768930968332,0.0764974205202,0.0769590428854,0.0768930968332,0.0763655284158,0.0772228270941,0.0766293126245,0.0766952586767,0.0771568810419,0.0775525573549,0.0772887731462,0.0774866113028,0.0774866113028,0.0776185034071,0.0777503955114,0.0774206652506,0.0771568810419,0.0768930968332,0.076827150781,0.0765633665723,0.0765633665723,0.076827150781,0.0772887731462,0.0774866113028,