# R script for Peak Model
#  -- generated by MACS
p <- c(0.0402942905361,0.0413101129865,0.0423936569337,0.0434772008809,0.0446284663248,0.0462537822456,0.0469309972126,0.0483531486433,0.0495044140872,0.0507911225244,0.0514006159947,0.0526196029353,0.0536354253858,0.0551252983132,0.0562765637571,0.0573601077043,0.0582404871614,0.0593240311085,0.0606107395458,0.0615588404996,0.0632518779171,0.0646740293478,0.065757573295,0.0667056742488,0.0677214966993,0.06934681262,0.0707689640507,0.0718525079979,0.072732887455,0.0741550388857,0.0753740258263,0.0762544052834,0.0773379492305,0.0769316202504,0.0772025062371,0.0768638987537,0.076796177257,0.0765930127669,0.0763898482768,0.0756449118131,0.0757126333098,0.0751708613362,0.0751031398395,0.0748999753494,0.0748999753494,0.0753063043296,0.0756449118131,0.0756449118131,0.0757126333098,0.0756449118131,0.0757803548065,0.0753740258263,0.0753740258263,0.0748322538527,0.0745613678659,0.0743582033758,0.0741550388857,0.074087317389,0.0732069379319,0.072732887455,0.0724620014682,0.0721233939847,0.0719202294946,0.0718525079979,0.0715816220111,0.0714461790177,0.0716493435078,0.0715139005144,0.0714461790177,0.0719202294946,0.0718525079979,0.0711075715342,0.0712430145276,0.0708366855474,0.0702949135738,0.0700917490837,0.0702271920771,0.0698208630969,0.0692790911233,0.0688727621431,0.0688050406464,0.0688727621431,0.0692790911233,0.0696854201035,0.0692790911233,0.0698208630969,0.068669597653,0.0686018761563,0.0680601041828,0.0683309901695,0.0688050406464,0.0683987116662,0.0683987116662,0.0683987116662,0.0685341546596,0.0679923826861,0.0679923826861,0.0680601041828,0.0679246611894,0.0679246611894,0.0683309901695,0.0684664331629,0.0678569396927,0.0675860537059,0.0679246611894,0.0680601041828,0.0675183322092,0.0681278256794,0.0683309901695,0.0681955471761,0.0679246611894,0.0675183322092,0.0672474462224,0.0669088387389,0.066434788262,0.0667056742488,0.0663670667653,0.0658930162884,0.0653512443148,0.0652158013214,0.0656221303016,0.0652158013214,0.0650126368313,0.0648094723412,0.0647417508445,0.0649449153346,0.065080358328,0.0649449153346,0.0650126368313,0.0652835228181,0.0654189658115,0.0654866873082,0.0654866873082,0.0658252947917,0.0655544088049,0.0652158013214,0.0651480798247,0.0654189658115,0.0658252947917,0.0658930162884,0.066434788262,0.0665025097587,0.0663670667653,0.0663670667653,0.0666379527521,0.0665702312554,0.0668411172422,0.0666379527521,0.0665025097587,0.0656898517983,0.0658930162884,0.0650126368313,0.0656898517983,0.0655544088049,0.0656221303016,0.0654866873082,0.0652158013214,0.0654866873082,0.0653512443148,0.0655544088049,0.0655544088049,0.0658252947917,0.0655544088049,0.0655544088049,0.0660284592818,0.0661639022752,0.0654866873082,0.0648771938379,0.0652835228181,0.0656221303016,0.0652158013214,0.0653512443148,0.0658252947917,0.0654189658115,0.0655544088049,0.0654189658115,0.0649449153346,0.0651480798247,0.0654866873082,0.0658930162884,0.0660284592818,0.0660284592818,0.0662993452686,0.067112003229,0.0673828892158,0.0676537752026,0.067789218196,0.0681278256794,0.0681278256794,0.0682632686728,0.0688727621431,0.0692113696266,0.0690759266332,0.0692790911233,0.0698208630969,0.0692790911233,0.0690082051365,0.068669597653,0.0682632686728,0.0683987116662,0.0684664331629,0.0683309901695,0.0686018761563,0.068669597653,0.0683309901695,0.0681955471761,0.0680601041828,0.0681278256794,0.0686018761563,0.0686018761563,0.0687373191497,0.068669597653,0.0683309901695,0.0683987116662,0.0680601041828,0.0684664331629,0.0683309901695,0.0684664331629,0.0683987116662,0.0681955471761,0.0687373191497,0.0686018761563,0.0685341546596,0.0685341546596,0.0684664331629,0.0678569396927,0.0676537752026,0.0675183322092,0.0673151677191,0.0673151677191,0.0665702312554,0.066434788262,0.066434788262,0.0669088387389,0.0669088387389,0.0669765602356,0.0672474462224,0.0667733957455,0.0665702312554,0.0665702312554,0.066434788262,0.0669088387389,0.0669765602356,0.0666379527521,0.0662316237719,0.0655544088049,0.0654866873082,0.0651480798247,0.0645385863544,0.0640645358775,0.063725928394,0.0637936498907,0.0632518779171,0.0635904854006,0.063725928394,0.0635227639039,0.063048713427,0.0625069414534,0.0629809919303,0.0633195994138,0.0631841564204,0.063725928394,0.0641322573742,0.0646740293478,0.0654866873082,0.0651480798247,0.0656221303016,0.0662316237719,0.066434788262,0.0666379527521,0.0670442817323,0.0671797247257,0.0675860537059,0.0675860537059,0.0680601041828,0.0689404836398,0.0696176986068,0.070024027587,0.0701594705804,0.0701594705804,0.0706335210573,0.0709044070441,0.0711752930309,0.0719879509913,0.0725297229649,0.0728006089517,0.0730714949385,0.0736809884088,0.0736809884088,0.0736809884088,0.0744259248725,0.0751031398395,0.0751708613362,0.0760512407933,0.0765930127669,0.0767284557603,0.0772702277338,0.0775411137206,0.0781506071909,0.0784892146744,0.0791664296414,0.0793695941315,0.0792341511381,0.0801145305952,0.080385416582,0.0804531380787,0.0812657960391,0.0814689605292,0.0819430110061,0.0820784539995,0.0826202259731,0.0832974409401,0.0843132633906,0.0847873138675,0.085125921351,0.0851936428477,0.0862771867948,0.0864126297882,0.0867512372717,0.0870898447552,0.0871575662519,0.0876316167288,0.0884442746892,0.0895278186364,0.0894600971397,0.0891214896562,0.0894600971397,0.0893246541463,0.0897309831265,0.0896632616298,0.0892569326496,0.0890537681595,0.0885797176826,0.0876993382255,0.0874961737354,0.0870221232585,0.0870898447552,0.0870221232585,0.086683515775,0.0867512372717,0.0861417438015,0.0854645288345,0.0853968073378,0.0853968073378,0.0849227568609,0.0847195923708,0.0843809848873,0.0843809848873,0.0838392129137,0.08309427645,0.082417061483,0.0820784539995,0.0818752895094,0.0816044035226,0.0814689605292,0.0809949100523,0.0800468090985,0.0797759231117,0.0800468090985,0.079030986648,0.0791664296414,0.079030986648,0.0796404801183,0.0793018726348,0.0793695941315,0.0793695941315,0.0785569361711,0.0780151641975,0.0780151641975,0.0778797212041,0.0779474427008,0.0782183286876,0.0774733922239,0.0773379492305,0.0774733922239,0.0772025062371,0.0772702277338,0.0770670632438,0.0767284557603,0.076796177257,0.0770670632438,0.077676556714,0.0775411137206,0.0772702277338,0.0778119997074,0.0772025062371,0.0774056707272,0.0773379492305,0.0773379492305,0.0769316202504,0.0769316202504,0.0770670632438,0.0765930127669,0.0767284557603,0.0760512407933,0.076796177257,0.0773379492305,0.0774056707272,0.0779474427008,0.0781506071909,0.0776088352173,0.0778119997074,0.0776088352173,0.0778797212041,0.0782183286876,0.0781506071909,0.0784892146744,0.0789632651513,0.0788278221579,0.0787601006612,0.0794373156282,0.0807240240655,0.0809271885556,0.0805208595754,0.0808594670589,0.081062631549,0.0811980745424,0.0814689605292,0.0816721250193,0.0815366820259,0.0818075680127,0.0822816184896,0.082417061483,0.0823493399863,0.0826202259731,0.0827556689665,0.0822816184896,0.0825525044764,0.0816721250193,0.082417061483,0.081739846516,0.0816721250193,0.0820107325028,0.0820784539995,0.0821461754962,0.0827556689665,0.0826879474698,0.0827556689665,0.0835683269269,0.0835006054302,0.0841778203972,0.0847873138675,0.0855999718279,0.0859385793114,0.0856676933246,0.0857354148213,0.0858708578147,0.0853968073378,0.0853968073378,0.0856676933246,0.0855322503312,0.0863449082915,0.0860063008081,0.0861417438015,0.085803136318,0.0853968073378,0.0854645288345,0.0855999718279,0.0855322503312,0.085803136318,0.0862094652982,0.0861417438015,0.0854645288345,0.0860740223048,0.0862094652982,0.0865480727816,0.0870898447552,0.0874284522387,0.087360730742,0.0874284522387,0.0872252877486,0.0877670597222,0.0876993382255,0.0875638952321,0.0876316167288,0.087360730742,0.0874284522387,0.0868866802651,0.087360730742,0.0876316167288,0.0876316167288,0.0883088316958,0.0884442746892,0.0886474391793,0.088715160676,0.0891892111529,0.0892569326496,0.0896632616298,0.0900018691133,0.0906790840803,0.0903404765968,0.0909499700671,0.0917626280275,0.0921689570077,0.092778450478,0.0927107289813,0.0933202224516,0.0933202224516,0.0931170579615,