# R script for Peak Model
#  -- generated by MACS
p <- c(0.0348671273328,0.0357733274243,0.0367658322865,0.0378877943047,0.0386645372403,0.0395275849465,0.0403474802675,0.0412968327444,0.0421598804506,0.0429797757716,0.0439722806338,0.0447921759547,0.0460004427435,0.0466908809085,0.0475107762294,0.0485464334769,0.0494957859538,0.050488290816,0.0513944909076,0.0524301481551,0.0536384149438,0.0547172245767,0.0555802722829,0.0563570152186,0.0571337581542,0.0581262630164,0.0590324631079,0.0600249679701,0.0608448632911,0.0618805205386,0.0629161777861,0.0639949874189,0.0646854255839,0.0657642352167,0.0667135876936,0.0679218544824,0.0690006641152,0.0687849021886,0.068828054574,0.0690869688858,0.0691301212711,0.068828054574,0.0693458831977,0.0690438165005,0.0690438165005,0.0690006641152,0.0687849021886,0.0686122926474,0.0686122926474,0.0687849021886,0.0685691402621,0.0684828354915,0.0687849021886,0.068828054574,0.0689143593446,0.068828054574,0.0689575117299,0.0687417498033,0.0688712069593,0.0692164260418,0.0690438165005,0.0691301212711,0.069389035583,0.069518492739,0.069389035583,0.0695616451243,0.0696479498949,0.0698637118215,0.0701657785187,0.070079473748,0.0697774070508,0.0702520832893,0.0703383880599,0.0703815404452,0.0702952356746,0.070079473748,0.070079473748,0.0701226261333,0.0703383880599,0.0699931689774,0.070208930904,0.0706836071424,0.070899369069,0.0708562166837,0.070769911913,0.0712014357662,0.0708130642983,0.0709425214543,0.0709425214543,0.0703383880599,0.0701226261333,0.0700363213627,0.0699068642068,0.0700363213627,0.0697774070508,0.0696047975096,0.0696911022802,0.0696047975096,0.0695616451243,0.0696479498949,0.0695616451243,0.069389035583,0.0693458831977,0.0691732736565,0.0689143593446,0.0687849021886,0.0687849021886,0.0686554450327,0.0683965307208,0.0682670735649,0.0679650068677,0.0674040258586,0.0670588067761,0.0665841305377,0.0665409781524,0.0666704353083,0.066627282923,0.0664978257671,0.0660663019139,0.0659799971433,0.0661957590699,0.0663252162258,0.0660663019139,0.065936844758,0.0663683686111,0.0660663019139,0.0658505399874,0.0658505399874,0.0657210828314,0.0657210828314,0.0653758637489,0.0655053209049,0.0657210828314,0.0658073876021,0.0658936923727,0.0655916256755,0.0656779304461,0.0656779304461,0.0655916256755,0.0656779304461,0.0658073876021,0.0656347780608,0.0658505399874,0.0660663019139,0.0663252162258,0.0662820638405,0.0662820638405,0.0660663019139,0.0661094542993,0.0667135876936,0.0669293496202,0.0667567400789,0.0667135876936,0.0669293496202,0.0671882639321,0.066627282923,0.066627282923,0.0667135876936,0.0665841305377,0.0662820638405,0.0664546733818,0.0665841305377,0.066627282923,0.0671882639321,0.0675334830146,0.0676197877852,0.0677923973265,0.0674471782439,0.0672745687027,0.0671451115468,0.0668430448496,0.0669725020055,0.0670588067761,0.0669293496202,0.0668430448496,0.0667135876936,0.0666704353083,0.0664978257671,0.0661526066846,0.0661957590699,0.0662820638405,0.0662389114552,0.0668430448496,0.0669293496202,0.0670156543908,0.067317721088,0.0674903306293,0.0675334830146,0.0677492449411,0.0678355497118,0.0674040258586,0.0676629401705,0.0681807687943,0.0683102259502,0.0684396831061,0.068137616409,0.0680944640236,0.0679650068677,0.0678787020971,0.0676629401705,0.0677060925558,0.0671882639321,0.0672314163174,0.0671019591614,0.067317721088,0.0667998924643,0.0665409781524,0.0662389114552,0.0663683686111,0.0664115209964,0.0660663019139,0.0657642352167,0.0656779304461,0.0652895589783,0.0648580351252,0.0646854255839,0.0640381398042,0.063736073107,0.0636066159511,0.0629161777861,0.0628730254008,0.0625709587036,0.0623983491623,0.0620099776945,0.0615784538414,0.0613195395295,0.0611469299883,0.0613626919148,0.0606722537498,0.0603701870526,0.0600681203555,0.0599818155848,0.0603270346673,0.0598955108142,0.0596797488876,0.0595071393464,0.0593776821904,0.0592050726492,0.058903005952,0.0586440916401,0.0584283297136,0.0583851773283,0.0585577868695,0.0589461583373,0.0589461583373,0.0588598535667,0.0587303964108,0.0584283297136,0.0584714820989,0.0586440916401,0.0590756154933,0.0593776821904,0.0598955108142,0.0598523584289,0.0598092060436,0.0597660536583,0.0594639869611,0.0593776821904,0.0592913774198,0.0594639869611,0.0593776821904,0.059593444117,0.0596797488876,0.0593776821904,0.0596365965023,0.059722901273,0.0596365965023,0.0596365965023,0.0599818155848,0.0601544251261,0.0604564918233,0.0608880156764,0.060974320447,0.0615353014561,0.0614489966855,0.0618373681533,0.0622257396211,0.0622257396211,0.0626141110889,0.0632182444833,0.0632613968686,0.0637792254924,0.0635203111805,0.0643402065014,0.0646422731986,0.0650737970517,0.0655053209049,0.0658505399874,0.0665409781524,0.0669293496202,0.0674903306293,0.0677060925558,0.0681807687943,0.0689575117299,0.0693458831977,0.0697774070508,0.0699500165921,0.0702520832893,0.070769911913,0.071460350078,0.0718487215459,0.0722370930137,0.0727980740227,0.0730569883346,0.0736179693437,0.0740926455821,0.0739631884262,0.0746536265912,0.0746967789765,0.0746967789765,0.0753009123709,0.0753440647562,0.0757755886093,0.075732436224,0.0757755886093,0.0763365696184,0.076552331545,0.0770270077834,0.0777174459484,0.0784510364987,0.0790983222784,0.079314084205,0.0798319128287,0.0803065890672,0.0803497414525,0.0806518081497,0.0809538748469,0.0814717034706,0.0819463797091,0.0821189892503,0.0822484464062,0.0824642083328,0.08276627503,0.0828094274153,0.0831114941125,0.0832409512684,0.0835430179656,0.0838019322775,0.0836724751216,0.0838019322775,0.0838019322775,0.0836724751216,0.0837587798922,0.0840608465894,0.0843629132866,0.0840176942041,0.0838450846628,0.0834998655803,0.083456713195,0.0834135608097,0.0832841036538,0.0833704084244,0.0830683417272,0.0828957321859,0.0829388845713,0.0828957321859,0.0830683417272,0.0824210559475,0.0821621416356,0.0822052940209,0.0821621416356,0.0821189892503,0.0820326844797,0.082075836865,0.082075836865,0.0821189892503,0.0819895320944,0.0814285510853,0.0810833320028,0.0809538748469,0.0806086557644,0.0804791986084,0.0802634366819,0.0800908271406,0.0802634366819,0.0801339795259,0.0797024556728,0.0798319128287,0.0797024556728,0.0792277794343,0.079314084205,0.0790551698931,0.0790120175078,0.0793572365903,0.0789688651225,0.0790551698931,0.0787962555812,0.0790120175078,0.079184627049,0.0788825603518,0.0786667984253,0.0778900554897,0.0778900554897,0.0775448364071,0.0775016840218,0.0775448364071,0.0775016840218,0.0768975506275,0.0766386363156,0.0761639600771,0.0758618933799,0.075732436224,0.0755166742974,0.0755166742974,0.0757755886093,0.0755598266828,0.0753009123709,0.0749988456737,0.0745241694353,0.0745673218206,0.0743084075087,0.074351559894,0.0747830837471,0.0745241694353,0.0744378646646,0.0746536265912,0.0743947122793,0.0741789503527,0.0736179693437,0.0740063408115,0.0742221027381,0.074351559894,0.0749125409031,0.075041998059,0.0748693885178,0.0751283028296,0.0750851504443,0.0748262361324,0.0752577599856,0.0753009123709,0.0760776553065,0.0762934172331,0.076422874389,0.0764660267743,0.0763365696184,0.0765091791596,0.0763365696184,0.0760776553065,0.0759481981506,0.0759481981506,0.0760776553065,0.0767249410862,0.077113312554,0.0771564649393,0.0776311411778,0.0772859220953,0.07724276971,0.077113312554,0.0766386363156,0.0767249410862,0.0769407030128,0.0772859220953,0.0778469031043,0.0781921221868,0.0784078841134,0.0787962555812,0.079314084205,0.0792277794343,0.0792709318197,0.0797887604434,0.0797887604434,0.08000452237,0.0802202842965,0.0802634366819,0.0803065890672,0.0807812653056,0.0800476747553,0.0797024556728,0.0794003889756,0.0799613699847,0.0800476747553,0.0804791986084,0.080565503379,0.0809538748469,0.0811696367734,0.0810401796175,0.0814717034706,0.0813853987,0.0811696367734,0.0811264843881,0.0816011606266,0.0822484464062,0.0828094274153,0.0832841036538,0.083456713195,0.0835430179656,0.0836293227363,0.08414715136,0.0840176942041,0.0843629132866,0.0847944371397,0.0857006372313,0.0865636849375,0.0871678183319,0.0878151041116,0.0890665232857,0.0901453329185,0.0919145807163,0.093381761817,0.095323619156,