# R script for Peak Model
#  -- generated by MACS
p <- c(0.033325367687,0.0344984901479,0.0354109187287,0.0363667962895,0.0371923269101,0.0380178575308,0.0389302861115,0.039538571832,0.0403206534727,0.0412765310334,0.0422758575742,0.043188286155,0.0439703677956,0.0445786535161,0.0453607351567,0.0461862657774,0.0468380004779,0.0475331841585,0.0484456127392,0.0491407964198,0.0499663270405,0.0509222046012,0.0521822250223,0.053094653603,0.0541374291239,0.0550498577046,0.0560057352654,0.056831265886,0.0578305924268,0.0588733679477,0.0596554495883,0.060524429189,0.0613934087897,0.0623058373705,0.0630879190111,0.0640872455519,0.0651734700528,0.0650431231127,0.0651734700528,0.0650865720927,0.0652603680129,0.0655210618931,0.0660424496535,0.0665203884339,0.0664769394538,0.0659990006735,0.0661293476136,0.0658686537334,0.0663900414938,0.0667376333341,0.066607286394,0.0663900414938,0.0665638374139,0.066607286394,0.0667810823141,0.0668679802742,0.0673893680346,0.0676066129348,0.0676066129348,0.0673459190546,0.067910755795,0.0684321435554,0.0680845517151,0.0680411027351,0.0681280006952,0.0681280006952,0.0681280006952,0.0685624904955,0.0684321435554,0.0684321435554,0.0686059394756,0.0684755925355,0.0683017966153,0.0681280006952,0.0682583476353,0.0681714496752,0.0679976537551,0.0677804088549,0.0678238578349,0.0676935108948,0.0677369598749,0.0677369598749,0.0677804088549,0.0676935108948,0.0676066129348,0.0674762659947,0.0676066129348,0.067867306815,0.0677804088549,0.0680845517151,0.0681280006952,0.0681714496752,0.0681714496752,0.0685190415155,0.0687797353957,0.0686928374356,0.0681280006952,0.0680845517151,0.0678238578349,0.0678238578349,0.0675197149747,0.0675197149747,0.0672155721144,0.0672590210945,0.0672155721144,0.0670417761943,0.0671721231344,0.0669983272143,0.0673024700745,0.0670852251743,0.0673024700745,0.0671286741544,0.0670417761943,0.0672590210945,0.0667810823141,0.0667810823141,0.0663900414938,0.0659121027134,0.0659121027134,0.0657817557733,0.0656514088332,0.0655210618931,0.065434163933,0.065390714953,0.0655210618931,0.0656079598531,0.0652169190328,0.0650431231127,0.0650431231127,0.0650431231127,0.0650865720927,0.0647389802524,0.0649562251526,0.0646086333123,0.064174143512,0.0636093067715,0.0638265516717,0.064217592492,0.0641306945319,0.0642610414721,0.0642610414721,0.0639568986118,0.0640437965719,0.0637831026917,0.0634789598314,0.0633920618713,0.0632617149312,0.0630879190111,0.0628706741109,0.0626534292107,0.0626534292107,0.062914123091,0.062957572071,0.0631748169712,0.0631313679911,0.0634355108514,0.0636093067715,0.0634789598314,0.0634355108514,0.0631748169712,0.0628706741109,0.0627403271708,0.062957572071,0.0626534292107,0.062914123091,0.0633920618713,0.0632617149312,0.0632182659512,0.0630444700311,0.0627403271708,0.0626968781908,0.0626099802307,0.063001021051,0.0630879190111,0.0636093067715,0.0638265516717,0.0640872455519,0.0641306945319,0.0643913884122,0.0647389802524,0.0646955312724,0.0646955312724,0.0644782863722,0.0643913884122,0.0640872455519,0.0643044904521,0.0644348373922,0.0642610414721,0.0643913884122,0.064217592492,0.0646086333123,0.0650431231127,0.0649562251526,0.0650865720927,0.0647389802524,0.0646086333123,0.0642610414721,0.0645651843323,0.0649562251526,0.0649127761726,0.0652169190328,0.0651734700528,0.0649562251526,0.0650865720927,0.0651300210728,0.0655645108731,0.0653472659729,0.0656948578132,0.0657817557733,0.0656514088332,0.0657817557733,0.0653472659729,0.0653038169929,0.0656079598531,0.0653472659729,0.0650431231127,0.0650431231127,0.0649562251526,0.0648693271925,0.0651300210728,0.0653472659729,0.0652169190328,0.0649996741326,0.0647389802524,0.0646955312724,0.064174143512,0.0640872455519,0.0640872455519,0.0640003475918,0.0639568986118,0.0638265516717,0.0635658577915,0.0637831026917,0.0641306945319,0.064174143512,0.064217592492,0.0640437965719,0.064217592492,0.0643044904521,0.0641306945319,0.0643044904521,0.0642610414721,0.0645217353523,0.0649562251526,0.0650431231127,0.0649996741326,0.0649562251526,0.0649562251526,0.0644348373922,0.0644348373922,0.064174143512,0.0637396537116,0.0636093067715,0.0635224088115,0.0634789598314,0.0635658577915,0.0634789598314,0.0638700006517,0.0641306945319,0.0635658577915,0.0636093067715,0.0634789598314,0.0636527557516,0.0639134496318,0.0638265516717,0.0638700006517,0.0636093067715,0.0640872455519,0.0645217353523,0.0650431231127,0.0649562251526,0.0648693271925,0.0647389802524,0.065390714953,0.0655210618931,0.0658252047533,0.0664769394538,0.066607286394,0.0667376333341,0.0665203884339,0.0668679802742,0.066694184354,0.0670852251743,0.0673893680346,0.0676500619148,0.0685190415155,0.0686928374356,0.0686928374356,0.0695618170363,0.0701701027568,0.0701701027568,0.0708218374574,0.0713432252178,0.0717342660381,0.0719515109383,0.0725163476787,0.0732549803393,0.07412395994,0.0748625926006,0.0756446742413,0.0761226130217,0.0764267558819,0.0767743477222,0.0770784905824,0.0774695314028,0.0783385110035,0.0784688579436,0.0785992048837,0.0794247355043,0.0798157763247,0.0804240620451,0.0807716538854,0.0812495926658,0.081510286546,0.0818144294063,0.0819447763464,0.0820316743064,0.0824227151268,0.082770306967,0.0832047967674,0.0831178988073,0.0834220416676,0.083943429428,0.083986878408,0.0844648171884,0.0850296539289,0.085160000869,0.0854206947492,0.0856813886294,0.0858986335296,0.0859420825096,0.0858551845495,0.0855075927093,0.0862896743499,0.0865503682301,0.0874193478308,0.0871152049706,0.0866372661902,0.0867676131303,0.0865069192501,0.0869848580305,0.0863331233299,0.08637657231,0.08642002129,0.0867676131303,0.0869414090504,0.0868110621103,0.0863331233299,0.08646347027,0.0866372661902,0.0860724294497,0.0860289804697,0.0857682865895,0.0862462253699,0.0862027763898,0.08637657231,0.0860724294497,0.0856379396494,0.0849862049488,0.0842910212683,0.0846820620886,0.0846386131086,0.0842475722882,0.0843779192283,0.0847255110686,0.0842041233082,0.0840737763681,0.083986878408,0.083899980448,0.0838565314679,0.0832047967674,0.082726857987,0.0824661641068,0.0821620212466,0.0819447763464,0.0817709804262,0.0815971845061,0.081423388586,0.0815971845061,0.081466837566,0.081510286546,0.0815537355261,0.0811192457257,0.0809454498056,0.0807282049054,0.0803806130651,0.0798592253047,0.0797288783646,0.0795550824444,0.0795985314245,0.0795116334644,0.0794247355043,0.0796419804045,0.0793378375443,0.0795116334644,0.0796854293845,0.0796419804045,0.0796854293845,0.0793378375443,0.0790771436641,0.0789467967239,0.0789467967239,0.0788164497838,0.0791640416241,0.0791640416241,0.0789467967239,0.0791205926441,0.0788598987639,0.0787295518238,0.0782081640633,0.0786861028437,0.0791205926441,0.0790771436641,0.0789467967239,0.0789467967239,0.0791205926441,0.0792509395842,0.0792943885642,0.0792943885642,0.0794247355043,0.0794247355043,0.0793812865243,0.0788598987639,0.0789033477439,0.0791640416241,0.0793378375443,0.0792943885642,0.0791205926441,0.0792943885642,0.0794681844844,0.0799461232648,0.080250266125,0.0809888987856,0.0812930416458,0.0811626947057,0.0816406334861,0.0818578783863,0.0816406334861,0.0816406334861,0.0820751232865,0.0823358171667,0.0819882253264,0.0819013273663,0.0815971845061,0.0818144294063,0.0818578783863,0.081466837566,0.0817275314462,0.0817275314462,0.0819447763464,0.0821620212466,0.0822054702266,0.0816406334861,0.0816406334861,0.0816840824662,0.0816406334861,0.0817709804262,0.0817275314462,0.0817709804262,0.0822923681867,0.0823358171667,0.0821185722665,0.0820316743064,0.0822923681867,0.0822923681867,0.0819447763464,0.0818578783863,0.0820316743064,0.0819882253264,0.0817709804262,0.0817709804262,0.0815537355261,0.0818578783863,0.0819013273663,0.0822923681867,0.0822923681867,0.0823792661467,0.0820751232865,0.082726857987,0.0834654906476,0.0835523886077,0.0837261845278,0.0835523886077,0.0838130824879,0.0841172253481,0.0841172253481,0.0843344702483,0.085246898829,0.0857682865895,0.0861158784298,0.0860289804697,0.0868110621103,0.0879841845713,0.0885490213117,0.0897655927527,0.0905911233734,0.0915904499142,0.0931980621755,0.0942842866764,