# R script for Peak Model
#  -- generated by MACS
p <- c(0.0303571344743,0.0323913754442,0.0339561761903,0.0353644968618,0.0375552179063,0.0400588991001,0.0424061002192,0.0453792216368,0.0480393829052,0.0502301039497,0.0525773050689,0.0544550659642,0.0558633866357,0.0558633866357,0.0563328268595,0.0564893069341,0.0571152272325,0.057741147531,0.057741147531,0.0596189084263,0.0589929881279,0.0594624283517,0.0582105877548,0.0588365080532,0.0594624283517,0.0597753885009,0.0594624283517,0.0591494682025,0.0597753885009,0.0591494682025,0.0594624283517,0.0593059482771,0.0594624283517,0.0580541076802,0.0580541076802,0.0574281873818,0.0571152272325,0.0583670678294,0.0599318685755,0.0593059482771,0.0594624283517,0.0604013087993,0.0608707490232,0.0614966693216,0.0618096294708,0.0611837091724,0.0607142689486,0.0596189084263,0.0604013087993,0.0604013087993,0.0593059482771,0.0591494682025,0.0588365080532,0.0600883486501,0.0599318685755,0.061340189247,0.0608707490232,0.0610272290978,0.060557788874,0.0618096294708,0.061340189247,0.0614966693216,0.0619661095454,0.0608707490232,0.060557788874,0.0607142689486,0.0608707490232,0.0597753885009,0.0582105877548,0.0586800279786,0.0583670678294,0.057741147531,0.0569587471579,0.0582105877548,0.0582105877548,0.057741147531,0.0582105877548,0.0580541076802,0.0583670678294,0.0578976276056,0.0583670678294,0.057741147531,0.0583670678294,0.0589929881279,0.0594624283517,0.0591494682025,0.0593059482771,0.0591494682025,0.0583670678294,0.058523547904,0.0574281873818,0.0578976276056,0.0594624283517,0.0602448287247,0.0611837091724,0.0599318685755,0.0607142689486,0.0600883486501,0.0607142689486,0.0602448287247,0.0596189084263,0.0600883486501,0.0599318685755,0.0607142689486,0.0619661095454,0.0610272290978,0.0600883486501,0.0616531493962,0.0610272290978,0.0610272290978,0.0607142689486,0.0607142689486,0.0599318685755,0.0597753885009,0.0602448287247,0.0602448287247,0.0610272290978,0.0618096294708,0.0597753885009,0.0596189084263,0.0604013087993,0.0607142689486,0.0602448287247,0.0611837091724,0.0614966693216,0.0618096294708,0.0622790696947,0.0622790696947,0.0624355497693,0.0630614700677,0.0633744302169,0.0635309102915,0.0638438704408,0.0624355497693,0.0638438704408,0.0627485099185,0.0629049899931,0.0633744302169,0.0654086711869,0.0666605117837,0.066973471933,0.0680688324552,0.0683817926044,0.0683817926044,0.0688512328283,0.0679123523806,0.0658781114107,0.0657216313361,0.0647827508884,0.0646262708138,0.0655651512615,0.0657216313361,0.0663475516345,0.0672864320822,0.0679123523806,0.066973471933,0.0663475516345,0.0668169918583,0.0683817926044,0.0704160335744,0.0691641929775,0.0688512328283,0.0686947527537,0.0672864320822,0.066973471933,0.0661910715599,0.0658781114107,0.0658781114107,0.0663475516345,0.0655651512615,0.0650957110376,0.0660345914853,0.0675993922314,0.0682253125298,0.0690077129029,0.0697901132759,0.0691641929775,0.0690077129029,0.0693206730521,0.0688512328283,0.0690077129029,0.0693206730521,0.0686947527537,0.068538272679,0.0672864320822,0.0658781114107,0.0657216313361,0.0671299520076,0.0683817926044,0.068538272679,0.067755872306,0.0675993922314,0.0674429121568,0.0674429121568,0.0680688324552,0.0671299520076,0.067755872306,0.068538272679,0.0675993922314,0.0668169918583,0.0671299520076,0.0657216313361,0.0643133106646,0.0643133106646,0.0638438704408,0.0652521911122,0.064939230963,0.064939230963,0.0650957110376,0.066973471933,0.0672864320822,0.0679123523806,0.0686947527537,0.0680688324552,0.0668169918583,0.067755872306,0.0674429121568,0.0686947527537,0.0682253125298,0.0683817926044,0.0668169918583,0.068538272679,0.0686947527537,0.0683817926044,0.0690077129029,0.0699465933505,0.0694771531267,0.0699465933505,0.0704160335744,0.0718243542459,0.0721373143951,0.071354914022,0.070572513649,0.0699465933505,0.070572513649,0.0693206730521,0.0699465933505,0.0701030734251,0.0704160335744,0.0699465933505,0.0697901132759,0.0691641929775,0.0693206730521,0.0691641929775,0.0697901132759,0.0683817926044,0.0682253125298,0.0675993922314,0.0672864320822,0.0675993922314,0.0671299520076,0.0672864320822,0.067755872306,0.0683817926044,0.0702595534998,0.0690077129029,0.068538272679,0.0690077129029,0.0701030734251,0.0719808343205,0.0704160335744,0.0699465933505,0.0702595534998,0.068538272679,0.0682253125298,0.0688512328283,0.0686947527537,0.0688512328283,0.0690077129029,0.0691641929775,0.0697901132759,0.0710419538728,0.0710419538728,0.070572513649,0.0702595534998,0.0697901132759,0.0711984339474,0.0708854737982,0.0691641929775,0.0697901132759,0.0686947527537,0.0697901132759,0.070572513649,0.0696336332013,0.0691641929775,0.0675993922314,0.0691641929775,0.0696336332013,0.0682253125298,0.0702595534998,0.0702595534998,0.070572513649,0.0722937944697,0.0744845155142,0.074953955738,0.0758928361857,0.0758928361857,0.0765187564841,0.0776141170064,0.077770597081,0.0782400373048,0.0780835572302,0.0780835572302,0.0780835572302,0.0804307583494,0.0827779594685,0.0827779594685,0.0816825989463,0.0816825989463,0.083403879767,0.0837168399162,0.0851251605877,0.0857510808861,0.0866899613338,0.0882547620799,0.0887242023037,0.0891936425275,0.0888806823783,0.0880982820053,0.0888806823783,0.0904454831244,0.090601963199,0.0918538037959,0.0931056443928,0.0935750846166,0.0948269252135,0.0967046861088,0.0967046861088,0.0978000466311,0.0995213274518,0.100616687974,0.0982694868549,0.100303727825,0.100303727825,0.101086128198,0.101242608272,0.101555568422,0.100773168049,0.0995213274518,0.100303727825,0.0992083673025,0.0995213274518,0.100616687974,0.102025008646,0.103276849242,0.101868528571,0.100616687974,0.100303727825,0.10014724775,0.0990518872279,0.100773168049,0.100460207899,0.0985824470041,0.0993648473772,0.0979565267057,0.0973306064072,0.0967046861088,0.0967046861088,0.0957658056611,0.0967046861088,0.0967046861088,0.0948269252135,0.0948269252135,0.0957658056611,0.097017646258,0.0963917259596,0.0971741263326,0.0974870864818,0.0963917259596,0.0967046861088,0.0956093255865,0.096235245885,0.0965482060342,0.0954528455119,0.0954528455119,0.094201004915,0.0924797240943,0.0931056443928,0.0943574849896,0.0946704451389,0.0957658056611,0.0945139650643,0.0957658056611,0.0963917259596,0.0965482060342,0.0949834052881,0.093418604542,0.094201004915,0.0943574849896,0.0945139650643,0.0949834052881,0.0956093255865,0.0956093255865,0.0945139650643,0.0949834052881,0.0945139650643,0.0963917259596,0.096235245885,0.0946704451389,0.0967046861088,0.097017646258,0.0984259669295,0.0990518872279,0.100303727825,0.101242608272,0.100773168049,0.0993648473772,0.102337968795,0.101712048496,0.101399088347,0.102494448869,0.104372209765,0.105624050362,0.10624997066,0.106875890958,0.107814771406,0.107032371033,0.10828421163,0.109066612003,0.111413813122,0.110005492451,0.110161972525,0.109066612003,0.107188851108,0.109379572152,0.108753651854,0.108597171779,0.108127731555,0.107658291331,0.105311090212,0.105624050362,0.10624997066,0.10828421163,0.106719410884,0.105937010511,0.106875890958,0.106406450735,0.107345331182,0.107188851108,0.106875890958,0.108440691705,0.108127731555,0.107188851108,0.106406450735,0.106562930809,0.104841649988,0.107501811257,0.108127731555,0.109066612003,0.112039733421,0.110787892824,0.110474932674,0.111100852973,0.110631412749,0.111100852973,0.112978613868,0.111413813122,0.111257333047,0.110787892824,0.112039733421,0.112665653719,0.111100852973,0.111726773271,0.112196213495,0.113761014241,0.114699894689,0.112665653719,0.110631412749,0.112978613868,0.113291574017,0.112822133794,0.111570293197,0.111413813122,0.111726773271,0.111883253346,0.110631412749,0.113761014241,0.114230454465,0.114543414614,0.114856374764,0.113604534167,0.112665653719,0.114699894689,0.115012854838,0.114543414614,0.113135093943,0.112822133794,0.11438693454,0.113604534167,0.112665653719,0.11235269357,0.113135093943,0.114230454465,0.11610821536,0.115951735286,0.115325814987,0.115169334913,0.117203575883,0.116264695435,0.116734135659,0.115638775137,0.117673016106,0.118611896554,0.120646137524,0.119707257076,0.120959097673,0.123462778867,