# R script for Peak Model
#  -- generated by MACS
p <- c(0.0341135480819,0.0368426319285,0.040178178852,0.0426040311601,0.0447266519296,0.0465460411606,0.0489718934687,0.0520042088538,0.0553397557773,0.0585236869316,0.0601914603934,0.0620108496244,0.0651947807788,0.0650431650095,0.0644367019325,0.0627689284707,0.0630721600092,0.0650431650095,0.064133470394,0.0642850861632,0.064739933471,0.064133470394,0.0633753915477,0.0633753915477,0.0642850861632,0.064739933471,0.0670141700098,0.0676206330868,0.0662560911635,0.0662560911635,0.0667109384713,0.0670141700098,0.0674690173176,0.0677722488561,0.067165785779,0.0664077069328,0.0682270961638,0.0691367907793,0.0689851750101,0.0703497169334,0.0720174903951,0.0732304165492,0.0732304165492,0.0721691061644,0.0727755692414,0.0727755692414,0.0735336480877,0.0732304165492,0.0730788007799,0.0723207219336,0.0709561800104,0.0721691061644,0.0709561800104,0.0700464853949,0.0711077957796,0.0708045642411,0.0708045642411,0.0706529484719,0.0705013327026,0.0701981011641,0.0688335592408,0.0685303277023,0.0674690173176,0.0670141700098,0.0662560911635,0.0648915492403,0.0650431650095,0.064133470394,0.064133470394,0.063527007317,0.0636786230862,0.0639818546247,0.0632237757785,0.0645883177017,0.064739933471,0.0651947807788,0.0656496280865,0.0633753915477,0.0638302388555,0.0645883177017,0.0638302388555,0.0636786230862,0.0633753915477,0.0636786230862,0.0633753915477,0.0626173127015,0.0639818546247,0.064133470394,0.064133470394,0.064133470394,0.064739933471,0.0645883177017,0.0648915492403,0.065346396548,0.0658012438558,0.0674690173176,0.0667109384713,0.0662560911635,0.0651947807788,0.0632237757785,0.0624656969322,0.0627689284707,0.064133470394,0.0651947807788,0.0639818546247,0.0639818546247,0.0642850861632,0.0650431650095,0.064133470394,0.0644367019325,0.0645883177017,0.064739933471,0.0642850861632,0.0639818546247,0.0633753915477,0.0630721600092,0.06292054424,0.0627689284707,0.0621624653937,0.0626173127015,0.0617076180859,0.0601914603934,0.0604946919319,0.0601914603934,0.0606463077012,0.0612527707782,0.062314081163,0.06292054424,0.0620108496244,0.0624656969322,0.0624656969322,0.06292054424,0.0620108496244,0.0620108496244,0.0626173127015,0.0630721600092,0.0636786230862,0.0636786230862,0.064739933471,0.0662560911635,0.0689851750101,0.0703497169334,0.0701981011641,0.0709561800104,0.0715626430874,0.0714110273181,0.0718658746259,0.0723207219336,0.0727755692414,0.0733820323184,0.0732304165492,0.0739884953954,0.0733820323184,0.0735336480877,0.0744433427032,0.0738368796262,0.0741401111647,0.0724723377029,0.0732304165492,0.0717142588566,0.0729271850107,0.0727755692414,0.0724723377029,0.0733820323184,0.0724723377029,0.0720174903951,0.0705013327026,0.0700464853949,0.0709561800104,0.0701981011641,0.0700464853949,0.0701981011641,0.0708045642411,0.0706529484719,0.0697432538563,0.0701981011641,0.0698948696256,0.0691367907793,0.0703497169334,0.0689851750101,0.0686819434716,0.0686819434716,0.0695916380871,0.0709561800104,0.0705013327026,0.0715626430874,0.0711077957796,0.0709561800104,0.0708045642411,0.0706529484719,0.0705013327026,0.0691367907793,0.0692884065486,0.0685303277023,0.0683787119331,0.0683787119331,0.0683787119331,0.0676206330868,0.067165785779,0.0673174015483,0.0688335592408,0.0679238646253,0.0691367907793,0.0697432538563,0.0691367907793,0.0691367907793,0.0682270961638,0.0688335592408,0.0680754803946,0.0670141700098,0.067165785779,0.0686819434716,0.0680754803946,0.0680754803946,0.0685303277023,0.0677722488561,0.0680754803946,0.0688335592408,0.0679238646253,0.0682270961638,0.0677722488561,0.0691367907793,0.0683787119331,0.0688335592408,0.0700464853949,0.0705013327026,0.0695916380871,0.0703497169334,0.0703497169334,0.0708045642411,0.0708045642411,0.0714110273181,0.0709561800104,0.0705013327026,0.0715626430874,0.0724723377029,0.0730788007799,0.0714110273181,0.0718658746259,0.0717142588566,0.0717142588566,0.0712594115489,0.0709561800104,0.0714110273181,0.0727755692414,0.0726239534722,0.0726239534722,0.0714110273181,0.0718658746259,0.0727755692414,0.0721691061644,0.0715626430874,0.0730788007799,0.0730788007799,0.0714110273181,0.0712594115489,0.0712594115489,0.0718658746259,0.0726239534722,0.0724723377029,0.0726239534722,0.0723207219336,0.0729271850107,0.0735336480877,0.0748981900109,0.0759595003957,0.0758078846265,0.0771724265497,0.0789918157808,0.0782337369345,0.0774756580882,0.0777788896268,0.0776272738575,0.0786885842423,0.0786885842423,0.078536968473,0.0783853527038,0.0792950473193,0.0788402000115,0.078536968473,0.0783853527038,0.0776272738575,0.0782337369345,0.0774756580882,0.0776272738575,0.0774756580882,0.0764143477035,0.0768691950112,0.076717579242,0.0786885842423,0.0777788896268,0.077930505396,0.0777788896268,0.077930505396,0.0780821211653,0.0805079734733,0.0803563577041,0.0803563577041,0.0823273627043,0.0842983677046,0.0852080623201,0.0846015992431,0.0852080623201,0.0865726042434,0.0868758357819,0.0888468407822,0.0912726930903,0.0936985453983,0.0935469296291,0.0940017769368,0.0956695503986,0.0967308607834,0.0988534815529,0.0996115603992,0.101279333861,0.100672870784,0.100824486553,0.101734181169,0.101734181169,0.101885796938,0.100066407707,0.0997631761684,0.100218023476,0.101885796938,0.101279333861,0.101582565399,0.102340644246,0.104160033477,0.104766496554,0.103705186169,0.104311649246,0.103705186169,0.104008417708,0.102643875784,0.103705186169,0.104614880785,0.1055245754,0.105827806939,0.105221343862,0.104766496554,0.103705186169,0.103705186169,0.1035535704,0.1035535704,0.104311649246,0.104008417708,0.104766496554,0.105221343862,0.106282654246,0.105827806939,0.105372959631,0.103705186169,0.104311649246,0.104008417708,0.103098723092,0.1035535704,0.103250338861,0.102643875784,0.102037412707,0.102643875784,0.103705186169,0.104311649246,0.102340644246,0.103098723092,0.103705186169,0.1055245754,0.105372959631,0.104614880785,0.105069728092,0.104463265015,0.105372959631,0.1074955804,0.109466585401,0.108102043477,0.108253659247,0.109466585401,0.110073048478,0.109314969631,0.108253659247,0.1074955804,0.109163353862,0.109011738093,0.108860122324,0.10961820117,0.109466585401,0.108556890785,0.107343964631,0.105372959631,0.104463265015,0.104008417708,0.103856801938,0.10143094963,0.102947107323,0.102037412707,0.10340195463,0.10340195463,0.10340195463,0.102340644246,0.101582565399,0.103098723092,0.102492260015,0.101885796938,0.101127718092,0.102795491553,0.101127718092,0.101127718092,0.101127718092,0.100672870784,0.101734181169,0.100976102322,0.101127718092,0.101582565399,0.102037412707,0.104311649246,0.106282654246,0.107040733093,0.106434270016,0.106585885785,0.105827806939,0.109314969631,0.108556890785,0.109769816939,0.109921432708,0.110527895785,0.110224664247,0.109314969631,0.10961820117,0.109769816939,0.110982743093,0.10961820117,0.111134358862,0.112044053478,0.111134358862,0.111437590401,0.110831127324,0.111437590401,0.11158920617,0.111134358862,0.110527895785,0.111134358862,0.110376280016,0.110527895785,0.111740821939,0.111892437709,0.110831127324,0.108860122324,0.108102043477,0.106282654246,0.106737501554,0.106585885785,0.107343964631,0.10764719617,0.108253659247,0.108253659247,0.106889117323,0.109466585401,0.109769816939,0.109921432708,0.110831127324,0.112044053478,0.112953748093,0.11371182694,0.11371182694,0.115531216171,0.115227984632,0.114469905786,0.115379600401,0.116592526556,0.11568283194,0.116592526556,0.117502221171,0.11765383694,0.118260300017,0.120079689248,0.121140999633,0.119473226171,0.118715147325,0.120382920787,0.120382920787,0.120382920787,0.12371846771,0.121899078479,0.12174746271,0.122353925787,0.122353925787,0.120534536556,0.118563531556,0.11780545271,0.117957068479,0.11780545271,0.118715147325,0.119018378864,0.119928073479,0.118563531556,0.118411915787,0.119321610402,0.119321610402,0.121140999633,0.12174746271,0.121595846941,0.120079689248,0.120837768095,0.123263620403,0.123415236172,0.123263620403,0.12371846771,0.122505541556,0.124476546557,0.126144320018,0.125537856941,0.128418556557,0.12993471425,0.135089650404,