# R script for Peak Model
#  -- generated by MACS
p <- c(0.0250806182525,0.0258981632673,0.0266325681112,0.0272561193937,0.0279905242376,0.0287249290814,0.0295840441818,0.0302768789402,0.0309697136985,0.0316209783714,0.0322999564346,0.0328957943267,0.0336440558658,0.0344200307951,0.035071295468,0.0356671333602,0.036235257862,0.0369696627059,0.0376486407691,0.0382860487467,0.0389788835051,0.039630148178,0.0402536994605,0.0409465342188,0.041625512282,0.0424430572969,0.0431081786649,0.0435793063006,0.0442028575831,0.0449095490366,0.045685523966,0.0463367886388,0.04684948636,0.0474453242522,0.0482212991816,0.0482212991816,0.0479995920589,0.0478471684121,0.0479857353637,0.0479718786686,0.0481520157057,0.0484014362187,0.0483737228284,0.0485954299511,0.0487062835124,0.0488864205496,0.0488032803786,0.0485400031704,0.0486231433414,0.0484291496091,0.0484707196946,0.0484568629994,0.0484291496091,0.0485815732559,0.0487062835124,0.0488032803786,0.0489418473303,0.0488864205496,0.0490249875013,0.0490111308061,0.0492328379288,0.0493298347949,0.0493852615756,0.0493852615756,0.0494822584418,0.0495653986128,0.0498979592968,0.0497316789548,0.0498148191258,0.050078096334,0.0502859467615,0.0501196664195,0.0501335231146,0.0502582333711,0.0502720900663,0.0502582333711,0.0501889498953,0.0502859467615,0.0504245137131,0.0505215105793,0.05057693736,0.050743217702,0.0506877909213,0.0506323641406,0.0506462208358,0.0508540712633,0.0510064949102,0.0510896350812,0.0512143453377,0.051325198899,0.0512004886425,0.0514360524603,0.0515053359362,0.0515053359362,0.0515607627168,0.0515469060217,0.0516854729733,0.051990320267,0.0521288872187,0.0521843139994,0.0520873171332,0.0520318903525,0.0521704573042,0.0523921644269,0.0523783077317,0.0524475912075,0.0526831550254,0.0530572857949,0.0532374228321,0.0533344196982,0.0532928496127,0.0530849991852,0.0530849991852,0.0528632920626,0.0528771487577,0.0526970117205,0.0527247251109,0.0530711424901,0.0528771487577,0.0531542826611,0.0531958527466,0.0532928496127,0.0531958527466,0.0533621330886,0.0534314165644,0.0535284134306,0.0537639772484,0.0539025442001,0.0538471174194,0.0540411111518,0.0541658214083,0.0541519647131,0.0541796781034,0.0543321017503,0.0542073914938,0.0541935347986,0.0543459584454,0.0545260954826,0.0547755159956,0.0546785191294,0.0547062325198,0.0547755159956,0.0548170860811,0.0548725128618,0.0550387932038,0.0550942199845,0.0553574971926,0.055551490925,0.055634631096,0.0557870547428,0.0558424815235,0.0560087618655,0.0561750422075,0.0563274658543,0.056382892635,0.0565214595867,0.0566600265383,0.0567015966238,0.0565768863673,0.0566600265383,0.0568540202707,0.0567570234045,0.0567847367948,0.0569510171369,0.057214294345,0.0573944313822,0.057463714858,0.0575607117242,0.0575745684194,0.0576854219807,0.0578378456275,0.0581842630067,0.0581842630067,0.0583644000439,0.0584752536052,0.0585029669956,0.0586415339472,0.0585583937762,0.0584198268246,0.0585445370811,0.0585999638617,0.0588770977651,0.0590295214119,0.0593343687056,0.0593343687056,0.0594729356573,0.0594867923524,0.0593897954863,0.0596115026089,0.0595699325234,0.0597084994751,0.0595699325234,0.0599440632929,0.0598609231219,0.0598332097316,0.0596669293896,0.0595699325234,0.0596946427799,0.0596946427799,0.0600133467688,0.0601242003301,0.0601519137205,0.060027203464,0.060027203464,0.0601380570253,0.0601657704156,0.060110343635,0.0603043373673,0.060276623977,0.0603459074528,0.0603459074528,0.0605399011851,0.0607477516126,0.0608724618691,0.0608447484788,0.0610664556015,0.0609278886498,0.0608031783933,0.0608170350885,0.0607061815271,0.0605814712706,0.060609184661,0.0607893216981,0.0607477516126,0.0610664556015,0.0611634524677,0.0612188792483,0.061191165858,0.0613990162855,0.0616761501888,0.061856287226,0.0620641376535,0.0622165613004,0.0621749912149,0.062022567568,0.0620364242632,0.0621611345197,0.0624521251182,0.0627292590215,0.0629786795345,0.0630341063152,0.0631588165717,0.0634082370847,0.0631865299621,0.0631449598766,0.0633805236944,0.0633250969137,0.0635745174267,0.0637962245494,0.0640317883672,0.0640872151479,0.0638793647204,0.0641980687093,0.0642812088803,0.0645583427836,0.0649463302483,0.0650987538951,0.0653897444936,0.0656530217018,0.0655975949211,0.0657361618728,0.0662211462037,0.0663874265457,0.0665121368022,0.0667061305345,0.0672881117315,0.0678008094527,0.0681333701367,0.0685352142966,0.0682996504787,0.0682857937836,0.0686183544676,0.0690201986274,0.0692280490549,0.0696576066051,0.0702534444973,0.0705721484861,0.0708769957798,0.071140272988,0.0716806840995,0.0720825282593,0.0725675125902,0.0729000732742,0.073052496921,0.0735790513374,0.0739670388021,0.0744520231329,0.0749370074638,0.0752279980623,0.0757268390883,0.0765443841032,0.0769877983485,0.0771817920808,0.0778192000585,0.0781656174377,0.0782903276942,0.0786367450734,0.0795512869544,0.0798699909433,0.0802441217128,0.0805628257016,0.0807706761291,0.0812972305455,0.0819762086087,0.0827106134525,0.0833203080399,0.0835558718577,0.0837637222852,0.0839577160176,0.0841794231402,0.0846782641663,0.0852879587536,0.0857729430845,0.0864103510621,0.0869230487833,0.0872001826867,0.0876158835417,0.0881285812629,0.0885165687275,0.0886551356792,0.0893064003521,0.0897082445119,0.0900685185863,0.0905950730026,0.091121627419,0.0914264747126,0.0918560322628,0.0922994465082,0.0926320071922,0.093283271865,0.0940038200137,0.0945719445156,0.0951123556271,0.0959576140323,0.0964980251438,0.0967890157423,0.0971077197312,0.0973848536345,0.0978005544895,0.0984379624672,0.0988536633222,0.0993940744337,0.0998374886791,0.100405613181,0.100918310902,0.101112304634,0.101514148794,0.10161114566,0.101791282698,0.10198527643,0.102262410333,0.10244254737,0.102705824579,0.103149238824,0.103398659337,0.103661936545,0.104091494095,0.104465624865,0.104895182415,0.105116889538,0.10533859666,0.105726584125,0.106086858199,0.106447132274,0.106738122872,0.107236963898,0.107763518315,0.107555667887,0.108248502646,0.108553349939,0.109052190965,0.109772739114,0.110354720311,0.1106734243,0.111324688973,0.111421685839,0.112045237121,0.112710358489,0.113403193248,0.114179168177,0.114664152508,0.114608725727,0.115398557352,0.115814258207,0.116022108634,0.116576376441,0.116825796954,0.117269211199,0.117823479006,0.11853017046,0.118821161058,0.119403142255,0.119888126586,0.120303827441,0.120761098381,0.121121372456,0.121717210348,0.122174481288,0.122839602656,0.123338443683,0.123532437415,0.123864998099,0.124169845393,0.124502406077,0.125015103798,0.125597084995,0.126082069326,0.126816474169,0.127010467902,0.127800299526,0.128299140552,0.128978118616,0.129573956508,0.130322218047,0.130640922036,0.130987339415,0.131597034002,0.132303725456,0.133010416909,0.133661681582,0.134479226597,0.135352198392,0.136128173322,0.136973431727,0.137292135716,0.137929543693,0.138192820902,0.138830228879,0.139592347114,0.140437605519,0.14092258985,0.141670851389,0.142626963355,0.143264371333,0.143971062786,0.144774751106,0.145356732303,0.146257417489,0.146728545125,0.147310526322,0.148100357946,0.148626912363,0.148959473047,0.149486027463,0.149971011794,0.150954837151,0.151786238861,0.152437503533,0.153158051682,0.153518325756,0.154363584162,0.155361266214,0.155596830032,0.156442088437,0.157619907526,0.158298885589,0.159310424336,0.160280392998,0.161084081318,0.161638349124,0.162248043712,0.163010161946,0.163425862801,0.164104840864,0.16497781266,0.165684504113,0.166571332604,0.167388877619,0.167943145425,0.168538983318,0.169550522065,0.170049363091,0.171005475057,0.17165673973,0.172280291013,0.172848415515,0.173901524347,0.174705212667,0.175772178195,0.176451156258,0.177434981615,0.178210956544,0.17911164173,0.179444202414,0.180303317515,0.181065435749,0.181882980764,0.182686669083,0.183615067659,0.184127765381,0.184640463102,0.184959167091,0.185458008117,0.186026132619,0.187023814671,0.187924499856,0.188492624358,0.18908846225,0.189531876496,0.189906007265,0.191277820087,0.1915272406,0.1915272406,0.192150791882,0.192580349433,0.193675028351,0.194201582767,0.194797420659,0.195448685332,