# R script for Peak Model
#  -- generated by MACS
p <- c(0.0355008830796,0.0378573073102,0.0395183932432,0.0415271483249,0.0435745333121,0.045506028583,0.0477465630973,0.0496780583682,0.0518027031663,0.0534251591938,0.0550862451268,0.0565928114382,0.0582925272766,0.059992243115,0.0615760692372,0.0635461944135,0.0653617999682,0.0668297363741,0.0671774055228,0.0667138466578,0.0665979569416,0.0668297363741,0.0670615158066,0.0669069961849,0.0669069961849,0.0668297363741,0.0663661775091,0.0660185083603,0.0658253588332,0.0656322093061,0.0656708392115,0.0654776896844,0.0652072803465,0.0657094691169,0.0653231700628,0.0650913906302,0.0654004298736,0.064975500914,0.0649368710086,0.064975500914,0.0648982411031,0.0647050915761,0.064511942049,0.0645505719544,0.0641642729002,0.064241532711,0.0643960523327,0.0650913906302,0.0652459102519,0.0656708392115,0.0659412485494,0.0659798784549,0.0665979569416,0.0668297363741,0.0662889176982,0.0671774055228,0.067563704577,0.0674864447662,0.067563704577,0.0681045232529,0.0684135624962,0.06829767278,0.0686067120233,0.0687998615504,0.0689930110775,0.0689930110775,0.06922479051,0.0689157512667,0.0691089007938,0.0686839718342,0.0687226017396,0.06829767278,0.0676409643879,0.0672932952391,0.0676795942933,0.0672546653337,0.067100145712,0.0668683662795,0.0668683662795,0.0672160354283,0.0672932952391,0.0677182241987,0.0674478148608,0.0667524765632,0.0665593270361,0.0662116578874,0.066173027982,0.0660957681711,0.0653231700628,0.0652845401573,0.065902618644,0.0653617999682,0.0650913906302,0.0646278317652,0.0646278317652,0.0636620841298,0.0633530448864,0.0631985252647,0.062850856116,0.0628122262105,0.0626577065889,0.0631212654539,0.0630053757376,0.0635848243189,0.0634303046972,0.0635461944135,0.0638938635623,0.0640870130894,0.0647437214815,0.064511942049,0.0642801626164,0.064241532711,0.0643187925219,0.0648209812923,0.0645892018598,0.0639711233731,0.0641256429948,0.0640483831839,0.0646278317652,0.0651686504411,0.0654776896844,0.0657094691169,0.0657480990224,0.065902618644,0.0662502877928,0.0670228859012,0.0667911064687,0.0673319251445,0.0673705550499,0.0683749325908,0.0686453419287,0.0697656091859,0.0698814989021,0.0700746484292,0.0705382072943,0.0708086166322,0.0709631362539,0.0707699867268,0.0708086166322,0.0707313568213,0.0709245063484,0.0713880652135,0.0711562857809,0.0712721754972,0.0711562857809,0.0714653250243,0.071619844646,0.0715039549297,0.0713108054026,0.0711176558755,0.071619844646,0.0718516240785,0.0714653250243,0.0714653250243,0.0710017661593,0.0705382072943,0.0703450577672,0.0701905381455,0.0704609474834,0.0701519082401,0.0704995773888,0.0697269792805,0.0693020503209,0.0686839718342,0.0685680821179,0.0679886335366,0.0676023344824,0.0674864447662,0.067563704577,0.0674478148608,0.0669842559957,0.0664820672253,0.0665206971307,0.0665206971307,0.0667524765632,0.0661343980765,0.0658253588332,0.0655163195898,0.0653231700628,0.0654776896844,0.0655549494953,0.0660185083603,0.0665206971307,0.0667524765632,0.0670615158066,0.0673705550499,0.0671774055228,0.0674478148608,0.067563704577,0.0676795942933,0.068761231645,0.0692634204154,0.0695338297534,0.0692634204154,0.068761231645,0.0688384914558,0.0679886335366,0.0681431531583,0.0684135624962,0.0685680821179,0.0691861606046,0.0691089007938,0.068761231645,0.0686067120233,0.0684521924017,0.0680658933475,0.0681045232529,0.0686453419287,0.0684908223071,0.06829767278,0.0676023344824,0.0684135624962,0.0689543811721,0.0689543811721,0.0694179400371,0.0690702708883,0.068761231645,0.0683363026854,0.0674091849554,0.0676023344824,0.0676795942933,0.0673705550499,0.0668297363741,0.066636586847,0.0668683662795,0.0668297363741,0.066173027982,0.0662116578874,0.0660957681711,0.0666752167524,0.0668683662795,0.0669456260903,0.0673705550499,0.0677182241987,0.0674091849554,0.067563704577,0.0675250746716,0.0674091849554,0.06829767278,0.0681817830637,0.06829767278,0.068761231645,0.0689930110775,0.0687998615504,0.0690702708883,0.0688384914558,0.0693020503209,0.0691861606046,0.069495199848,0.0694565699425,0.0692634204154,0.0695724596588,0.0693793101317,0.069958758713,0.0704609474834,0.0708086166322,0.0710790259701,0.0709631362539,0.0711949156864,0.0709631362539,0.0711176558755,0.0708086166322,0.0711949156864,0.0708086166322,0.0712721754972,0.0715425848351,0.0717357343622,0.0719288838893,0.0718902539839,0.071619844646,0.0724310726598,0.0721220334164,0.0722765530381,0.0724697025652,0.0720447736056,0.0730877810519,0.0731264109573,0.0726628520923,0.0728560016194,0.0732036707681,0.0732423006736,0.0740921585928,0.0740535286873,0.0743625679307,0.0740921585928,0.074671607174,0.0748647567011,0.0753669454716,0.0752124258499,0.0754442052824,0.0761009136745,0.0762554332962,0.0758305043366,0.0766417323504,0.0770280314046,0.0775688500804,0.0774915902696,0.0783028182834,0.0781482986617,0.0786891173376,0.0784959678105,0.078264188378,0.0784959678105,0.0790754163918,0.0796162350676,0.079925274311,0.0801184238381,0.0808137621356,0.0807751322302,0.0813932107169,0.0825521078794,0.0822430686361,0.0828611471228,0.0840973040962,0.0849857919208,0.0854493507858,0.0859515395563,0.0861833189888,0.0874194759622,0.0880761843543,0.088694262841,0.0895054908548,0.090355348774,0.0905098683956,0.091746025369,0.0921709543286,0.0921323244232,0.0923254739503,0.0929049225316,0.0932912215858,0.0938706701671,0.0939479299779,0.0946432682754,0.0947205280863,0.0948364178025,0.0952999766675,0.0958794252488,0.0961498345867,0.096729283168,0.0965361336409,0.0965747635463,0.0969224326951,0.0970769523168,0.0971155822222,0.0978881803306,0.0981585896685,0.0981199597631,0.098390369101,0.0988925578715,0.0986994083444,0.0987766681552,0.0986221485335,0.0993174868311,0.099587896169,0.0990470774931,0.0992402270202,0.0999355653178,0.0998196756015,0.100012825129,0.100437754088,0.10059227371,0.100437754088,0.10059227371,0.100824053142,0.101442131629,0.10109446248,0.101480761535,0.10151939144,0.102407879265,0.102485139075,0.102987327846,0.102910068035,0.102910068035,0.103103217562,0.102987327846,0.103103217562,0.103334996995,0.103489516616,0.103644036238,0.103605406333,0.103489516616,0.103721296049,0.103721296049,0.103759925954,0.103489516616,0.103257737184,0.103257737184,0.103412256805,0.103141847468,0.103064587657,0.103489516616,0.103334996995,0.102601028792,0.10244650917,0.102910068035,0.102601028792,0.102601028792,0.102407879265,0.102098840021,0.102137469927,0.101635281156,0.102137469927,0.101828430683,0.10244650917,0.101751170872,0.101982950305,0.101867060589,0.1019443204,0.102060210116,0.102176099832,0.102369249359,0.102987327846,0.103334996995,0.103721296049,0.103991705387,0.10472567359,0.104996082928,0.104532524063,0.104648413779,0.105111972644,0.105459641793,0.106116350185,0.105807310941,0.105884570752,0.106039090374,0.106039090374,0.106502649239,0.10615498009,0.106888948293,0.106502649239,0.106039090374,0.106309499712,0.106039090374,0.106695798766,0.107197987536,0.106888948293,0.107197987536,0.107854695929,0.108356884699,0.10893633328,0.108550034226,0.108318254794,0.108627294037,0.109129482807,0.109708931389,0.110481529497,0.110597419213,0.110636049119,0.110056600537,0.109824821105,0.110442899592,0.110636049119,0.110404269686,0.110983718267,0.111060978078,0.110597419213,0.110867828551,0.11071330893,0.110597419213,0.111099607984,0.111331387416,0.111756316376,0.111099607984,0.112258505146,0.112374394863,0.113301512593,0.113880961174,0.113842331268,0.114383149944,0.114653559282,0.114730819093,0.114846708809,0.115155748053,0.114614929377,0.114267260228,0.113571921931,0.114190000417,0.11492396862,0.115542047107,0.115426157391,0.115194377958,0.115039858336,0.115387527485,0.115735196634,0.117087243324,0.117512172283,0.117628061999,0.117434912472,0.117589432094,0.117512172283,0.117628061999,0.118400660108,0.118671069446,0.118864218973,0.119327777838,0.118825589067,0.118516549824,0.118593809635,0.118825589067,0.118362030202,0.118555179729,0.118516549824,0.117975731148,0.118941478784,0.118825589067,0.118516549824,0.119366407743,0.120139005852,0.120100375946,