# R script for Peak Model
#  -- generated by MACS
p <- c(0.0278838888223,0.0292796693777,0.0307706167891,0.0323567310566,0.0338159561826,0.0352434590234,0.036480628152,0.0375591858539,0.0392404669774,0.0408265812449,0.0425078623684,0.0440622543506,0.0452677011938,0.0468855377467,0.0485033742995,0.0500260439963,0.0515804359784,0.0528493273924,0.053356883958,0.0527541605363,0.0524369376828,0.0529127719631,0.052087992544,0.0518342142612,0.0517390474051,0.0516121582638,0.0511680462689,0.0508825457007,0.0512314908396,0.0511363239835,0.0518976588319,0.0522783262561,0.0521514371147,0.0522148816854,0.0522148816854,0.0520245479733,0.0518976588319,0.0517707696905,0.0513901022663,0.0513901022663,0.051358379981,0.0513266576956,0.0513901022663,0.0514852691224,0.051453546837,0.0512314908396,0.0508825457007,0.0506287674179,0.0508825457007,0.0504384337058,0.0498357102842,0.0500260439963,0.0498039879988,0.0501212108523,0.0499308771402,0.0505336005619,0.0505970451326,0.0502163777084,0.0505336005619,0.050723934274,0.05081910113,0.0510728794128,0.0519293811172,0.0525321045389,0.0525955491096,0.0525638268242,0.0523417708268,0.0519611034026,0.0521831594,0.0519928256879,0.0518659365465,0.0519611034026,0.0516121582638,0.0518342142612,0.0519928256879,0.0521831594,0.0523734931121,0.0526272713949,0.0530079388191,0.0533251616726,0.0532617171019,0.0535154953847,0.0538009959529,0.053991329665,0.0540547742357,0.0545940530866,0.0552284987936,0.0552919433643,0.0549429982255,0.0546892199427,0.0544988862306,0.0543402748038,0.0544988862306,0.054720942228,0.0544037193745,0.0545306085159,0.0544988862306,0.0544354416599,0.0537692736675,0.0533886062433,0.0531665502459,0.0535154953847,0.053356883958,0.0533251616726,0.0533251616726,0.053452050814,0.0536106622408,0.0538961628089,0.0547843867987,0.0548478313694,0.0548795536548,0.0546574976573,0.0544988862306,0.0543402748038,0.053991329665,0.053991329665,0.0538644405236,0.0540547742357,0.0542768302331,0.0546892199427,0.0550698873669,0.0550064427962,0.0548478313694,0.0550698873669,0.0556726107885,0.0562753342101,0.0564022233515,0.0564022233515,0.0562118896394,0.0563705010662,0.0569097799171,0.0569415022025,0.0564973902076,0.0565925570636,0.0566877239197,0.056624279349,0.0571952804853,0.0574173364827,0.0582103936165,0.0584007273286,0.0584958941846,0.0584958941846,0.058622783326,0.0584958941846,0.0584958941846,0.0587813947528,0.0591303398916,0.0591303398916,0.059257229033,0.0595427296011,0.0597647855986,0.0600185638814,0.0601454530228,0.0601137307374,0.05989167474,0.0597013410279,0.0591937844623,0.0590351730355,0.059257229033,0.0588131170381,0.0589082838942,0.05852761647,0.0586862278967,0.0591937844623,0.0592255067476,0.0590034507502,0.0591937844623,0.0590034507502,0.0592889513183,0.0592889513183,0.0591937844623,0.0596378964572,0.0593206736037,0.0595427296011,0.0590351730355,0.0588765616088,0.058622783326,0.0591937844623,0.0591937844623,0.0592889513183,0.0590986176062,0.0589082838942,0.0590351730355,0.0593206736037,0.0596061741718,0.0595744518865,0.0599233970253,0.0596696187425,0.0596696187425,0.0601137307374,0.0600502861667,0.05989167474,0.05989167474,0.0603675090202,0.0601137307374,0.0603040644495,0.0601771753081,0.0610653992979,0.0613508998661,0.0608433433005,0.0608750655858,0.0609702324419,0.0606530095884,0.061160566154,0.0612240107247,0.0613191775807,0.0616046781489,0.0614460667221,0.061890178717,0.0615729558635,0.0620170678584,0.0628735695628,0.063254236987,0.0630956255603,0.0627466804214,0.0628101249921,0.0626515135654,0.062524624424,0.0626832358508,0.0625563467094,0.0622708461412,0.061795011861,0.0614460667221,0.0616364004342,0.0617315672903,0.0614143444368,0.0619853455731,0.0621122347145,0.0623977352826,0.062429457568,0.063159070131,0.0630639032749,0.0632225147017,0.0627149581361,0.0622708461412,0.0630004587042,0.0627784027068,0.0628418472775,0.0633811261284,0.0633494038431,0.0633176815577,0.0634128484138,0.0637300712673,0.0637617935526,0.0636666266966,0.0640472941208,0.0637300712673,0.0629687364189,0.0630321809896,0.0632859592724,0.0635397375552,0.0639204049794,0.0639838495501,0.0643645169743,0.0641741832622,0.0638252381233,0.0645548506864,0.0650306849666,0.0654747969615,0.065792019815,0.0660775203832,0.0661092426685,0.0655382415322,0.0657602975297,0.0658871866711,0.065792019815,0.0653479078201,0.0655065192469,0.0662361318099,0.0666167992341,0.0668388552315,0.0661092426685,0.0666167992341,0.0670926335143,0.0669340220876,0.0670926335143,0.0671878003704,0.0673146895118,0.0671243557997,0.0671878003704,0.0673146895118,0.067695356936,0.0683615249283,0.0689325260646,0.0690911374914,0.0686153032111,0.0687421923525,0.0688056369232,0.0692180266328,0.0694083603449,0.0701062506225,0.0708675854709,0.0705503626174,0.0712799751805,0.0714703088926,0.072326810597,0.0728343671626,0.0728343671626,0.0731198677308,0.0732784791575,0.0735639797257,0.0734053682989,0.0742935922887,0.0746425374275,0.0746742597129,0.074864593425,0.075499039132,0.0762603739804,0.0770217088288,0.0767044859753,0.0764824299778,0.0768313751167,0.077592709965,0.0778464882478,0.0785126562402,0.078766434523,0.0788933236644,0.0782906002427,0.0778464882478,0.0785443785255,0.0789250459497,0.080130492793,0.0804794379319,0.0807332162147,0.0808918276414,0.0806063270733,0.0801939373637,0.0807014939293,0.0816214402044,0.0814311064923,0.0813042173509,0.0805111602172,0.0804159933612,0.0812724950656,0.08212899677,0.0826365533356,0.0829220539038,0.0833661658987,0.0828586093331,0.0831441099012,0.0828268870477,0.082763442477,0.0825096641942,0.0822558859114,0.0820655521993,0.0828268870477,0.0831758321866,0.0828586093331,0.0825731087649,0.083302721328,0.0837151110375,0.0842226676031,0.084571612742,0.0850474470222,0.0857136150145,0.0852695030196,0.0852377807343,0.0847302241687,0.0852695030196,0.0855232813024,0.0854598367317,0.086030837868,0.0867287281457,0.0863797830069,0.0859039487266,0.0857770595852,0.0863480607215,0.0870776732846,0.0871411178553,0.0868873395725,0.0867921727164,0.086665283575,0.0870459509992,0.0876486744209,0.0874900629941,0.0879024527037,0.0883782869839,0.0888541212641,0.0891396218323,0.0899009566807,0.089932678966,0.0897106229686,0.0906305692437,0.0913284595214,0.091740849231,0.0913284595214,0.0906940138144,0.0907257360998,0.0911698480947,0.0911698480947,0.0915822378042,0.0921849612259,0.0929145737889,0.0934855749252,0.0930414629303,0.0932635189277,0.0935807417812,0.0944055212003,0.0943103543443,0.0946275771978,0.0948496331952,0.0952937451901,0.0953889120462,0.0959599131824,0.0965626366041,0.0971336377404,0.0972605268818,0.0975460274499,0.0976094720206,0.0979266948741,0.0984976960104,0.0981804731569,0.0979266948741,0.0981804731569,0.0986245851518,0.0991321417174,0.0997031428537,0.100020365707,0.0999886434218,0.100178977134,0.0999251988511,0.0997665874244,0.100115532563,0.100337588561,0.100401033131,0.100464477702,0.100781700556,0.100432755417,0.100654811414,0.100401033131,0.100559644558,0.101194090265,0.101543035404,0.101669924545,0.10205059197,0.102685037677,0.103192594242,0.10341465024,0.103636706237,0.103509817096,0.103700150808,0.103541539381,0.103795317664,0.103636706237,0.103922206805,0.104112540517,0.104398041085,0.10484215308,0.105666932499,0.105127653648,0.106079322209,0.106237933636,0.106428267348,0.107284769052,0.10757026962,0.108077826186,0.109092939317,0.109790829595,0.110393553017,0.11071077587,0.111059721009,0.112423779279,0.11255066842,0.113153391842,0.1143271164,0.115247062675,0.116071842094,0.116420787233,0.117689678647,0.117309011223,0.1180069015,0.118451013495,0.118451013495,0.118958570061,0.120386072902,0.121306019177,0.121242574606,0.122352854593,0.123336245439,0.124129302573,0.125049248848,0.126222973406,0.127301531108,0.128411811095,0.129712424794,0.131457150489,0.13199642934,0.133487376751,0.134470767597,0.134248711599,0.13615204872,0.137389217849,0.138372608695,0.140022167533,0.141037280664,0.142369616649,0.143670230348,0.143987453202,0.145954234893,0.148143072582,0.149031296572,0.149951242847,0.151410467973,0.153440694236,0.154519251938,0.156771534198,