# R script for Peak Model
#  -- generated by MACS
p <- c(0.0298519725581,0.0310843934435,0.0323168143289,0.034370849138,0.0360140769852,0.0379311761403,0.0402590822572,0.0421761814124,0.0434086022978,0.0454626371068,0.0476536075698,0.0497076423788,0.0512139345721,0.0531310337273,0.0540895833048,0.0564174894217,0.0592931381544,0.0609363660016,0.0612102373095,0.0618949155792,0.0606624946937,0.0607994303477,0.0609363660016,0.0625795938489,0.0635381434264,0.0632642721185,0.0624426581949,0.0634012077725,0.0635381434264,0.0624426581949,0.0616210442713,0.0616210442713,0.062305722541,0.062168786887,0.0624426581949,0.0634012077725,0.0634012077725,0.0632642721185,0.0634012077725,0.062168786887,0.0620318512331,0.0618949155792,0.0618949155792,0.062305722541,0.0631273364646,0.0629904008107,0.0624426581949,0.0616210442713,0.0620318512331,0.0612102373095,0.0629904008107,0.0627165295028,0.0612102373095,0.0607994303477,0.0605255590398,0.0603886233859,0.0607994303477,0.0598408807701,0.0599778164241,0.0594300738083,0.0587453955386,0.0581976529229,0.0587453955386,0.0591562025004,0.0591562025004,0.060114752078,0.0605255590398,0.0606624946937,0.0605255590398,0.0612102373095,0.0609363660016,0.0599778164241,0.0603886233859,0.0616210442713,0.062305722541,0.062305722541,0.0631273364646,0.0632642721185,0.0635381434264,0.0629904008107,0.0624426581949,0.0624426581949,0.062168786887,0.0625795938489,0.0628534651567,0.0638120147343,0.0628534651567,0.0629904008107,0.0628534651567,0.0634012077725,0.0634012077725,0.0628534651567,0.0631273364646,0.0634012077725,0.0632642721185,0.0631273364646,0.0635381434264,0.0638120147343,0.0640858860421,0.0634012077725,0.0649074999658,0.0639489503882,0.0647705643118,0.0638120147343,0.0627165295028,0.0616210442713,0.0616210442713,0.0625795938489,0.0628534651567,0.0617579799252,0.0607994303477,0.0624426581949,0.0616210442713,0.0614841086174,0.0606624946937,0.0605255590398,0.0606624946937,0.0598408807701,0.0595670094623,0.0594300738083,0.0591562025004,0.0598408807701,0.0594300738083,0.0595670094623,0.0602516877319,0.0606624946937,0.0612102373095,0.0618949155792,0.0617579799252,0.0607994303477,0.0609363660016,0.0605255590398,0.0617579799252,0.062305722541,0.0628534651567,0.0625795938489,0.0618949155792,0.062305722541,0.0628534651567,0.0639489503882,0.064496693004,0.0649074999658,0.0661399208512,0.0664137921591,0.0655921782354,0.0660029851973,0.0661399208512,0.0651813712736,0.0650444356197,0.0654552425815,0.0657291138894,0.0658660495433,0.0669615347748,0.0680570200063,0.068741698276,0.0690155695839,0.068741698276,0.0680570200063,0.0694263765457,0.0688786339299,0.0691525052378,0.068741698276,0.0688786339299,0.068741698276,0.0688786339299,0.0695633121996,0.0697002478535,0.0703849261232,0.0699741191614,0.0706587974311,0.0697002478535,0.0697002478535,0.0698371835075,0.0690155695839,0.0692894408917,0.0690155695839,0.0694263765457,0.0697002478535,0.0690155695839,0.0684678269681,0.068741698276,0.0683308913142,0.0688786339299,0.0688786339299,0.0697002478535,0.0694263765457,0.0684678269681,0.0692894408917,0.068604762622,0.0680570200063,0.0680570200063,0.0694263765457,0.0697002478535,0.0692894408917,0.0684678269681,0.0680570200063,0.0676462130445,0.0676462130445,0.0675092773906,0.0668245991209,0.0672354060827,0.0672354060827,0.0675092773906,0.0675092773906,0.0670984704287,0.0657291138894,0.066550727813,0.0658660495433,0.0650444356197,0.0666876634669,0.0654552425815,0.0660029851973,0.0660029851973,0.0655921782354,0.0658660495433,0.0669615347748,0.0679200843524,0.068741698276,0.0692894408917,0.0699741191614,0.0694263765457,0.0694263765457,0.0717542826626,0.0727128322401,0.0720281539704,0.0725758965862,0.0725758965862,0.070932668739,0.0721650896244,0.0720281539704,0.0714804113547,0.0714804113547,0.0716173470086,0.0721650896244,0.0721650896244,0.0725758965862,0.0736713818177,0.0731236392019,0.0733975105098,0.0733975105098,0.0742191244334,0.0747668670492,0.0738083174716,0.0742191244334,0.0746299313952,0.0736713818177,0.0738083174716,0.0735344461637,0.0738083174716,0.0744929957413,0.0749038027031,0.0749038027031,0.0740821887795,0.0739452531256,0.0743560600874,0.0738083174716,0.0735344461637,0.0733975105098,0.0718912183165,0.0702479904693,0.0716173470086,0.0705218617772,0.0706587974311,0.0710696043929,0.068741698276,0.0695633121996,0.0714804113547,0.0721650896244,0.0724389609323,0.0728497678941,0.0735344461637,0.0728497678941,0.0705218617772,0.0721650896244,0.0720281539704,0.0721650896244,0.0712065400468,0.0720281539704,0.0720281539704,0.0742191244334,0.0755884809728,0.0758623522807,0.07723170882,0.077368644474,0.0761362235885,0.075177674011,0.0755884809728,0.0757254166267,0.0759992879346,0.0777794514358,0.0790118723212,0.0787380010133,0.079422679283,0.079422679283,0.0805181645145,0.0810659071302,0.0810659071302,0.0827091349775,0.0833938132472,0.0843523628247,0.0868172045956,0.0862694619798,0.0851739767483,0.0857217193641,0.0865433332877,0.0873649472113,0.0879126898271,0.090240595944,0.0911991455215,0.0907883385597,0.0911991455215,0.092294630753,0.0935270516384,0.0932531803306,0.0948964081778,0.094485601216,0.0936639872924,0.0942117299081,0.0936639872924,0.0943486655621,0.096539636025,0.0988675421419,0.0984567351801,0.0983197995262,0.0981828638723,0.0970873786408,0.0961288290632,0.0968135073329,0.0976351212565,0.0985936708341,0.0988675421419,0.0991414134498,0.0998260917195,0.0998260917195,0.101195448259,0.101058512605,0.100099963027,0.100236898681,0.100921576951,0.102153997836,0.101606255221,0.101880126529,0.101332383913,0.100099963027,0.101332383913,0.102153997836,0.10229093349,0.101880126529,0.102427869144,0.103386418722,0.103249483068,0.103797225684,0.104208032645,0.105714324839,0.10680981007,0.109000780533,0.109685458803,0.10817916661,0.10817916661,0.109548523149,0.11201336492,0.112287236228,0.113245785805,0.115025949306,0.114615142345,0.113656592767,0.113930464075,0.115299820614,0.114889013652,0.11516288496,0.115436756268,0.117490791077,0.118175469347,0.118723211963,0.118997083271,0.118860147617,0.119818697194,0.119270954578,0.119134018925,0.119407890232,0.119270954578,0.119134018925,0.120640311118,0.120092568502,0.119955632848,0.118860147617,0.118449340655,0.118449340655,0.118175469347,0.116943048462,0.116258370192,0.113793528421,0.113245785805,0.114204335383,0.11516288496,0.112834978843,0.111054815342,0.112150300574,0.11064400838,0.109411587495,0.108863844879,0.109411587495,0.109411587495,0.106535938762,0.10680981007,0.10680981007,0.106399003108,0.104892710915,0.104618839607,0.105988196147,0.106672874416,0.105714324839,0.106535938762,0.105714324839,0.106535938762,0.10817916661,0.108453037917,0.109411587495,0.108453037917,0.109959330111,0.111602557958,0.11201336492,0.111602557958,0.111602557958,0.11269804319,0.112834978843,0.112971914497,0.114204335383,0.114752077999,0.116121434538,0.116395305846,0.118175469347,0.119544825886,0.120092568502,0.121598860695,0.122146603311,0.124063702466,0.126117737275,0.126528544237,0.128582579046,0.128171772084,0.129678064278,0.130499678201,0.130499678201,0.131595163433,0.130225806893,0.130636613855,0.133375326934,0.133101455626,0.13392306955,0.133649198242,0.133512262588,0.134333876511,0.133786133896,0.134333876511,0.134607747819,0.133375326934,0.134333876511,0.137209525244,0.138168074822,0.13844194613,0.140359045285,0.140085173977,0.139948238323,0.141180659208,0.142686951402,0.142823887055,0.142686951402,0.143234694017,0.142960822709,0.143234694017,0.144467114903,0.144330179249,0.144740986211,0.145973407096,0.14679502102,0.148712120175,0.148027441905,0.147616634943,0.147479699289,0.147616634943,0.14994454106,0.149670669752,0.149122927137,0.15062921933,0.151587768907,0.152957125447,0.154326481986,0.154874224602,0.156243581141,0.157612937681,0.157886808988,0.158023744642,0.15898229422,0.160899393375,0.161447135991,0.162542621222,0.165829076917,0.168156983034,0.169800210881,0.170074082189,0.169252468265,0.170895696112,0.173497473537,0.173360537883,0.173908280499,0.174729894423,0.175414572692,0.176236186616,0.175825379654,