# R script for Peak Model
#  -- generated by MACS
p <- c(0.0353174469153,0.0368131311426,0.0383570632481,0.0401904826235,0.041396679581,0.0425063807819,0.043809073496,0.0453530056016,0.047186424977,0.0485373655693,0.0502742891881,0.0521559564418,0.0540376236955,0.0551473248964,0.0565947612454,0.0579457018378,0.0592966424301,0.0606475830225,0.0621915151281,0.0641696781384,0.0657618581223,0.0672092944713,0.0690427138467,0.070393654439,0.071841090788,0.0721788259361,0.0727578004757,0.0729990398672,0.0729507919889,0.0735297665285,0.0738192537983,0.0744947240945,0.0744947240945,0.0745912198511,0.0740604931898,0.0739157495549,0.0739639974332,0.0744947240945,0.0738192537983,0.0741087410681,0.0743499804596,0.0748807071209,0.075700921052,0.0753631859039,0.0754596816605,0.0746877156077,0.0744464762162,0.0747842113643,0.0740604931898,0.0734815186502,0.0734815186502,0.073288527137,0.0730955356238,0.0732402792587,0.0730472877455,0.0731920313804,0.0731920313804,0.0729025441106,0.0723718174493,0.0725648089625,0.0721788259361,0.0714068598833,0.0705383980739,0.0709726289786,0.0707796374654,0.070876133222,0.0706831417088,0.0706831417088,0.0703454065607,0.0696699362646,0.0695251926297,0.0693804489948,0.0685119871854,0.068126004159,0.0682224999156,0.0677882690109,0.0671127987147,0.0670645508364,0.0672092944713,0.0666303199317,0.0664373284185,0.0659066017572,0.0654241229742,0.0650381399478,0.0653276272176,0.0653758750959,0.0650381399478,0.064748652678,0.0648933963129,0.0649416441912,0.0645074132865,0.0649898920695,0.0641214302601,0.0644109175299,0.0649416441912,0.0654241229742,0.0656171144874,0.0655688666091,0.0658583538789,0.0660513453921,0.0657618581223,0.0653758750959,0.0651828835827,0.0642179260167,0.0646521569214,0.0647004047997,0.0646521569214,0.0644591654082,0.064266173895,0.063783695112,0.063783695112,0.0639766866252,0.0646039090431,0.0646039090431,0.065231131461,0.0646521569214,0.0649898920695,0.0647969005563,0.0648451484346,0.0647004047997,0.0646521569214,0.0645556611648,0.0650863878261,0.0651346357044,0.0650381399478,0.0649898920695,0.0651346357044,0.0647004047997,0.0645074132865,0.0646521569214,0.0649898920695,0.0648451484346,0.0650863878261,0.0657618581223,0.065713610244,0.0658101060006,0.0661478411487,0.0660513453921,0.0662925847836,0.0658101060006,0.0658101060006,0.0660513453921,0.06667856781,0.0664373284185,0.0660995932704,0.0664373284185,0.0664855762968,0.0666303199317,0.067161046593,0.0671127987147,0.0672092944713,0.0677400211326,0.0682224999156,0.0685602350637,0.0685119871854,0.0683189956722,0.0691392096033,0.0698629277778,0.0698629277778,0.0702489108041,0.0701041671692,0.0702006629258,0.0702006629258,0.0702971586824,0.0699111756561,0.070393654439,0.0705383980739,0.070393654439,0.0701524150475,0.0701524150475,0.0703454065607,0.0704419023173,0.0706348938305,0.0707796374654,0.0705866459522,0.0714068598833,0.0711656204918,0.0714551077616,0.0715033556399,0.0716963471531,0.071358612005,0.0714068598833,0.0712138683701,0.0709726289786,0.0713103641267,0.0708278853437,0.0706831417088,0.0705866459522,0.0711656204918,0.0715998513965,0.0717445950314,0.0713103641267,0.0711173726135,0.0716480992748,0.0714068598833,0.0708278853437,0.0705383980739,0.0712621162484,0.0710691247352,0.071358612005,0.0708278853437,0.0715033556399,0.0710208768569,0.0711173726135,0.0715033556399,0.071841090788,0.0709243811003,0.070393654439,0.0708278853437,0.0704419023173,0.0707796374654,0.0707313895871,0.0700559192909,0.0695251926297,0.0694286968731,0.0693322011165,0.0692839532382,0.0692357053599,0.0697664320212,0.0704419023173,0.0701524150475,0.0705383980739,0.0703454065607,0.0705383980739,0.0707796374654,0.0697181841429,0.0698629277778,0.0699111756561,0.0699594235344,0.0694286968731,0.0695251926297,0.0697181841429,0.069573440508,0.0691392096033,0.0692357053599,0.0694286968731,0.0691874574816,0.0695251926297,0.0688979702118,0.0684154914288,0.0680777562807,0.0680295084024,0.0680777562807,0.0678847647675,0.0684637393071,0.0683189956722,0.0684637393071,0.0676917732543,0.0671127987147,0.06667856781,0.0671127987147,0.0662925847836,0.0667268156883,0.0664373284185,0.0662925847836,0.0666303199317,0.0668715593232,0.0672575423496,0.0673540381062,0.067643525376,0.0678365168892,0.0679330126458,0.0685602350637,0.0691392096033,0.0692839532382,0.069573440508,0.0693322011165,0.0702006629258,0.0700559192909,0.0699594235344,0.0703454065607,0.0700559192909,0.0702006629258,0.0702971586824,0.0700076714126,0.0712621162484,0.0717928429097,0.0721788259361,0.072323569571,0.0727578004757,0.0731920313804,0.0735297665285,0.0743982283379,0.0749289549992,0.0753149380256,0.0755561774171,0.0758939125652,0.0756526731737,0.0756044252954,0.0764246392265,0.0768106222529,0.0772931010359,0.0776790840623,0.0775343404274,0.0775825883057,0.0784028022368,0.0787405373849,0.0792230161679,0.0803809652471,0.0810081876649,0.0809599397866,0.0812494270564,0.0814424185696,0.0815871622045,0.0819248973526,0.0821178888658,0.0826003676488,0.0829381027969,0.0826003676488,0.0829863506752,0.0828416070403,0.083275837945,0.0837100688497,0.0836618209714,0.0836618209714,0.0834205815799,0.0836135730931,0.0835170773365,0.0836135730931,0.0831793421884,0.0831793421884,0.0836135730931,0.0836135730931,0.0839995561195,0.0843372912676,0.0837100688497,0.0838065646063,0.0836135730931,0.0839030603629,0.0843855391459,0.0843372912676,0.0844337870242,0.0843855391459,0.0845302827808,0.0839030603629,0.0841442997544,0.0841925476327,0.0846267785374,0.0853504967119,0.0850610094421,0.0855434882251,0.0856399839817,0.085205753077,0.0856399839817,0.0853987445902,0.0846750264157,0.0851575051987,0.0849162658072,0.0847715221723,0.0848680179289,0.0850127615638,0.0851575051987,0.0853504967119,0.0857364797383,0.0853022488336,0.0848680179289,0.0845785306591,0.0838548124846,0.0841442997544,0.0842890433893,0.0846267785374,0.0840960518761,0.0841442997544,0.0839030603629,0.0842890433893,0.0850127615638,0.0851092573204,0.0852540009553,0.0850610094421,0.0858812233732,0.0858329754949,0.0855917361034,0.0854952403468,0.0851092573204,0.0854952403468,0.0862189585213,0.0861224627647,0.0867979330609,0.0867979330609,0.0865566936694,0.0865566936694,0.0867496851826,0.0869426766958,0.0865566936694,0.0868944288175,0.0869426766958,0.0874251554788,0.0871839160873,0.0866049415477,0.0870874203307,0.086653189426,0.0872804118439,0.0879076342618,0.0879076342618,0.0880523778967,0.0883418651665,0.0880523778967,0.0882453694099,0.0880041300184,0.0885348566797,0.0886796003146,0.0887760960712,0.0885348566797,0.0881488736533,0.0882453694099,0.0884866088014,0.0889208397061,0.0901270366636,0.0906095154466,0.0902717802985,0.0903200281768,0.0908507548381,0.0901270366636,0.0906577633249,0.0905612675683,0.0904647718117,0.090995498473,0.090995498473,0.0913814814994,0.0912849857428,0.0915744730125,0.0922016954304,0.0925394305785,0.0929736614832,0.092298191187,0.0920569517955,0.0925876784568,0.0922016954304,0.092298191187,0.0922016954304,0.09278066997,0.0922499433087,0.0922499433087,0.09278066997,0.0928771657266,0.0930701572398,0.09278066997,0.0933113966313,0.093745627536,0.0934561402662,0.0935043881445,0.0928771657266,0.0928771657266,0.0929254136049,0.0932149008747,0.0935043881445,0.0933596445096,0.0940351148058,0.0942763541973,0.094228106319,0.094228106319,0.0943728499539,0.0943728499539,0.0954343032765,0.0950000723718,0.0954343032765,0.0957720384246,0.0949035766152,0.094710585102,0.0951448160067,0.0952413117633,0.0946623372237,0.0956272947897,0.095675542668,0.0955790469114,0.095675542668,0.0952895596416,0.0955307990331,0.0957237905463,0.095193063885,0.0953378075199,0.0947588329803,0.0949035766152,0.0958202863029,0.0964957565991,0.0968334917472,0.0966887481123,0.096640500234,0.0970264832604,0.0971712268953,0.0969782353821,0.0974607141651,0.0971712268953,0.0973159705302,0.0979914408264,0.0979914408264,0.0983774238528,0.0982326802179,0.0981844323396,0.0988116547575,0.0989081505141,0.0987634068792,0.0985221674877,0.0977019535566,0.0972677226519,0.0971712268953,0.0969782353821,0.0969782353821,0.0972194747736,