# R script for Peak Model
#  -- generated by MACS
p <- c(0.0369253547881,0.039106694261,0.041265545698,0.0434243971351,0.0454033442858,0.0475846837586,0.0496310950167,0.0517899464537,0.053813869676,0.0560626732563,0.058491381123,0.0607401847032,0.0626741557823,0.0648105191835,0.0670593227638,0.0690832459861,0.0711521452799,0.0732435326096,0.0736033411824,0.0737157813614,0.0741205660059,0.0740755899343,0.0740081258269,0.0741430540417,0.0745253506503,0.0749975994022,0.0746602788651,0.0750875515454,0.0752674558318,0.0751100395812,0.0752674558318,0.0754473601182,0.0757172165479,0.0762569294071,0.0763693695861,0.0765267858368,0.076729178159,0.0765267858368,0.0763468815503,0.0764143456578,0.0762344413713,0.0759645849417,0.0757846806553,0.0757397045837,0.0756722404763,0.0756497524405,0.0753349199392,0.0752224797602,0.075244967796,0.0750875515454,0.0751775036886,0.0751999917244,0.075020087438,0.0750650635096,0.0745928147577,0.0748176951158,0.0747502310083,0.0744578865429,0.0746377908293,0.0746153027935,0.0744129104713,0.0739631497553,0.0738282215404,0.073535877075,0.0734459249318,0.0728837240367,0.0727712838577,0.0729961642157,0.0727937718935,0.0725014274281,0.0727038197503,0.0729287001083,0.0725688915355,0.0726138676071,0.0727712838577,0.0731760685022,0.0729961642157,0.0730861163589,0.0733784608244,0.0730636283231,0.0732435326096,0.073423436896,0.0735133890392,0.0734909010034,0.0731310924305,0.0730636283231,0.0726138676071,0.0725688915355,0.0730186522515,0.0729736761799,0.073198556538,0.0727937718935,0.0724339633207,0.0727487958219,0.0723889872491,0.0725688915355,0.0725014274281,0.0726138676071,0.0727712838577,0.0734009488602,0.0733334847528,0.0738956856478,0.0738507095762,0.0740306138627,0.0739631497553,0.0740531018985,0.073873197612,0.0737382693972,0.0738057335046,0.0737382693972,0.0738282215404,0.0730636283231,0.0732885086812,0.0733559727886,0.0731760685022,0.0735583651108,0.0733559727886,0.0731310924305,0.0726363556429,0.0723215231417,0.0724789393923,0.0727487958219,0.0726813317145,0.0726588436787,0.0724339633207,0.0723440111775,0.0724564513565,0.0727038197503,0.0727263077861,0.0729961642157,0.0730411402873,0.0728612360009,0.0727487958219,0.0727712838577,0.0724789393923,0.0720066906404,0.0714669777811,0.0710172170651,0.0713320495663,0.0710397051009,0.0714669777811,0.0713545376021,0.0713770256379,0.0711971213515,0.0710846811725,0.0712196093873,0.0708822888503,0.0710621931367,0.0713545376021,0.0714220017095,0.0713320495663,0.0708822888503,0.0711746333157,0.0713545376021,0.0716918581392,0.072051666712,0.0727487958219,0.0728162599293,0.0730861163589,0.0732885086812,0.073423436896,0.0735808531466,0.0736932933256,0.0737157813614,0.0741880301133,0.0738956856478,0.0741430540417,0.0740531018985,0.0740081258269,0.0738507095762,0.0742105181491,0.0743679343997,0.0747502310083,0.0750875515454,0.0748851592232,0.0745928147577,0.0740531018985,0.0740306138627,0.0738507095762,0.0739631497553,0.0738956856478,0.0738282215404,0.0740081258269,0.0741430540417,0.0742105181491,0.0740980779701,0.0739406617194,0.0738956856478,0.0737157813614,0.0734459249318,0.0734909010034,0.0732210445738,0.0727263077861,0.0726363556429,0.0727038197503,0.0724114752849,0.0720966427836,0.0718717624256,0.072164106891,0.0718717624256,0.0716693701034,0.0716243940318,0.0712870734947,0.0715794179602,0.0718717624256,0.0722315709984,0.072164106891,0.0718492743898,0.0717368342108,0.0717368342108,0.071714346175,0.0720291786762,0.072051666712,0.072051666712,0.0721191308194,0.071714346175,0.071714346175,0.0718942504614,0.0715569299244,0.0715344418886,0.0715119538528,0.0719167384972,0.0722090829626,0.0724789393923,0.0726138676071,0.0723664992133,0.0724339633207,0.0725913795713,0.0727937718935,0.0725688915355,0.0724564513565,0.0724114752849,0.0725913795713,0.0727712838577,0.0721191308194,0.0724114752849,0.0723889872491,0.0720966427836,0.0723440111775,0.0721865949268,0.0722090829626,0.0720966427836,0.0719167384972,0.0722090829626,0.0718717624256,0.0716918581392,0.0718042983182,0.0717368342108,0.0720291786762,0.0721191308194,0.0724114752849,0.0724339633207,0.0726138676071,0.0722315709984,0.0725239154639,0.0721416188552,0.0720966427836,0.071601905996,0.0713545376021,0.0715569299244,0.0711521452799,0.0718717624256,0.0718492743898,0.0716693701034,0.0715794179602,0.0715344418886,0.0719167384972,0.0724339633207,0.072164106891,0.0720966427836,0.0725239154639,0.0724114752849,0.0723664992133,0.0727712838577,0.0727487958219,0.0724114752849,0.0729511881441,0.0734009488602,0.0735133890392,0.0736258292182,0.0742779822565,0.0746377908293,0.0748626711874,0.0751100395812,0.0755373122614,0.0754473601182,0.0754248720824,0.0758971208343,0.0758746327985,0.076504297801,0.0764368336936,0.0772688910183,0.0776511876269,0.0780784603072,0.0787980774528,0.0791803740615,0.0801698476368,0.0798775031714,0.0802373117442,0.0807995126393,0.0814291776418,0.081744010143,0.081968890501,0.0820363546084,0.0823286990739,0.0826660196109,0.0825310913961,0.0827559717541,0.0830708042554,0.0834980769356,0.0839253496159,0.0846449667616,0.0841952060455,0.0845775026542,0.0850272633702,0.0849822872986,0.0851846796208,0.0851846796208,0.0848698471196,0.084824871048,0.0848023830122,0.0851172155134,0.0852971197998,0.0850947274776,0.0855669762295,0.0855220001579,0.0860617130171,0.0858818087307,0.0858143446233,0.0854320480147,0.0851846796208,0.0848473590838,0.0844200864035,0.0844875505109,0.0840827658665,0.083565541043,0.083228220506,0.0834755888998,0.0830258281838,0.0832057324702,0.0834306128282,0.0837679333653,0.0841277419381,0.0843301342603,0.0842851581887,0.0845100385467,0.0841502299739,0.0841502299739,0.0842401821171,0.0839028615801,0.083677981222,0.083677981222,0.0837004692578,0.0838803735443,0.0843301342603,0.0847798949764,0.0848698471196,0.0847798949764,0.0848698471196,0.085387071943,0.0849597992628,0.0850947274776,0.0845550146183,0.0850047753344,0.0849148231912,0.0855444881937,0.0856794164085,0.0859942489097,0.0862641053394,0.0864440096258,0.0868263062344,0.0870511865925,0.0870286985567,0.0866688899838,0.0873885071295,0.0874559712369,0.0873210430221,0.0871411387357,0.086871282306,0.0866913780196,0.0870286985567,0.0869162583776,0.0874109951653,0.0875009473085,0.0872985549863,0.0872760669505,0.0872535789147,0.0871411387357,0.0871411387357,0.0870736746283,0.086758842127,0.08642152159,0.0865114737332,0.0863990335542,0.086309081411,0.0860167369455,0.0862865933752,0.0859492728381,0.0862641053394,0.0856344403369,0.0858593206949,0.0858593206949,0.0860617130171,0.0863765455184,0.0861741531961,0.0861966412319,0.0861741531961,0.0859042967665,0.0859942489097,0.0861966412319,0.0857019044443,0.0853645839072,0.0856344403369,0.0856569283727,0.0858143446233,0.0859717608739,0.0860392249813,0.0859267848023,0.086309081411,0.0863990335542,0.0868263062344,0.0871411387357,0.0873435310579,0.0880856362394,0.0879282199888,0.0879956840962,0.0881755883826,0.0879956840962,0.0878607558814,0.0882655405258,0.0886478371344,0.0892775021369,0.0895923346382,0.0901995116048,0.0905593201777,0.0912564492876,0.091436353574,0.091436353574,0.0915712817888,0.091436353574,0.091436353574,0.0912564492876,0.0911664971444,0.0919310903617,0.0919985544691,0.0926057314357,0.092920563937,0.0927631476864,0.0925157792925,0.0921334826839,0.0925382673283,0.0923808510777,0.0922459228629,0.0925157792925,0.0924033391135,0.0924932912567,0.0925832433999,0.0924708032209,0.0924258271493,0.0918186501826,0.0916837219678,0.0919535783975,0.0920435305407,0.0923808510777,0.0924258271493,0.0925607553641,0.0926057314357,0.0918186501826,0.0917961621468,0.0915038176814,0.0917286980394,0.0911664971444,0.0909416167863,0.0908966407147,0.0910090808937,0.0915038176814,0.0919760664333,0.0923133869703,0.0927856357222,0.092808123758,0.0931904203666,0.092920563937,0.0929430519728,0.0939100375123,0.0942248700135,0.0950119512666,0.0953942478753,0.0961588410926,0.0965861137728,0.0966535778802,0.0968109941308,0.0973282189543,0.0977554916346,0.0982052523506,0.0991047737827,0.100184199501,0.100926304683,0.101645921828,0.10211817058,