# R script for Peak Model
#  -- generated by MACS
p <- c(0.00528139316685,0.00544306846787,0.0055831870621,0.00573408400972,0.00585264589714,0.00601432119816,0.00608976967198,0.00627300167981,0.00645623368764,0.00661790898866,0.00675802758288,0.00693048123731,0.00712449159854,0.00726461019277,0.00743706384719,0.00754484738121,0.00768496597543,0.00778197115605,0.00788975469007,0.00800831657748,0.00813765681831,0.00827777541253,0.00840711565335,0.00850412083396,0.00861190436798,0.0087412446088,0.00885980649622,0.00899992509044,0.00919393545167,0.00931249733909,0.00947417264012,0.00958195617414,0.00970051806156,0.00985141500918,0.0100238686636,0.010196322318,0.0103472192657,0.0103687759725,0.0103795543259,0.0104118893861,0.0104657811531,0.0104873378599,0.0105412296269,0.0106490131609,0.0106921265745,0.0107136832813,0.0107675750483,0.0107675750483,0.0108645802289,0.0109292503494,0.0108861369357,0.010918471996,0.0109400287028,0.0109508070562,0.0109615854096,0.0109939204698,0.0110370338834,0.010972363763,0.0109292503494,0.0110370338834,0.011080147297,0.0111663741242,0.0112094875378,0.0112202658912,0.0112202658912,0.0111987091844,0.0111987091844,0.0112202658912,0.0112633793048,0.0112849360116,0.0112849360116,0.0113172710718,0.0112633793048,0.0111987091844,0.011295714365,0.0113280494252,0.011403497899,0.0114250546058,0.0115005030796,0.0114466113126,0.011457389666,0.0113927195456,0.0113388277786,0.0113280494252,0.0113603844854,0.0113388277786,0.0112849360116,0.0112849360116,0.0112633793048,0.0113280494252,0.0113280494252,0.011349606132,0.0114142762524,0.0114142762524,0.0114142762524,0.0114466113126,0.011511281433,0.0115328381399,0.0115651732001,0.0116190649671,0.0116298433205,0.0116621783807,0.0116298433205,0.0116837350875,0.0117376268545,0.0118130753283,0.0119424155691,0.0119531939225,0.0119639722759,0.0119747506293,0.0120717558099,0.0121148692235,0.0121472042837,0.0122010960508,0.0122118744042,0.0122549878178,0.0122442094644,0.0122442094644,0.0122442094644,0.0123088795848,0.0122442094644,0.012179539344,0.0120609774565,0.0121148692235,0.0121364259303,0.0121687609906,0.0122226527576,0.0122657661712,0.0123627713518,0.0124597765324,0.012556781713,0.0126537868936,0.012718457014,0.0126753436004,0.0127939054879,0.0129016890219,0.0128693539617,0.0128585756083,0.0128585756083,0.0129555807889,0.0129879158491,0.0130202509093,0.0129555807889,0.0131172560899,0.0131927045637,0.0131495911501,0.0131388127967,0.0131927045637,0.0131495911501,0.0131388127967,0.0130849210297,0.0130741426763,0.0130849210297,0.0131711478569,0.0132897097443,0.0133759365715,0.013494498459,0.013548390226,0.0136777304668,0.0138070707076,0.0139040758882,0.013979524362,0.0140334161291,0.0140334161291,0.0141519780165,0.0142813182573,0.0143998801447,0.0145399987389,0.0146585606264,0.0147124523934,0.0146801173332,0.0147771225138,0.0149495761682,0.0148956844012,0.0149819112284,0.0150573597022,0.0151543648828,0.0151974782964,0.0151974782964,0.0153268185373,0.0153591535975,0.0154453804247,0.0154992721917,0.0155208288985,0.0155208288985,0.0155423856053,0.0156609474927,0.0157148392597,0.0158010660869,0.0157795093801,0.0159304063278,0.0160489682152,0.0162214218696,0.016339983757,0.0165555508251,0.0167387828329,0.0169220148407,0.0170944684951,0.0172453654428,0.017439375804,0.0174824892176,0.0177519480526,0.0177842831129,0.0178920666469,0.0179998501809,0.0181615254819,0.0183016440761,0.018430984317,0.0186249946782,0.018700443152,0.01891601022,0.0190669071677,0.0192393608221,0.0195627114241,0.0197675001388,0.0198429486126,0.0200046239136,0.020015402267,0.020069294034,0.0203064178089,0.0205219848769,0.0207806653585,0.0209315623062,0.0211579077276,0.0213088046752,0.0215028150364,0.0217183821045,0.0219231708191,0.022160294594,0.0223974183688,0.0225159802562,0.0226668772038,0.0227854390913,0.0228285525049,0.0231087896933,0.0232704649943,0.0235399238294,0.0239495012586,0.0241435116199,0.0242728518607,0.0243051869209,0.0245746457559,0.0248333262376,0.0250704500124,0.0253614655543,0.0258249347505,0.025997388405,0.0264500792478,0.0267410947897,0.0271291155122,0.0273339042268,0.0277542600095,0.0280237188445,0.0283686261534,0.0286488633418,0.0289829922972,0.0292955645459,0.0297482553888,0.0300177142238,0.0304704050667,0.0307075288415,0.0310524361504,0.0315051269933,0.0321518281974,0.0325506272732,0.0327554159879,0.0332296635375,0.0336284626134,0.0340703751029,0.0347601897206,0.0351589887964,0.0353637775111,0.0355901229325,0.0359889220084,0.0364847262649,0.0368404119271,0.0373793295972,0.0378643555003,0.0383709381102,0.0388344073064,0.0393086548561,0.0398906859398,0.0401601447748,0.0405697222041,0.0411409749344,0.0415828874239,0.042121805094,0.0424559340494,0.0429625166593,0.0435229910362,0.0441481355335,0.0446116047298,0.0452583059339,0.0456571050097,0.0462930278604,0.0467888321169,0.0473708632006,0.0479421159309,0.0487397140826,0.0493325235197,0.050011559784,0.0506474826347,0.0513372972524,0.0521241170508,0.0529217152025,0.0536438648804,0.0544522413855,0.0551204992964,0.055831870621,0.0566510254795,0.0575025153982,0.0580953248353,0.0587528043928,0.0596797427854,0.0605635677643,0.0611779339082,0.0620402021804,0.0629348055127,0.0637647387246,0.0644653316957,0.0654246051485,0.0662760950672,0.06723536852,0.0679467398445,0.0689383483575,0.069703611449,0.0707059983153,0.0714928181137,0.0723443080324,0.0733035814852,0.0743167467049,0.0750820097964,0.076278407024,0.0773023505972,0.0784879694714,0.0797274801126,0.080729866979,0.0816999187851,0.0828532025991,0.0842759452481,0.0852352187009,0.0864531726353,0.0875525646822,0.0885765082554,0.0897621271296,0.0911740914252,0.0925968340743,0.0938579014223,0.0952051955975,0.0965093763591,0.0977165519401,0.0990961811755,0.100411140291,0.101823104586,0.103245847235,0.104862600245,0.106630250203,0.1082038898,0.109529627268,0.111038596745,0.112623014695,0.114024200637,0.115155927744,0.116686453927,0.118130753283,0.119844511474,0.12141815107,0.123175022675,0.124813332392,0.126656430824,0.12876898809,0.130461189575,0.132045607525,0.133748587362,0.135537794027,0.137327000691,0.138932975348,0.140592841772,0.142468275264,0.144332930403,0.145906569999,0.148029905619,0.150174797946,0.152093344852,0.153914886577,0.155854990189,0.157902877335,0.15972441906,0.16181541962,0.164003425361,0.166126760981,0.167959081059,0.170114751739,0.172248865713,0.174124299205,0.175988954343,0.17813384667,0.180440414298,0.182865543814,0.185150554735,0.187263112002,0.189817581758,0.192285824687,0.194624727375,0.196963630063,0.199388759579,0.201555208612,0.204001894835,0.20649169447,0.208906045632,0.211417401975,0.213961093378,0.216149099118,0.218638898754,0.221074806623,0.223478379431,0.226086740955,0.228016066214,0.230516644203,0.232780098417,0.235140557812,0.237522573914,0.239883033309,0.242275827764,0.244647065512,0.246835071253,0.249281757475,0.251793113818,0.254282913454,0.256621816142,0.259165507545,0.261504410233,0.264317560471,0.267130710708,0.26954506187,0.272218093514,0.275430042828,0.278135409532,0.28047431222,0.283007225269,0.285691035266,0.288525742211,0.291231108915,0.293914918912,0.296178373126,0.298894518183,0.301535214767,0.304510040306,0.307086066769,0.309705206645,0.312421351703,0.314986599812,0.317336280854,0.319869193903,0.322542225547,0.324978133416,0.327166139156,0.329645160438,0.332070289954,0.33462475971,0.337093002639,0.339830704403,0.342266612272,0.344767190261,0.34717076307,0.349757567886,0.352096470574,0.354532378443,0.357226966794,0.359705988076,0.36193710723,0.364351458392,0.366582577546,0.368910701881,0.371281939629,0.373146594768,0.374978914846,0.377005245286,0.378772895244,0.380443540021,0.382459092107,0.384172850298,0.386102175557,0.387589588326,0.388861434028,0.39032729009,0.392019491574,0.393388342456,0.395026652173,0.39653562165,0.397818245704,0.399510447188,0.400803849597,0.402000246824,0.403875680316,0.405104412604,0.406279253125,0.407766665894,0.409286413724,0.410558259425,0.411754656653,0.412994167294,0.414212121228,0.41545163187,0.416637250744,0.418189333634,0.41966596805,