# R script for Peak Model
#  -- generated by MACS
p <- c(0.00726940482875,0.00746534565971,0.00759270719984,0.0077886480308,0.00800418294486,0.00820992081737,0.00841565868988,0.00857241135465,0.00870956993633,0.0088663226011,0.00906226343206,0.00917982793064,0.00935617467851,0.00948353621863,0.00965008592495,0.00985582379746,0.0101105468777,0.0103456758749,0.0106199930382,0.0108649190769,0.0110902510325,0.011295988905,0.0115605090268,0.0117564498578,0.0119132025226,0.0121287374366,0.0123148812261,0.0124912279739,0.0126969658464,0.0128733125943,0.013118238633,0.0133043824224,0.0135003232534,0.0136668729597,0.0138138285829,0.0140587546216,0.0143036806603,0.0143036806603,0.0143624629096,0.0142742895357,0.014333071785,0.0142644924941,0.0143036806603,0.0143820569927,0.0144506362836,0.0145290126159,0.0145094185328,0.0145682007821,0.0145584037406,0.0145584037406,0.014636780073,0.0147935327377,0.0147837356962,0.0148033297793,0.0149306913194,0.0150188646934,0.0149796765272,0.0149013001948,0.0149306913194,0.0148915031532,0.0149208942779,0.0149306913194,0.014940488361,0.0149600824441,0.0148719090701,0.0147935327377,0.0148033297793,0.0149013001948,0.0149110972363,0.0149110972363,0.0149698794856,0.0149502854025,0.0149894735687,0.0150286617349,0.0150384587764,0.0150776469426,0.0151854143997,0.0152148055243,0.0152637907321,0.0153421670644,0.0153617611475,0.0154205433968,0.0153911522722,0.015547904937,0.0155381078954,0.0156262812693,0.0157046576017,0.0158320191419,0.0158810043496,0.0158418161834,0.015763439851,0.0157536428095,0.0156458753524,0.0155968901447,0.0156066871862,0.0157046576017,0.0156948605602,0.0157830339341,0.0158026280172,0.0158516132249,0.0159789747651,0.0159985688482,0.0160867422221,0.0162043067207,0.0161553215129,0.01626308897,0.0163316682608,0.0164198416347,0.0165374061333,0.0165080150087,0.0164982179671,0.0165765942995,0.016566797258,0.0166941587981,0.0167431440058,0.0168019262551,0.0168509114629,0.0169586789199,0.0169684759614,0.0169096937122,0.0169194907537,0.0168215203382,0.0168803025875,0.016978273003,0.0170174611692,0.0170468522938,0.0171644167924,0.0172721842494,0.0172427931248,0.0172525901663,0.0174093428311,0.0174289369142,0.0175465014128,0.0175758925374,0.0176640659114,0.0178502097008,0.017889397867,0.0180167594071,0.0182127002381,0.0183596558613,0.0185555966922,0.0186633641493,0.0188005227309,0.0189670724373,0.0191826073513,0.0193099688915,0.0193491570576,0.0195353008471,0.0197214446365,0.019819415052,0.0198977913843,0.0199663706752,0.0200055588414,0.0200545440491,0.0201329203815,0.0201819055892,0.0204072375448,0.0204562227526,0.0205933813343,0.0206815547082,0.020750133999,0.0207599310406,0.0208481044145,0.0209656689131,0.0211028274948,0.0211812038272,0.0213281594504,0.021445723949,0.0215338973229,0.0216024766137,0.0215730854891,0.0215828825306,0.0217592292785,0.0218180115278,0.0218767937771,0.0219453730679,0.0219257789848,0.0219453730679,0.022160907982,0.0221413138989,0.0221315168573,0.0221805020651,0.0222392843144,0.0222980665636,0.0224156310622,0.0224548192284,0.0225821807685,0.0226703541425,0.0228271068072,0.0229250772227,0.0230426417213,0.0231112210121,0.0231700032614,0.0233855381755,0.0235031026741,0.0236794494219,0.023787216879,0.0238557961698,0.0239537665853,0.0240517370008,0.0241007222085,0.024198692624,0.024394633455,0.0245219949951,0.0244632127458,0.0246689506183,0.0247375299091,0.0249040796155,0.0249530648232,0.0250412381971,0.025217584945,0.0254527139422,0.025521293233,0.0255310902745,0.0255506843576,0.0257074370224,0.0258837837703,0.0259131748949,0.0259523630611,0.026020942352,0.0262560713491,0.0263638388061,0.0264618092216,0.0265793737202,0.0267459234265,0.0270006465068,0.0271769932546,0.027343542961,0.027559077875,0.0277746127891,0.027862786163,0.0279901477031,0.0281175092433,0.028362435282,0.028577970196,0.028881678484,0.0290580252319,0.0292637631044,0.0295772684339,0.0298319915142,0.0300377293867,0.0302434672592,0.0304296110486,0.0304687992148,0.0306843341289,0.0309096660845,0.0311447950817,0.0313897211204,0.0316346471591,0.0320559199456,0.0324282075245,0.0326927276463,0.0330160300174,0.0333981146377,0.0338291844659,0.0340937045877,0.0344268040003,0.0348088886207,0.0353085377396,0.035798389817,0.0362392566867,0.0365821531409,0.0368662673458,0.0373659164647,0.0375814513788,0.0379929271238,0.0383946058273,0.0387277052399,0.0390706016941,0.0395898448962,0.0400111176827,0.0404225934278,0.0407458957989,0.0409026484636,0.0411671685854,0.0416570206628,0.0419803230339,0.0422840313219,0.0427738833993,0.0432539384352,0.0436948053049,0.044125875133,0.044645118335,0.0451251733709,0.0456542136145,0.0461048775257,0.0465849325616,0.0471433639298,0.0477997657135,0.0482504296248,0.0486717024113,0.0493574953197,0.0499061296464,0.050631110721,0.051150353923,0.0516304089589,0.0520810728701,0.0527276776123,0.0534232675622,0.0540894663875,0.0546087095895,0.0553042995395,0.0558333397831,0.0564701474837,0.0572930989737,0.0579788918821,0.0586352936658,0.0592623043249,0.0597521564023,0.0603987611445,0.061211915593,0.0618879114598,0.0626618777421,0.0635730026061,0.0643077807222,0.0652287026278,0.0661398274917,0.0670313582726,0.0679424831366,0.0687262464605,0.0695100097843,0.0703035701497,0.0709991600996,0.0718123145481,0.0726352660382,0.0735365938606,0.0742419808521,0.0753686406301,0.0761915921202,0.0771810933165,0.0781412033882,0.0789837489614,0.0798556856592,0.0807374193985,0.0817269205949,0.082569466168,0.0835589673644,0.0844798892699,0.0856849253803,0.0868017881168,0.0878794626871,0.088663226011,0.0897311035397,0.0907989810685,0.0920040171789,0.0929837213337,0.0940222077378,0.0954329817208,0.0966968000805,0.09770589536,0.0989991048443,0.100547037409,0.101850043935,0.10321183271,0.104338492488,0.105465152266,0.106572217961,0.107924209695,0.109374171844,0.110608599079,0.112264299101,0.113802434624,0.115223005648,0.116780735254,0.118103335863,0.119288777891,0.120454625835,0.121836008693,0.123217391551,0.124794715241,0.126440618221,0.127743624747,0.129193586896,0.130369231882,0.13200533782,0.13352387926,0.135287346739,0.136923452677,0.138383211868,0.140009520765,0.14181217641,0.143516861639,0.14535870545,0.14731811376,0.148699496618,0.150560934512,0.152148055243,0.153598017392,0.155704381325,0.15763439851,0.158859028704,0.160838031096,0.162768048281,0.164649080259,0.166755444191,0.168636476169,0.170791825309,0.17256508983,0.174671453762,0.176709238404,0.178805805296,0.180500693484,0.18244050771,0.184605653892,0.186506279953,0.188671426135,0.190650428527,0.192521663463,0.194128378277,0.196342509667,0.19832151206,0.200320108536,0.202191343471,0.20433689557,0.20629630388,0.208598608644,0.210989086782,0.213075856631,0.215025467899,0.216984876209,0.219179413516,0.221089836618,0.223010056761,0.225518099397,0.227565681081,0.229446713058,0.231592265157,0.233600658675,0.235873572314,0.238293441576,0.24072310788,0.242613936899,0.244504765918,0.246875649972,0.248658711534,0.25091203109,0.253018395023,0.254909224042,0.257593613426,0.260268205769,0.262648886865,0.265000176837,0.267312278642,0.269477424824,0.271701353256,0.274091831393,0.276139413077,0.27881400542,0.281302453973,0.283467600155,0.285622949296,0.287690125062,0.289806286037,0.291902852928,0.294175766567,0.296487868372,0.298927331718,0.300876942986,0.303355594498,0.305618711095,0.307754466153,0.309939206418,0.311683079814,0.313564111791,0.316111342593,0.318119736111,0.320020362171,0.321852408941,0.323704049793,0.325839804851,0.327652257537,0.329739027387,0.331649450489,0.333314947552,0.335274355862,0.337125996714,0.338860073068,0.340505976048,0.342142081987,0.343974128756,0.345257541199,0.346785879681,0.348764882074,0.350244235347,0.351468865541,0.352781669108,0.354016096343,0.35481945375,0.356240024775,0.357660595799,0.358689285162,0.359737568607,0.360854431344,0.362333784618,0.363411459188,0.364685074589,0.366056660406,0.366722859231,0.367692766345,0.368956584704,0.370053853358,0.371111933845,0.372356158122,0.373492614941,0.374668259927,0.375981063494,0.377440822685,0.378469512048,