# R script for Peak Model
#  -- generated by MACS
p <- c(0.0366091767003,0.0388690024225,0.0412579610432,0.043065821621,0.0451965144448,0.0472626408194,0.0487476691512,0.051201194221,0.0529444883496,0.0548169153766,0.0564310766068,0.0577224055909,0.0592720003719,0.0604987629068,0.062435756383,0.06430818341,0.066180610437,0.0686341355069,0.0679884710148,0.0686341355069,0.0690215342021,0.0692152335498,0.0683113032609,0.0679884710148,0.0679239045656,0.0672782400736,0.0669554078275,0.0659223446402,0.0654058130466,0.0650829808005,0.0640499176132,0.063662518918,0.0639207847148,0.0648247150037,0.0646955821053,0.0639207847148,0.0640499176132,0.0639207847148,0.0630814208751,0.0630168544259,0.0626294557307,0.0620483576878,0.0627585886291,0.0620483576878,0.0616609589926,0.0614672596449,0.0618546583402,0.0623711899338,0.0630168544259,0.063662518918,0.063662518918,0.0635979524688,0.0638562182656,0.063985351164,0.0643727498592,0.06430818341,0.0643727498592,0.0640499176132,0.0645018827577,0.0651475472497,0.0655995123942,0.065857778191,0.0666325755815,0.0678593381164,0.0681821703625,0.0685050026085,0.0692152335498,0.069925464491,0.0703128631863,0.069602632245,0.0701837302879,0.0710876605768,0.0708293947799,0.0710230941276,0.0718624579672,0.0720561573149,0.071797891518,0.0723789895609,0.0722498566625,0.0731537869514,0.0739285843419,0.0741222836895,0.0741222836895,0.0743159830371,0.0742514165879,0.0746388152831,0.0745096823847,0.0740577172403,0.0737994514434,0.0729600876038,0.073347486299,0.0737348849942,0.073670318545,0.0738640178927,0.0737348849942,0.0728309547053,0.0722498566625,0.0723144231117,0.071797891518,0.0715396257212,0.0715396257212,0.0715396257212,0.0713459263736,0.0703774296355,0.0705711289831,0.0706356954323,0.0704419960847,0.0705065625339,0.0705711289831,0.0703128631863,0.0700545973894,0.0694734993466,0.0694734993466,0.0689569677529,0.0688278348545,0.0678593381164,0.0676656387688,0.0675365058704,0.067407372972,0.0672782400736,0.0670845407259,0.0665680091323,0.0666325755815,0.0676010723196,0.0670845407259,0.0676656387688,0.067730205218,0.0671491071751,0.0670199742767,0.0670845407259,0.0669554078275,0.0672136736243,0.0670199742767,0.067407372972,0.0681176039132,0.067730205218,0.0676010723196,0.0670845407259,0.0679239045656,0.0686341355069,0.0677947716672,0.067730205218,0.0676656387688,0.0670845407259,0.0671491071751,0.0667617084799,0.0659869110894,0.0663743097847,0.0671491071751,0.0673428065228,0.0677947716672,0.067730205218,0.0676010723196,0.0679884710148,0.0681821703625,0.0682467368117,0.0684404361593,0.0683113032609,0.0684404361593,0.0679884710148,0.0686341355069,0.0688924013037,0.0683113032609,0.0686987019561,0.0688278348545,0.0690861006513,0.0690861006513,0.0689569677529,0.0694734993466,0.069279799999,0.0691506671006,0.069925464491,0.0705065625339,0.0705065625339,0.0701837302879,0.0701191638387,0.0701837302879,0.0701837302879,0.0705711289831,0.071475059272,0.0716041921704,0.0720561573149,0.0726372553577,0.0726372553577,0.0727663882561,0.0734766191974,0.0729600876038,0.0734766191974,0.0738640178927,0.0734766191974,0.0737994514434,0.0737994514434,0.0737994514434,0.0741222836895,0.0746388152831,0.0744451159355,0.0741222836895,0.0737994514434,0.0742514165879,0.0744451159355,0.0734766191974,0.073670318545,0.0739285843419,0.0739285843419,0.0742514165879,0.0741868501387,0.0739285843419,0.0728955211546,0.0716687586196,0.0717333250688,0.0715396257212,0.0713459263736,0.0719270244164,0.0719270244164,0.0712167934752,0.0712813599244,0.0719270244164,0.0717333250688,0.0719270244164,0.0721852902133,0.0715396257212,0.0707002618815,0.0707002618815,0.0709585276783,0.0707002618815,0.0709585276783,0.0704419960847,0.0700545973894,0.0708939612291,0.071152227026,0.0707648283307,0.0708293947799,0.0716687586196,0.0715396257212,0.0713459263736,0.071152227026,0.0728955211546,0.0726372553577,0.0719915908657,0.0725081224593,0.0721207237641,0.0718624579672,0.0717333250688,0.0721207237641,0.0732829198498,0.0734766191974,0.0731537869514,0.0727663882561,0.0725081224593,0.0725726889085,0.0723144231117,0.0713459263736,0.0702482967371,0.0701837302879,0.0696671986942,0.0693443664482,0.0691506671006,0.0694734993466,0.0697963315926,0.069602632245,0.069279799999,0.0690215342021,0.0693443664482,0.0696671986942,0.0686341355069,0.0684404361593,0.068053037464,0.0687632684053,0.0681176039132,0.0681176039132,0.0681176039132,0.0678593381164,0.0670199742767,0.0665680091323,0.0669554078275,0.0667617084799,0.0670199742767,0.0676656387688,0.0676656387688,0.0678593381164,0.0676010723196,0.0677947716672,0.0681821703625,0.0694734993466,0.0693443664482,0.0701191638387,0.0709585276783,0.0720561573149,0.0727663882561,0.0727018218069,0.0729600876038,0.0735411856466,0.0742514165879,0.0742514165879,0.0738640178927,0.0740577172403,0.0747033817323,0.0758010113689,0.0759301442673,0.0761884100641,0.0769632074546,0.0778025712943,0.0788356344816,0.0787065015832,0.0791584667276,0.0799978305673,0.0814182924499,0.0816765582467,0.0820639569419,0.0829033207816,0.0838718175197,0.0843237826642,0.0852277129531,0.084904880707,0.0859379438943,0.0865190419372,0.0873584057769,0.0876166715737,0.0882623360658,0.0876166715737,0.0880686367182,0.0878103709213,0.0876812380229,0.0872292728785,0.0883914689642,0.0892953992531,0.0907804275849,0.0912969591785,0.0916843578737,0.0925882881626,0.0934276520023,0.0932339526547,0.0935567849007,0.0940087500452,0.0938150506976,0.0948481138849,0.0956874777246,0.0957520441738,0.0949772467833,0.0956229112754,0.0949772467833,0.0948481138849,0.0940087500452,0.0951063796817,0.095493778377,0.0956874777246,0.0953646454785,0.0953000790293,0.0943315822912,0.0951063796817,0.0949126803341,0.0951709461309,0.0946544145373,0.0943961487404,0.0943961487404,0.095493778377,0.0957520441738,0.0965268415643,0.0968496738103,0.09768903765,0.0963331422166,0.0967205409119,0.0962040093182,0.0962040093182,0.0959457435214,0.0957520441738,0.0966559744627,0.0973016389547,0.0975599047516,0.0974307718532,0.0982055692436,0.0984638350405,0.0980764363452,0.0975599047516,0.0990449330833,0.0982701356928,0.0996260311262,0.0999488633722,0.10014256272,0.0999488633722,0.0999488633722,0.100013429821,0.100207129169,0.100852793661,0.10098192656,0.101304758806,0.101885856848,0.101692157501,0.102144122645,0.103564584528,0.104662214164,0.104468514817,0.104403948368,0.10421024902,0.104533081266,0.104274815469,0.104533081266,0.104274815469,0.103693717426,0.103112619383,0.103112619383,0.102789787137,0.102918920036,0.10259608779,0.102466954891,0.101627591052,0.10098192656,0.0997551640246,0.099561464677,0.100465394966,0.099561464677,0.0998197304738,0.100271695618,0.099884296923,0.10014256272,0.0996905975754,0.0997551640246,0.0999488633722,0.100465394966,0.0993677653294,0.100465394966,0.100723660763,0.100723660763,0.101627591052,0.101692157501,0.101369325255,0.100336262067,0.100529961415,0.10098192656,0.100659094314,0.101111059458,0.101111059458,0.101885856848,0.101369325255,0.102208689094,0.102983486485,0.103693717426,0.104339381918,0.103435451629,0.104403948368,0.104403948368,0.105759843801,0.106082676047,0.106986606336,0.107115739234,0.106728340539,0.106728340539,0.106599207641,0.106147242496,0.106405508293,0.106147242496,0.10666377409,0.106857473437,0.107244872133,0.106728340539,0.107374005031,0.106922039887,0.106082676047,0.105888976699,0.104855913512,0.104597647715,0.104339381918,0.104533081266,0.104016549672,0.104597647715,0.104662214164,0.104081116121,0.104016549672,0.104145682571,0.104145682571,0.103887416774,0.103500018079,0.102660654239,0.102079556196,0.102273255544,0.100852793661,0.100465394966,0.0996260311262,0.0994968982278,0.0987221008373,0.0981410027944,0.0979473034468,0.0985284014897,0.0986575343881,0.0986575343881,0.0982701356928,0.0978827369976,0.0973016389547,0.0977536040992,0.09768903765,0.0977536040992,0.0978181705484,0.0980764363452,0.0983992685913,0.0983347021421,0.0984638350405,0.0985284014897,0.0985284014897,0.0983347021421,0.0984638350405,0.0981410027944,0.0983992685913,0.0989803666341,0.0993031988802,0.098011869896,