# R script for Peak Model
#  -- generated by MACS
p <- c(0.0378350543405,0.0396780226035,0.041195761173,0.0434723690273,0.0449901075968,0.0474835352468,0.0493265035098,0.0508442420793,0.0532292598314,0.0550722280944,0.0576740656422,0.06027590319,0.0626609209421,0.0643954793073,0.0653711683877,0.0673225465485,0.0705748434832,0.0729598612353,0.0729598612353,0.072526221644,0.0727430414397,0.072526221644,0.0723094018484,0.0726346315419,0.073176681031,0.073176681031,0.0732850909288,0.074369189907,0.0728514513375,0.0728514513375,0.0726346315419,0.0718757622571,0.0712253028702,0.070683253381,0.0702496137897,0.0709000731767,0.0703580236876,0.0702496137897,0.0702496137897,0.069490744505,0.0695991544028,0.0699243840963,0.0705748434832,0.0705748434832,0.0699243840963,0.0703580236876,0.0701412038919,0.0693823346071,0.0693823346071,0.0690571049137,0.0703580236876,0.0704664335854,0.0695991544028,0.0690571049137,0.0689486950159,0.069490744505,0.0704664335854,0.0704664335854,0.0712253028702,0.0720925820527,0.0724178117462,0.0723094018484,0.0728514513375,0.0719841721549,0.0719841721549,0.0715505325636,0.0723094018484,0.072526221644,0.0732850909288,0.0735019107244,0.0733935008266,0.0735019107244,0.0733935008266,0.0741523701114,0.0744775998049,0.074369189907,0.0749112393962,0.0737187305201,0.0738271404179,0.0744775998049,0.0748028294983,0.075019649294,0.0746944196005,0.075019649294,0.0749112393962,0.0752364690896,0.0745860097027,0.0748028294983,0.0741523701114,0.074369189907,0.0748028294983,0.0737187305201,0.0723094018484,0.0719841721549,0.0715505325636,0.071333712768,0.0717673523593,0.0726346315419,0.0723094018484,0.0722009919506,0.0718757622571,0.0711168929723,0.0701412038919,0.0695991544028,0.0705748434832,0.070683253381,0.0702496137897,0.0699243840963,0.0701412038919,0.0695991544028,0.0702496137897,0.0716589424614,0.0715505325636,0.0712253028702,0.070683253381,0.0707916632789,0.0700327939941,0.0695991544028,0.0707916632789,0.0711168929723,0.0711168929723,0.0716589424614,0.0722009919506,0.0724178117462,0.0722009919506,0.0717673523593,0.0723094018484,0.0736103206223,0.0748028294983,0.076862617557,0.0770794373526,0.0770794373526,0.07621215817,0.0759953383744,0.0757785185787,0.0761037482722,0.0771878472505,0.0777298967396,0.0781635363309,0.0782719462287,0.0774046670461,0.0778383066374,0.0785971759222,0.0795728650026,0.0794644551048,0.079898094696,0.0785971759222,0.0776214868417,0.0777298967396,0.0783803561265,0.0784887660243,0.0781635363309,0.0792476353091,0.0797896847982,0.0779467165352,0.0767542076592,0.0766457977613,0.0761037482722,0.0755616987831,0.0744775998049,0.0745860097027,0.0749112393962,0.0742607800092,0.0740439602136,0.0738271404179,0.0717673523593,0.0716589424614,0.0716589424614,0.0716589424614,0.071333712768,0.0722009919506,0.0726346315419,0.0723094018484,0.0724178117462,0.0724178117462,0.0724178117462,0.0718757622571,0.0716589424614,0.071333712768,0.0700327939941,0.0699243840963,0.0690571049137,0.0705748434832,0.0709000731767,0.0707916632789,0.0702496137897,0.0699243840963,0.0697075643006,0.0687318752202,0.066997316855,0.0672141366507,0.0681898257311,0.0667804970594,0.0671057267529,0.0677561861398,0.0681898257311,0.0682982356289,0.0680814158333,0.0673225465485,0.0668889069572,0.066997316855,0.067647776242,0.067647776242,0.066997316855,0.0677561861398,0.0665636772637,0.0656963980811,0.0642870694094,0.0641786595116,0.063961839716,0.0632029704312,0.0630945605334,0.0638534298181,0.0640702496138,0.063961839716,0.0650459386942,0.0647207090007,0.0646122991029,0.0630945605334,0.0623356912486,0.0622272813508,0.0624441011464,0.0620104615551,0.0628777407377,0.0634197902268,0.0641786595116,0.0647207090007,0.0641786595116,0.0648291188986,0.0638534298181,0.0637450199203,0.0636366100225,0.0637450199203,0.0637450199203,0.0646122991029,0.0649375287964,0.0646122991029,0.063961839716,0.0641786595116,0.0637450199203,0.0628777407377,0.0641786595116,0.0653711683877,0.0653711683877,0.0649375287964,0.0649375287964,0.0659132178768,0.0656963980811,0.0649375287964,0.0655879881833,0.0650459386942,0.0643954793073,0.0643954793073,0.0661300376724,0.0671057267529,0.0678645960376,0.0685150554246,0.0691655148115,0.069490744505,0.0687318752202,0.0690571049137,0.0693823346071,0.0692739247093,0.0700327939941,0.070683253381,0.0712253028702,0.0718757622571,0.0715505325636,0.0716589424614,0.0717673523593,0.0711168929723,0.0714421226658,0.072526221644,0.0732850909288,0.073176681031,0.0738271404179,0.0741523701114,0.0737187305201,0.0732850909288,0.0737187305201,0.0746944196005,0.0748028294983,0.0755616987831,0.0765373878635,0.0788139957178,0.0779467165352,0.0796812749004,0.0793560452069,0.0797896847982,0.07870558582,0.0797896847982,0.0808737837765,0.0802233243895,0.0803317342873,0.0809821936743,0.0810906035721,0.0813074233678,0.081741062959,0.0821747025503,0.0819578827547,0.0824999322438,0.0832588015286,0.0831503916308,0.0838008510177,0.0844513104046,0.0848849499959,0.0867279182589,0.0865110984633,0.0856438192807,0.0853185895872,0.0865110984633,0.0861858687698,0.0866195083611,0.0875951974415,0.0881372469306,0.0894381657045,0.0898718052958,0.0901970349893,0.0899802151936,0.0906306745806,0.0900886250915,0.0907390844784,0.0896549855002,0.0911727240697,0.0917147735588,0.0914979537632,0.0904138547849,0.0899802151936,0.0905222646828,0.091606363661,0.0926904626392,0.093449331924,0.0943166111066,0.0944250210044,0.0949670704935,0.0951838902892,0.0947502506979,0.0957259397783,0.0962679892674,0.0963763991652,0.0968100387565,0.0963763991652,0.0958343496761,0.0972436783478,0.0978941377348,0.0983277773261,0.0978941377348,0.0984361872239,0.0988698268152,0.0990866466108,0.0990866466108,0.0988698268152,0.0993034664065,0.0993034664065,0.098978236713,0.0984361872239,0.0976773179391,0.0974604981435,0.0991950565087,0.098978236713,0.098978236713,0.100062335691,0.100495975283,0.100062335691,0.0996286961,0.0991950565087,0.097785727837,0.0974604981435,0.0965932189609,0.0963763991652,0.0959427595739,0.0957259397783,0.0963763991652,0.0949670704935,0.0944250210044,0.0945334309022,0.0931241022305,0.0933409220262,0.0926904626392,0.0917147735588,0.0917147735588,0.0914979537632,0.0918231834566,0.0914979537632,0.0901970349893,0.0894381657045,0.0886792964198,0.0883540667263,0.0878120172372,0.0880288370328,0.0874867875437,0.0872699677481,0.0874867875437,0.0874867875437,0.0870531479524,0.0873783776459,0.0867279182589,0.0862942786676,0.0870531479524,0.0874867875437,0.0873783776459,0.0852101796894,0.0853185895872,0.0851017697916,0.0840176708133,0.0849933598938,0.0846681302003,0.0847765400981,0.0852101796894,0.0862942786676,0.0870531479524,0.0867279182589,0.0892213459089,0.0899802151936,0.0899802151936,0.0904138547849,0.0900886250915,0.0912811339675,0.0914979537632,0.0918231834566,0.0925820527414,0.0932325121284,0.0932325121284,0.0937745616175,0.0930156923327,0.0929072824349,0.0938829715153,0.0937745616175,0.0926904626392,0.0932325121284,0.0919315933545,0.0923652329458,0.0924736428436,0.093449331924,0.0926904626392,0.0923652329458,0.0926904626392,0.0937745616175,0.0940997913109,0.0936661517197,0.0944250210044,0.0935577418218,0.0939913814131,0.0947502506979,0.0938829715153,0.0923652329458,0.0911727240697,0.0914979537632,0.0900886250915,0.0901970349893,0.0908474943762,0.0907390844784,0.0908474943762,0.0888961162154,0.0874867875437,0.0877036073394,0.0874867875437,0.0877036073394,0.0885708865219,0.0877036073394,0.0878120172372,0.0886792964198,0.0888961162154,0.0892213459089,0.0903054448871,0.0903054448871,0.0910643141719,0.0898718052958,0.0896549855002,0.089763395398,0.0903054448871,0.0909559042741,0.0921484131501,0.0930156923327,0.093449331924,0.0937745616175,0.0950754803914,0.0951838902892,0.0957259397783,0.0949670704935,0.0950754803914,0.0964848090631,0.09713526845,0.0975689080413,0.0980025476326,0.0994118763043,0.0985445971217,0.0978941377348,0.0994118763043,0.100821204976,0.101580074261,0.10309781283,0.104073501911,0.103314632626,0.10309781283,0.104507141502,0.105157600889,0.105374420685,0.105916470174,0.106783749356,