# R script for Peak Model
#  -- generated by MACS
p <- c(0.0355641704501,0.0384758569197,0.0413875433893,0.043675297044,0.0455470954888,0.0488747371683,0.0515784460329,0.0549060877125,0.0567778861572,0.0596895726268,0.0630172143064,0.065304967961,0.0671767664058,0.0682166544307,0.0682166544307,0.0696724976655,0.0698804752704,0.0698804752704,0.0696724976655,0.0694645200605,0.0698804752704,0.0705044080853,0.0705044080853,0.0709203632953,0.0705044080853,0.0700884528754,0.0692565424555,0.0686326096406,0.0688405872456,0.0688405872456,0.0694645200605,0.0692565424555,0.0705044080853,0.0680086768257,0.0682166544307,0.0663448559859,0.0642650799362,0.0644730575412,0.065512945566,0.0642650799362,0.0630172143064,0.0615613710716,0.0603135054417,0.0601055278368,0.058441706997,0.0578177741821,0.058441706997,0.0569858637622,0.058233729392,0.0567778861572,0.0571938413672,0.0576097965771,0.0557379981324,0.0555300205274,0.0536582220826,0.0528263116628,0.0524103564528,0.0505385580081,0.0484587819584,0.0497066475882,0.0488747371683,0.0499146251932,0.051370468428,0.0505385580081,0.0499146251932,0.0499146251932,0.0499146251932,0.0494986699832,0.0486667595633,0.0484587819584,0.0488747371683,0.0499146251932,0.0484587819584,0.0480428267484,0.0476268715385,0.0480428267484,0.0478348491434,0.0482508043534,0.0484587819584,0.0484587819584,0.0482508043534,0.0488747371683,0.0484587819584,0.0492906923782,0.0490827147733,0.0482508043534,0.0490827147733,0.0488747371683,0.0484587819584,0.0494986699832,0.0484587819584,0.0476268715385,0.0465869835136,0.0459630506987,0.0467949611186,0.0467949611186,0.0472109163285,0.0455470954888,0.0463790059086,0.0465869835136,0.0463790059086,0.0461710283037,0.0463790059086,0.0453391178838,0.0457550730937,0.0457550730937,0.0476268715385,0.0465869835136,0.0457550730937,0.0459630506987,0.0457550730937,0.0459630506987,0.0453391178838,0.0461710283037,0.0453391178838,0.0442992298589,0.0442992298589,0.0459630506987,0.0480428267484,0.0480428267484,0.0480428267484,0.0484587819584,0.0503305804031,0.051162490823,0.0505385580081,0.0517864236379,0.0528263116628,0.0526183340578,0.0534502444777,0.0536582220826,0.0532422668727,0.0534502444777,0.0530342892677,0.0551140653174,0.0567778861572,0.0557379981324,0.0555300205274,0.0569858637622,0.0569858637622,0.0565699085522,0.058441706997,0.0592736174169,0.0603135054417,0.0607294606517,0.0603135054417,0.0615613710716,0.0617693486765,0.0611454158616,0.0596895726268,0.0607294606517,0.0613533934666,0.0609374382566,0.058649684602,0.0592736174169,0.0590656398119,0.0594815950218,0.0603135054417,0.0598975502318,0.0592736174169,0.058233729392,0.0574018189721,0.0594815950218,0.0601055278368,0.0590656398119,0.058649684602,0.0590656398119,0.0574018189721,0.0571938413672,0.0563619309473,0.0569858637622,0.0565699085522,0.0565699085522,0.0561539533423,0.0561539533423,0.0559459757373,0.0544901325025,0.0542821548976,0.0536582220826,0.0569858637622,0.0571938413672,0.0561539533423,0.058233729392,0.0588576622069,0.0592736174169,0.0592736174169,0.0590656398119,0.0596895726268,0.0598975502318,0.0594815950218,0.0603135054417,0.0617693486765,0.0609374382566,0.0607294606517,0.0607294606517,0.0611454158616,0.0594815950218,0.0598975502318,0.058649684602,0.0590656398119,0.0607294606517,0.0609374382566,0.0609374382566,0.0617693486765,0.0638491247262,0.0632251919113,0.0626012590964,0.0634331695163,0.0613533934666,0.0609374382566,0.0609374382566,0.0611454158616,0.0621853038865,0.0626012590964,0.0615613710716,0.0630172143064,0.0632251919113,0.0638491247262,0.0638491247262,0.065512945566,0.0665528335909,0.0663448559859,0.0667608111959,0.0665528335909,0.0673847440108,0.0678006992207,0.0667608111959,0.065304967961,0.065928900776,0.065512945566,0.0621853038865,0.0607294606517,0.0619773262815,0.0615613710716,0.0628092367014,0.0630172143064,0.0626012590964,0.0636411471213,0.0634331695163,0.0632251919113,0.0615613710716,0.0601055278368,0.058025751787,0.0565699085522,0.0567778861572,0.0557379981324,0.0557379981324,0.0555300205274,0.0563619309473,0.0557379981324,0.0567778861572,0.0569858637622,0.0574018189721,0.0588576622069,0.058649684602,0.0578177741821,0.0588576622069,0.0594815950218,0.058649684602,0.0590656398119,0.0571938413672,0.058649684602,0.0594815950218,0.0594815950218,0.058233729392,0.0578177741821,0.0588576622069,0.0594815950218,0.0613533934666,0.0617693486765,0.0615613710716,0.0623932814914,0.0626012590964,0.0630172143064,0.0630172143064,0.0644730575412,0.0634331695163,0.0626012590964,0.0623932814914,0.0621853038865,0.0613533934666,0.0628092367014,0.0646810351461,0.0640571023312,0.0644730575412,0.065720923171,0.065928900776,0.0650969903561,0.0650969903561,0.065928900776,0.0671767664058,0.0690485648505,0.0705044080853,0.0707123856903,0.073000139345,0.0746639601848,0.0754958706047,0.0769517138395,0.0761198034196,0.0777836242593,0.0771596914444,0.0773676690494,0.0784075570743,0.0809032883339,0.0813192435439,0.0827750867787,0.0850628404333,0.0842309300135,0.0842309300135,0.0850628404333,0.0850628404333,0.0856867732483,0.0881825045079,0.0883904821129,0.0892223925328,0.0888064373228,0.0890144149278,0.0888064373228,0.0879745269029,0.0894303701377,0.0881825045079,0.087558571693,0.0879745269029,0.087350594088,0.087766549298,0.0885984597179,0.0885984597179,0.087766549298,0.087558571693,0.087766549298,0.0871426164831,0.0867266612731,0.0858947508532,0.0856867732483,0.0863107060632,0.0861027284582,0.0871426164831,0.0867266612731,0.0846468852234,0.0848548628284,0.0850628404333,0.0844389076184,0.0844389076184,0.0840229524085,0.0858947508532,0.0856867732483,0.0850628404333,0.0858947508532,0.0856867732483,0.0869346388781,0.0881825045079,0.0869346388781,0.0871426164831,0.0869346388781,0.0879745269029,0.0861027284582,0.0869346388781,0.0863107060632,0.0867266612731,0.0881825045079,0.0863107060632,0.0879745269029,0.0879745269029,0.0871426164831,0.0890144149278,0.0885984597179,0.0883904821129,0.0892223925328,0.0890144149278,0.0883904821129,0.087558571693,0.087350594088,0.087350594088,0.087350594088,0.087558571693,0.0869346388781,0.0883904821129,0.0890144149278,0.0900543029527,0.0925500342123,0.0919261013974,0.0925500342123,0.0940058774471,0.094629810262,0.0940058774471,0.0944218326571,0.0958776758919,0.0962936311018,0.0971255415217,0.0971255415217,0.0956696982869,0.0965016087068,0.0969175639167,0.0971255415217,0.0992053175714,0.100037227991,0.100453183201,0.102117004041,0.103364869671,0.102324981646,0.102532959251,0.102324981646,0.101909026436,0.102948914461,0.102532959251,0.102532959251,0.104612735301,0.105444645721,0.105652623326,0.107732399375,0.11002015303,0.11085206345,0.111475996265,0.11002015303,0.11002015303,0.110228130635,0.1129318395,0.1129318395,0.1129318395,0.113971727524,0.113763749919,0.115427570759,0.116051503574,0.114179705129,0.1129318395,0.113763749919,0.115011615549,0.115219593154,0.114595660339,0.115011615549,0.117715324414,0.118547234834,0.119379145254,0.119171167649,0.118339257229,0.116051503574,0.114179705129,0.113555772314,0.115011615549,0.115219593154,0.114803637944,0.115427570759,0.112723861895,0.112723861895,0.11209992908,0.11126801866,0.111060041055,0.110228130635,0.112307906685,0.1129318395,0.115635548364,0.115427570759,0.114595660339,0.115011615549,0.115843525969,0.116883413994,0.117299369204,0.117923302019,0.117507346809,0.118547234834,0.120211055674,0.121874876513,0.123538697353,0.123954652563,0.123330719748,0.125410495798,0.126450383823,0.128738137477,0.132273756762,0.136225331256,0.137473196886,0.137265219281,0.139760950541,0.142256681801,0.140800838566,0.141632748986,0.141008816171,0.143712525035,0.14433645785,0.144128480245,0.142464659405,0.142464659405,0.14433645785,0.14350454743,0.14308859222,0.14475241306,0.146208256295,0.148703987555,0.149951853184,0.152655562049,0.152031629234,0.153071517259,0.154943315704,0.154319382889,0.154735338099,0.157439046963,0.160142755828,0.163886352718,0.164094330323,0.161806576668,0.163054442298,0.166798039187,0.166590061582,0.167837927212,0.171165568892,0.172413434521,0.175741076201,0.177196919436,