# R script for Peak Model
#  -- generated by MACS
p <- c(0.0386485329719,0.0404876124068,0.0427446644405,0.0445558790354,0.04647855299,0.0485684159842,0.0506861438182,0.052553088093,0.0545314917275,0.0564541656821,0.0580145967177,0.0599651355123,0.0617206204274,0.0635596998622,0.065426644137,0.0676001016509,0.0691605326866,0.0710832066412,0.0706652340424,0.0706095043625,0.0705259098428,0.0709717472815,0.0710832066412,0.0709717472815,0.0713618550404,0.0709996121214,0.0710274769614,0.0707209637222,0.0703865856431,0.0703865856431,0.0696342349652,0.0696342349652,0.0698571536846,0.0697735591649,0.0694113162459,0.0694670459257,0.0694113162459,0.0694670459257,0.0693277217261,0.0698292888447,0.0697735591649,0.0696620998052,0.069355586566,0.0697735591649,0.0698014240048,0.0700243427242,0.0707488285621,0.0706373692024,0.0707488285621,0.0708324230819,0.0710274769614,0.0705537746827,0.0707209637222,0.0708881527617,0.0710553418013,0.0712503956807,0.0712225308408,0.0705537746827,0.0703587208032,0.0700243427242,0.0698014240048,0.0696342349652,0.0699128833645,0.0698571536846,0.0699686130443,0.0699686130443,0.0700243427242,0.0701636669238,0.0697456943249,0.0696620998052,0.0698292888447,0.0698850185245,0.0693834514059,0.0694949107656,0.0694670459257,0.0690769381668,0.0694391810858,0.0694391810858,0.0696342349652,0.069021208487,0.0687146952478,0.0685196413684,0.0679066148901,0.0682131281292,0.0681573984494,0.0684360468486,0.0683524523288,0.0686868304079,0.0688540194474,0.0688540194474,0.0692998568862,0.0695785052854,0.0698292888447,0.0701358020838,0.0699128833645,0.0704701801629,0.0703587208032,0.0704980450028,0.070442315323,0.0707209637222,0.0706373692024,0.0706373692024,0.0705259098428,0.0704701801629,0.0706930988823,0.0709438824416,0.0708324230819,0.0710832066412,0.0711946660009,0.0709717472815,0.0711946660009,0.0714454495602,0.0712225308408,0.0712782605206,0.071138936321,0.07150117924,0.0718076924792,0.0719191518389,0.0721699353982,0.0721420705582,0.0723092595978,0.0725043134772,0.0721142057183,0.0715290440799,0.0715290440799,0.0715847737598,0.071138936321,0.0708881527617,0.0710553418013,0.0711946660009,0.0711110714811,0.0710553418013,0.0708602879218,0.0709438824416,0.0708602879218,0.0708881527617,0.0711946660009,0.0714175847203,0.0716126385997,0.0719470166788,0.0721420705582,0.0719191518389,0.0723928541175,0.0719748815187,0.0721142057183,0.0722535299179,0.0715847737598,0.0710553418013,0.070442315323,0.0703308559633,0.0702751262835,0.0701079372439,0.0703308559633,0.0701079372439,0.0698850185245,0.0697735591649,0.0699686130443,0.0693277217261,0.0697735591649,0.0704980450028,0.0705816395226,0.0703587208032,0.0700243427242,0.0692998568862,0.0687146952478,0.0683803171688,0.0685196413684,0.0682688578091,0.0689376139672,0.0688818842874,0.0684360468486,0.0680459390897,0.0677951555304,0.0673771829316,0.0670985345323,0.0665412377339,0.0664576432141,0.0663740486944,0.0662347244948,0.0663740486944,0.0662625893347,0.0662347244948,0.0664855080541,0.0669592103327,0.0676279664909,0.0676836961707,0.0679902094098,0.0678508852102,0.0679902094098,0.0676279664909,0.0680180742498,0.0679066148901,0.0677672906905,0.0679623445699,0.0677951555304,0.0675165071312,0.067572236811,0.0677394258505,0.06793447973,0.0687425600877,0.0690490733269,0.0692998568862,0.0694113162459,0.0694391810858,0.0687704249277,0.0688818842874,0.0691326678466,0.0692441272063,0.0692162623664,0.0692441272063,0.0686868304079,0.0690490733269,0.0688540194474,0.0689376139672,0.068658965568,0.0687425600877,0.068993343647,0.068993343647,0.0687146952478,0.0681295336095,0.0680738039296,0.0679066148901,0.06793447973,0.0678787500502,0.0676836961707,0.0683245874889,0.0683245874889,0.0682131281292,0.0684081820087,0.0683524523288,0.0685196413684,0.0688540194474,0.0687704249277,0.068658965568,0.0690490733269,0.069021208487,0.0689097491273,0.0687146952478,0.0687425600877,0.0687146952478,0.0691605326866,0.0691048030067,0.0693277217261,0.0692441272063,0.0692441272063,0.0695785052854,0.0703308559633,0.0705259098428,0.0707488285621,0.0707766934021,0.0707209637222,0.0704144504831,0.0704980450028,0.0705816395226,0.0710274769614,0.0716683682796,0.0716126385997,0.0718076924792,0.0718076924792,0.0717519627993,0.0713897198803,0.0711110714811,0.0707209637222,0.0709996121214,0.0706652340424,0.0708324230819,0.0709717472815,0.0705816395226,0.0705816395226,0.0708881527617,0.0711110714811,0.0708324230819,0.0708602879218,0.0709996121214,0.0711110714811,0.071166801161,0.0709996121214,0.0711946660009,0.0714175847203,0.0716683682796,0.0721978002381,0.0721699353982,0.0724485837974,0.0725600431571,0.0726436376768,0.0732287993152,0.0742876632322,0.0755694458686,0.0757644997481,0.076154607507,0.0766004449458,0.0770741472244,0.0778543627423,0.0779658221019,0.0783280650209,0.079024686019,0.0794426586178,0.0802786038155,0.0812538732127,0.0817833051713,0.0823127371298,0.0828978987682,0.0831208174875,0.0838731681654,0.0841796814046,0.0845976540034,0.0848763024026,0.085099221122,0.0853778695212,0.0861302201991,0.0870218950766,0.0876906512347,0.0879971644739,0.0884708667526,0.0886380557921,0.0889167041913,0.0890002987111,0.0890002987111,0.0891953525905,0.0889724338712,0.0888888393514,0.0888331096716,0.0885265964324,0.0881643535134,0.088331542553,0.0881643535134,0.0881643535134,0.0878299754344,0.0873005434758,0.0873284083158,0.0871612192762,0.0869661653968,0.0870497599165,0.0866317873177,0.0862138147189,0.08582370696,0.0859351663197,0.0860466256793,0.0861302201991,0.0862695443987,0.0867432466774,0.0860744905193,0.0856565179204,0.0862695443987,0.0865760576379,0.0861302201991,0.0856843827604,0.0856565179204,0.0859073014797,0.0857401124402,0.0859630311596,0.0862695443987,0.0864088685983,0.0866875169976,0.0866596521576,0.0871612192762,0.0877742457545,0.0878021105944,0.0877742457545,0.087969299634,0.0880528941537,0.0885544612723,0.088303677713,0.0884151370727,0.0887495151518,0.0888609745115,0.0892789471103,0.0896969197091,0.0898641087487,0.0903099461874,0.0907000539463,0.0908951078258,0.0908951078258,0.0904214055471,0.0902820813475,0.0898083790688,0.0893346767901,0.0896133251894,0.0898641087487,0.0895018658297,0.0890838932309,0.0891396229107,0.0888609745115,0.0887495151518,0.0885823261123,0.0886101909522,0.0890838932309,0.0891117580708,0.0890560283909,0.0891953525905,0.0894740009898,0.0893625416301,0.0887495151518,0.0885265964324,0.0885544612723,0.0888888393514,0.0887495151518,0.0887495151518,0.0885823261123,0.0887216503119,0.0888609745115,0.08939040647,0.0900034329483,0.0898083790688,0.0899755681084,0.089752649389,0.0897805142289,0.0903935407072,0.0907836484661,0.0908951078258,0.091535999144,0.0915081343041,0.0919818365827,0.092232620142,0.0927899169405,0.0934865379385,0.0945732666955,0.0949912392943,0.0954370767331,0.0956042657726,0.0959386438517,0.0959107790118,0.0957157251323,0.0958550493319,0.0962451570908,0.0963844812904,0.0961336977311,0.0963008867707,0.0967745890493,0.0969975077687,0.0971646968082,0.0963566164505,0.0962730219307,0.0960779680513,0.0964402109703,0.0964959406501,0.0967745890493,0.0967188593695,0.0957714548121,0.0962451570908,0.0961336977311,0.09655167033,0.0967188593695,0.0965795351699,0.095827184492,0.096189427411,0.0957993196521,0.0957993196521,0.0957157251323,0.0955764009327,0.0951305634939,0.0947961854149,0.0943503479761,0.0942946182963,0.0949076447746,0.0954370767331,0.0956042657726,0.0960779680513,0.0965795351699,0.0966631296897,0.0969696429288,0.0972761561679,0.0980285068458,0.0981678310454,0.0986415333241,0.0991988301226,0.099756126921,0.100369153399,0.101567341516,0.102263962514,0.102626205433,0.102821259312,0.102737664793,0.103155637391,0.103907988069,0.104298095828,0.104353825508,0.104409555188,0.104493149708,0.104298095828,0.105440554265,0.105858526864,0.106165040103,0.107084579821,0.1074189579,0.108031984378,0.108505686657,0.108561416336,0.108951524095,0.109592415413,0.109341631854,0.109062983455,0.108979388935,0.109230172495,0.108812199896,0.109341631854,0.109174442815,0.109174442815,0.108979388935,0.109007253775,0.109007253775,