# R script for Peak Model
#  -- generated by MACS
p <- c(0.0175171413071,0.0180400410476,0.0182361284503,0.0187917094246,0.0194453341003,0.0200009150745,0.0203930898799,0.0210467145556,0.0219291078677,0.0225500513095,0.0231383135176,0.0237265757257,0.024576287804,0.0250991875445,0.0256547685188,0.0262757119607,0.0268966554025,0.0276483237795,0.0283673109227,0.0289555731308,0.0298052852091,0.0304915911185,0.0312432594955,0.0318315217036,0.0325505088468,0.0331387710549,0.0330407273535,0.0328773211846,0.0325831900806,0.0325831900806,0.0323217402103,0.0324197839117,0.0324197839117,0.0324524651455,0.0324197839117,0.0325831900806,0.0328119587171,0.0331060898211,0.0334002209251,0.0336289895616,0.0336289895616,0.0336289895616,0.0333021772238,0.03326949599,0.0333675396914,0.0336616707954,0.0338904394319,0.0333021772238,0.0331060898211,0.0333348584576,0.0333675396914,0.0331060898211,0.0334982646265,0.0334982646265,0.0338250769643,0.0341518893021,0.0341518893021,0.0341845705359,0.0344460204062,0.0344460204062,0.0341845705359,0.0342826142373,0.0341845705359,0.0342172517697,0.0339884831332,0.0340865268346,0.0342826142373,0.0345113828737,0.0344787016399,0.0343806579386,0.0342826142373,0.0345113828737,0.0341518893021,0.0341192080683,0.034021164367,0.034021164367,0.0340538456008,0.0341845705359,0.0341518893021,0.0341845705359,0.0346747890426,0.0343806579386,0.0345767453413,0.0343479767048,0.0345113828737,0.0345767453413,0.0345767453413,0.0344133391724,0.0341845705359,0.0338904394319,0.0336616707954,0.0335309458603,0.0335636270941,0.0337597144967,0.0338577581981,0.0338577581981,0.0341192080683,0.0335963083278,0.03326949599,0.0334002209251,0.0335963083278,0.0333348584576,0.0335309458603,0.033727033263,0.0336943520292,0.0339231206657,0.0341518893021,0.0338250769643,0.0338904394319,0.0339884831332,0.0338577581981,0.0338904394319,0.0341518893021,0.0338904394319,0.0340865268346,0.0338250769643,0.0338904394319,0.0340865268346,0.0339558018994,0.0336616707954,0.0336943520292,0.0338577581981,0.0340865268346,0.0337597144967,0.0336943520292,0.0337923957305,0.0339231206657,0.0341192080683,0.034021164367,0.0338904394319,0.0341845705359,0.0344787016399,0.034315295471,0.0345767453413,0.0346094265751,0.0346421078089,0.0345113828737,0.0348055139778,0.0349362389129,0.0354264574196,0.0360147196277,0.0363088507317,0.036276169498,0.0364722569006,0.036570300602,0.0364395756669,0.0363742131993,0.0363742131993,0.0364722569006,0.0366356630696,0.0369297941736,0.0371912440438,0.0372892877452,0.037321968979,0.037321968979,0.0375180563817,0.0373873314465,0.0374200126803,0.0373873314465,0.0374200126803,0.0371585628101,0.0373873314465,0.0374853751479,0.037616100083,0.0374526939141,0.0377795062519,0.037616100083,0.037910231187,0.0380409561222,0.0381716810573,0.0381389998235,0.0384004496938,0.0386945807978,0.0384658121613,0.0383350872262,0.0386945807978,0.039119436837,0.0388579869667,0.0386945807978,0.0384004496938,0.03836776846,0.0384004496938,0.0382370435249,0.0382043622911,0.0383024059924,0.0382043622911,0.0381063185897,0.0381389998235,0.0382043622911,0.0381063185897,0.0379755936546,0.0376814625506,0.0374526939141,0.0375834188492,0.0375507376154,0.0370605191087,0.0369297941736,0.0372566065114,0.0370605191087,0.0372566065114,0.0370932003425,0.0371258815763,0.037321968979,0.0374200126803,0.0374526939141,0.0381063185897,0.0381389998235,0.0378121874857,0.0380082748884,0.0380082748884,0.0379755936546,0.0380409561222,0.0382043622911,0.0381389998235,0.0381716810573,0.0380409561222,0.0382697247586,0.0382370435249,0.0387272620316,0.0390867556032,0.0389887119019,0.0387599432654,0.0391847993045,0.0396423365775,0.0396096553437,0.0399037864477,0.0400998738504,0.0398384239802,0.0399364676815,0.0404920486558,0.0406227735909,0.0412763982666,0.0415051669031,0.0418646604747,0.0420934291111,0.0421261103449,0.0422895165138,0.0424856039165,0.0426163288516,0.0427470537868,0.0431065473584,0.0429431411895,0.0434006784624,0.043760172034,0.0434987221638,0.0436294470989,0.0440216219043,0.0446098841123,0.0450020589177,0.0451001026191,0.0453288712555,0.0456556835934,0.0458190897623,0.0460805396325,0.0463419895028,0.0467014830744,0.0466688018406,0.0464073519704,0.0464727144379,0.0469629329446,0.0470282954122,0.0473877889838,0.0482375010621,0.0487930820364,0.0493486630107,0.049610112881,0.0501656938553,0.0505578686607,0.0505578686607,0.0508193185309,0.0507866372971,0.0507866372971,0.0511461308687,0.051701711843,0.051701711843,0.0516690306092,0.0519958429471,0.0523226552849,0.0524206989862,0.0531723673632,0.0532704110646,0.0535645421686,0.053956716974,0.0541854856105,0.0544142542469,0.0548717915199,0.0550351976888,0.0557868660658,0.0562770845725,0.0566365781441,0.057094115417,0.0576823776251,0.0582379585994,0.0588262208075,0.0594144830156,0.059643251652,0.0603295575615,0.0608197760682,0.06144071951,0.0619636192506,0.0622250691208,0.06264992516,0.0633689123032,0.0637610871086,0.064447393018,0.0649049302909,0.0649049302909,0.0650356552261,0.0658526860706,0.0664409482787,0.0670618917205,0.0677155163962,0.0684345035394,0.0687613158772,0.0689247220461,0.0696437091893,0.0701992901636,0.0704934212676,0.0708202336055,0.0717679893851,0.0729445138013,0.0737942258796,0.0748073441269,0.0759511873092,0.0765067682835,0.0771930741929,0.0780101050375,0.0787944546483,0.0797422104279,0.0802324289347,0.0809514160779,0.0819645343251,0.0826508402345,0.0832391024426,0.0841868582223,0.0849058453655,0.0856901949762,0.0863438196519,0.0869647630937,0.0870954880289,0.0877817939383,0.0884354186139,0.0892851306923,0.0896446242639,0.0905923800435,0.0916381795246,0.092324485434,0.0935010098501,0.0945141280974,0.0953638401757,0.09591942115,0.0971939892675,0.098468557385,0.0994489943984,0.100037256607,0.10075624375,0.101442549659,0.10248834914,0.103468786154,0.104874079206,0.105625747583,0.106410097194,0.107227128039,0.107815390247,0.10853437739,0.109482133169,0.110201120313,0.110985469923,0.111704457067,0.112782937781,0.113763374795,0.114678449341,0.115397436484,0.115953017458,0.116998816939,0.117554397914,0.118436791226,0.120038171681,0.121116652396,0.121476145967,0.122293176812,0.123338976293,0.124744269346,0.125201806619,0.126443693502,0.127750942854,0.12892746727,0.129744498114,0.130953703764,0.131509284739,0.132947259025,0.13454863948,0.135365670325,0.136117338702,0.137326544352,0.138568431235,0.139744955652,0.141052205003,0.142130685718,0.142784310393,0.143993516043,0.145594896499,0.14716359572,0.147947945331,0.14863425124,0.14932055715,0.150954618839,0.151902374618,0.152457955593,0.154288104685,0.155954847607,0.155954847607,0.157033328322,0.159419058388,0.160758988973,0.161837469688,0.162491094364,0.163700300014,0.164582693326,0.165367042937,0.166445523651,0.167491323132,0.168373716445,0.169877053199,0.170792127744,0.172230102031,0.173766120019,0.175040688136,0.176576706124,0.177328374501,0.178570261385,0.180367729243,0.181544253659,0.183276359049,0.183962664959,0.184943101972,0.185662089115,0.185923538985,0.187426875739,0.188439993987,0.189976011974,0.191773479832,0.192851960547,0.193668991392,0.194420659769,0.196087402692,0.197427333277,0.199192119901,0.200205238148,0.200858862824,0.201839299837,0.203604086461,0.204290392371,0.205238148151,0.205989816528,0.206414672567,0.207558515749,0.208898446334,0.209944245815,0.211088088998,0.212722150687,0.213473819064,0.214029400038,0.215826867896,0.21664389874,0.216611217507,0.217689698221,0.219094991274,0.221088546535,0.222624564523,0.224062538809,0.224944932121,0.22605609407,0.227886243161,0.228899361409,0.229160811279,0.230762191734,0.231546541345,0.231448497644,0.231775309982,0.232788428229,0.23409567758,0.234814664723,0.236546770114,0.237625250828,0.238573006608,0.240076343362,0.241285549012,0.243377147974,0.245207297066,0.246514546417,0.248246651808,0.24939049499,0.251155281614,0.252625937134,0.254063911421,0.256416960253,0.259227546358,0.261417189022,0.262691757139,0.265404299543,0.268018798246,0.271384965325,0.275077944743,0.277986574549,0.280601073252,0.283771152929,0.288052394554,0.291974142608,