# R script for Peak Model
#  -- generated by MACS
p <- c(0.0198649119933,0.0204923988227,0.0210868600295,0.0217473724815,0.0223418336882,0.0232170126871,0.0238444995165,0.0244554735346,0.0250664475527,0.0255122934578,0.0260737290419,0.0268663439843,0.0274773180024,0.0279561895301,0.0286001891708,0.0293928041131,0.0300037781312,0.0306973162058,0.0314734183369,0.0322164948454,0.0330421354103,0.033686135051,0.0345282884273,0.0353043905584,0.0359814158217,0.0365923898397,0.03710428699,0.0379134147437,0.0385409015731,0.0391353627799,0.0396637727414,0.039531670251,0.0395151574397,0.0392674652703,0.0393665421381,0.039250952459,0.0391849012138,0.0394821318171,0.039416080572,0.0393830549494,0.0394325933833,0.0394821318171,0.0393995677607,0.0393500293268,0.0396802855527,0.0399610033448,0.0401096186465,0.0399444905335,0.0398949520996,0.0401756698917,0.0400765930239,0.0399775161561,0.0399610033448,0.0400765930239,0.0404068492499,0.0405884901742,0.0408692079663,0.0408857207776,0.0408196695324,0.0409352592115,0.0408196695324,0.0409022335889,0.0409187464002,0.0408031567211,0.040687567042,0.0405059261177,0.0406050029855,0.0404233620612,0.0403903364386,0.040522438929,0.040687567042,0.040852695155,0.0409187464002,0.0406545414194,0.0406710542307,0.0410343360793,0.0409187464002,0.0407040798533,0.0406545414194,0.0406215157968,0.0404894133064,0.0405059261177,0.0403738236273,0.0404068492499,0.0402086955143,0.0400435674013,0.0399940289674,0.0401096186465,0.0402912595708,0.0400105417787,0.0401261314578,0.0401426442691,0.0402086955143,0.0402086955143,0.0400765930239,0.0401261314578,0.0400105417787,0.0399444905335,0.0401756698917,0.0401426442691,0.0399940289674,0.0401591570804,0.040192182703,0.0402747467595,0.0401261314578,0.0403077723821,0.0401426442691,0.04002705459,0.0401756698917,0.0401591570804,0.0402582339482,0.040357310816,0.0403407980047,0.0405884901742,0.0405884901742,0.0407371054759,0.0404233620612,0.0403242851934,0.0403077723821,0.0402086955143,0.0404068492499,0.0404563876838,0.0404894133064,0.040522438929,0.0405059261177,0.0406710542307,0.040852695155,0.0411003873245,0.041017823268,0.0409022335889,0.0410673617019,0.0411003873245,0.0410343360793,0.041182951381,0.0411334129471,0.0412820282488,0.0414471563618,0.0412655154375,0.0413315666827,0.0416618229087,0.0417774125878,0.0422727969268,0.0423553609833,0.0422893097381,0.0423058225494,0.0423718737946,0.0423058225494,0.0424379250398,0.0423718737946,0.0424048994172,0.0425535147189,0.0428837709448,0.0428672581336,0.0430323862465,0.0431810015482,0.0433791552838,0.0432635656047,0.0434121809064,0.0435112577742,0.0439571036793,0.0440726933584,0.0443038727166,0.0444524880183,0.0444194623957,0.0444029495844,0.0442873599053,0.0444029495844,0.0444524880183,0.0446836673765,0.0445680776974,0.0445185392635,0.0445680776974,0.0446506417539,0.0445185392635,0.0447497186217,0.0447992570556,0.0449478723573,0.0447497186217,0.0448983339234,0.0451625389042,0.0453606926398,0.045591871998,0.0456579232432,0.0458560769788,0.0460707435257,0.0462028460161,0.0465496150533,0.0467477687889,0.0467477687889,0.0467807944115,0.0470119737697,0.0473422299957,0.0472761787505,0.0474247940522,0.0476394605991,0.0475568965426,0.0476724862217,0.0478871527686,0.0477880759008,0.0479862296364,0.0481348449381,0.047854127146,0.0478706399573,0.0476229477878,0.0476724862217,0.0477715630895,0.047854127146,0.0478376143347,0.0481678705607,0.0482339218059,0.0483990499189,0.0486137164658,0.0486302292771,0.0486962805223,0.0487623317675,0.0488118702014,0.0489935111257,0.0490595623709,0.0493237673517,0.0494063314082,0.0497365876342,0.0497696132567,0.0500007926149,0.0500173054262,0.0500338182375,0.0503145360296,0.0503640744635,0.0507108435008,0.0508924844251,0.0510576125381,0.0513713559528,0.0517511506127,0.0517346378014,0.0519493043483,0.052263047763,0.0523786374421,0.0524116630647,0.0523786374421,0.0527254064794,0.0531877651957,0.0537657135912,0.0536501239121,0.0536831495347,0.0538813032703,0.0542445851189,0.0544922772884,0.0544922772884,0.0545583285336,0.0545087900997,0.0545583285336,0.0551362769291,0.0553674562873,0.0557637637585,0.0561435584184,0.056622429946,0.0566884811912,0.0568701221155,0.0572499167754,0.0577287883031,0.058108582963,0.0584883776229,0.0587195569811,0.0591984285088,0.0598589409608,0.0601396587528,0.0604203765449,0.0607341199596,0.0612129914873,0.0616423245811,0.0621707345427,0.0624019139009,0.0629798622964,0.063343144145,0.0635578106918,0.0641357590873,0.0646641690489,0.0650935021427,0.0656549377269,0.0658365786512,0.0662824245563,0.0668273473292,0.0673557572907,0.0676695007054,0.0677850903845,0.068032782554,0.0683465259687,0.0689244743642,0.0691556537224,0.0696345252501,0.0703280633246,0.0707243707958,0.0712527807574,0.0715169857382,0.0718142163416,0.072441703171,0.0728875490761,0.0734654974716,0.073878317754,0.0746213942625,0.075364470771,0.0758103166761,0.0762231369586,0.0763387266377,0.0771148287688,0.0775937002964,0.078122110258,0.0787495970874,0.0788816995778,0.0795422120298,0.0801696988592,0.0810944162919,0.0816723646874,0.0820686721586,0.082531030875,0.0829108255349,0.0834557483078,0.0841492863823,0.0846446707213,0.0851565678716,0.0858831315688,0.0865436440208,0.0872041564728,0.0877986176795,0.0883435404524,0.0891031297722,0.0896480525451,0.0902260009406,0.0910351286942,0.0915635386558,0.0919103076931,0.0922240511078,0.0927194354468,0.0936771785022,0.0939744091056,0.0949321521609,0.0958238439711,0.0963027154988,0.0971448688751,0.0979209710061,0.098135637553,0.0990603549858,0.0997704058717,0.100678610493,0.101173994832,0.101289584511,0.101933584152,0.102329891623,0.103155532188,0.104014198376,0.104905890186,0.105995735732,0.106177376656,0.106920453164,0.107415837503,0.108158914012,0.108935016143,0.109595528595,0.110338605103,0.110569784462,0.111395425027,0.111989886233,0.112501783384,0.113030193345,0.113674192986,0.114400756683,0.115226397248,0.116002499379,0.116861165567,0.117108857736,0.118099626414,0.119073882281,0.119849984412,0.120791214656,0.121501265542,0.122079213937,0.122805777635,0.123581879766,0.124126802538,0.124605674066,0.12554690431,0.126289980819,0.126735826724,0.12719818544,0.127743108213,0.128766902514,0.129724645569,0.130054901795,0.130517260511,0.131557567623,0.131953875094,0.132614387546,0.133539104979,0.134628950525,0.13583438575,0.136445359768,0.137337051578,0.137733359049,0.138261769011,0.138922281463,0.139434178613,0.140342383235,0.14105243412,0.141845049063,0.14270371525,0.143364227702,0.144470586059,0.145642995662,0.146914482132,0.148053866111,0.148780429809,0.149490480695,0.150084941901,0.150844531221,0.152049966446,0.152793042954,0.153519606652,0.154147093481,0.155121349348,0.155880938667,0.157102886704,0.158638578154,0.159513757153,0.160653141133,0.161941140414,0.162915396281,0.164021754638,0.164913446448,0.16582165107,0.166861958182,0.167406880955,0.168397649632,0.169206777386,0.170114982008,0.170593853535,0.171237853176,0.172509339646,0.173632210814,0.17458995387,0.175795389095,0.176835696207,0.17789251613,0.178883284808,0.179824515052,0.180666668428,0.18145928337,0.181938154898,0.182301436747,0.182961949199,0.184134358801,0.1850095378,0.185884716799,0.187288305759,0.188807484399,0.189847791511,0.190458765529,0.190739483321,0.19136697015,0.192242149149,0.193579686864,0.194504404297,0.195396096107,0.196040095748,0.196485941653,0.197625325633,0.198137222783,0.198797735235,0.1996233758,0.200102247328,0.201010451949,0.201505836288,0.202595681834,0.203586450512,0.204230450152,0.205435885377,0.206426654055,0.207549525224,0.208688909203,0.210208087843,0.211512599936,0.212536394236,0.214088598498,0.214732598139,0.215475674647,0.216152699911,0.216928802042,0.217853519475,0.219207570001,0.220677210207,0.22211382479,0.223583464995,0.225135669258,0.226786950388,0.228702436498,0.230419768873,0.231971973136,0.233639767077,0.235142432905,0.236711149979,0.238659661712,0.240855865615,0.242655762046,0.244455658478,0.246519759891,0.248517810058,0.250747039583,0.252976269109,0.255486216426,0.257913599687,0.260291444514,