# R script for Peak Model
#  -- generated by MACS
p <- c(0.024203956885,0.0253629249802,0.0263539266847,0.0272441485549,0.0282183536203,0.0292933385201,0.0303179335028,0.0314433083198,0.0324511066634,0.0333749218116,0.0341643638475,0.035172162191,0.0362639437299,0.0372549454344,0.037977200914,0.0386322698373,0.0397072547372,0.040799036276,0.0417900379806,0.04304978591,0.0439064145021,0.0446622632598,0.0458044347158,0.0469969960891,0.0479208112374,0.0481223709061,0.0483239305748,0.0480383877108,0.0477864381249,0.0477696414858,0.0477528448468,0.0477864381249,0.0479712011545,0.0480215910717,0.048105574267,0.0480719809889,0.047820031403,0.0479208112374,0.0484751003263,0.0486094734388,0.048659863356,0.048659863356,0.0489118129419,0.0491469658887,0.049214152445,0.0495500852261,0.0497684415339,0.0496508650605,0.0497180516167,0.0496508650605,0.0498188314511,0.0497180516167,0.049802034812,0.0498860180073,0.0500875776761,0.0499196112855,0.0500203911198,0.049785238173,0.0497180516167,0.0496844583386,0.0500539843979,0.0500875776761,0.0499196112855,0.0500035944808,0.050356323901,0.0507594432384,0.0510617827415,0.0508938163509,0.0509442062681,0.05091061299,0.0508266297947,0.0512129524931,0.0512801390493,0.0510785793806,0.0509945961853,0.0509610029072,0.0508938163509,0.0512465457712,0.051750444943,0.0518344281383,0.0519352079726,0.0520695810851,0.052035987807,0.0520863777242,0.0521871575585,0.0525734802569,0.0527246500084,0.0530605827896,0.0529430063162,0.0531949559021,0.0533629222927,0.053446905488,0.0534804987661,0.053715651713,0.0539676012989,0.0535812786005,0.0535980752395,0.0539340080207,0.0540851777723,0.0541691609676,0.0544882971097,0.0547738399737,0.0551769593111,0.0555464853705,0.0556640618439,0.0558992147907,0.0561511643766,0.0563527240453,0.0566550635484,0.0570749795249,0.0571925559983,0.0575620820576,0.0577132518092,0.0580323879513,0.0583851173716,0.0588386266262,0.0584691005669,0.0592249493245,0.059342525798,0.0591577627683,0.059628068662,0.0599472048041,0.0600311879994,0.06019915439,0.0605182905321,0.0610221897039,0.0611061728992,0.0615092922367,0.0617948351007,0.0617948351007,0.0620299880475,0.06216436116,0.062181157799,0.0625506838584,0.0628530233614,0.062718650249,0.0630713796692,0.0628026334443,0.0626346670537,0.0626346670537,0.0627018536099,0.0631217695864,0.0632729393379,0.0634409057285,0.0633401258942,0.0637936351488,0.0640623813737,0.0642807376815,0.0646502637408,0.0648518234095,0.0648854166877,0.0649358066048,0.0646838570189,0.0646838570189,0.0649022133267,0.0652885360251,0.0652885360251,0.0657084520016,0.065826028475,0.0660275881437,0.0662963343687,0.0661787578953,0.066397114203,0.0663635209249,0.0662123511734,0.0661787578953,0.066665860428,0.0663635209249,0.0664978940374,0.0671529629607,0.0674720991029,0.0675728789372,0.0680263881918,0.0681271680262,0.0681607613043,0.0680263881918,0.068362320973,0.0684127108902,0.0684798974464,0.0688830167839,0.0692189495651,0.0693869159557,0.0701091714352,0.0700083916009,0.070041984879,0.0702435445477,0.0703947142992,0.0710161899445,0.0714193092819,0.0716880555068,0.0721247681224,0.0721751580396,0.0724103109864,0.072561480738,0.0727462437676,0.0727630404067,0.0731661597441,0.0736196689987,0.0737204488331,0.0742075513658,0.0745266875079,0.0745938740642,0.0748458236501,0.0750641799578,0.075114569875,0.0750641799578,0.0751313665141,0.0753161295437,0.0758536219937,0.0759208085499,0.0759040119108,0.0765422841951,0.0766934539466,0.0768110304201,0.077079776645,0.0771301665622,0.0771973531184,0.0776676590121,0.078205151462,0.0779364052371,0.0783059312964,0.078473897687,0.0786586607166,0.0792129498056,0.0798680187289,0.0804223078179,0.0809765969069,0.0812789364099,0.0814469028005,0.0818836154161,0.0822699381145,0.0827906339253,0.0827738372863,0.0830089902331,0.0833113297362,0.0836640591564,0.084100771772,0.0841847549673,0.0845206877485,0.0849741970031,0.0854109096186,0.085511689453,0.085797232317,0.0862507415716,0.0866706575481,0.0871241668027,0.0871241668027,0.0871409634418,0.0873425231105,0.0875440827792,0.0878296256432,0.0880983718682,0.0886694575962,0.0887702374306,0.0889717970993,0.0896436626617,0.0903491215022,0.0904834946147,0.0903827147803,0.0905338845318,0.0908194273959,0.0908026307568,0.091424106402,0.0918440223785,0.0922135484378,0.0923311249112,0.0927678375268,0.0926502610534,0.0927174476096,0.0930869736689,0.093103770308,0.0936580593969,0.0940107888172,0.0943971115156,0.0942627384031,0.0944307047937,0.0948170274921,0.0952201468295,0.0956904527232,0.0959591989481,0.0959759955872,0.0963959115637,0.0966310645105,0.0974708964635,0.0979076090791,0.098445101529,0.0989490007008,0.0990497805351,0.0996040696241,0.0999735956834,0.100309528465,0.100863817554,0.101166157057,0.101737242785,0.102022785649,0.102845820963,0.103467296608,0.103584873081,0.104038382336,0.104189552087,0.10450868823,0.105197350431,0.105550079851,0.106507488278,0.107296930313,0.107616066456,0.107834422763,0.108472695048,0.109228543805,0.110118765675,0.110790631238,0.111244140492,0.112016785889,0.112739041369,0.113461296848,0.114301128801,0.114939401086,0.115812826317,0.116619064992,0.117878812921,0.118449898649,0.118533881844,0.118953797821,0.119356917158,0.120163155833,0.120566275171,0.120549478532,0.120667055005,0.121439700402,0.121775633183,0.122245939077,0.122464295384,0.123068974391,0.123136160947,0.124093569373,0.124664655101,0.125235740829,0.125806826557,0.126310725729,0.12664665851,0.127066574487,0.127839219883,0.128242339221,0.128427102251,0.129216544286,0.129199747647,0.129250137564,0.129955596405,0.130560275411,0.131635260311,0.132458295625,0.132693448572,0.133247737661,0.133566873803,0.133936399862,0.13450748559,0.134759435176,0.135095367957,0.135296927626,0.135347317543,0.135985589827,0.136791828502,0.136926201615,0.137446897426,0.137614863816,0.137833220124,0.138017983154,0.138488289047,0.138841018468,0.138740238633,0.139092968053,0.139748036977,0.139848816811,0.140470292456,0.140487089095,0.141041378184,0.141864413498,0.142569872339,0.142821821925,0.143611263961,0.144081569854,0.144535079109,0.145206944671,0.14594599679,0.145845216955,0.145979590068,0.146080369902,0.146953795133,0.147323321193,0.147776830447,0.147860813643,0.148230339702,0.14880142543,0.149406104436,0.149708443939,0.150346716223,0.151018581786,0.151606464153,0.151707243987,0.151673650709,0.152093566686,0.152479889384,0.153000585195,0.153319721337,0.153638857479,0.15397479026,0.154898605409,0.155352114663,0.155805623918,0.156359913007,0.156259133172,0.156679049149,0.157266931516,0.157821220605,0.158392306333,0.159114561813,0.159736037458,0.160391106381,0.160575869411,0.16094539547,0.161096565222,0.161499684559,0.16202038037,0.162423499707,0.163498484607,0.163851214027,0.164237536726,0.164304723282,0.164489486312,0.164388706477,0.164506282951,0.165245335069,0.165127758596,0.165278928348,0.166001183827,0.16648828636,0.166723439307,0.166773829224,0.166757032585,0.166824219141,0.167176948561,0.167344914952,0.167580067899,0.167882407402,0.168050373792,0.168554272964,0.168907002384,0.168638256159,0.169360511639,0.17006597048,0.169830817533,0.170116360397,0.170099563758,0.171023378906,0.171426498243,0.171376108326,0.171863210859,0.172367110031,0.17255187306,0.173240535262,0.173845214268,0.17381162099,0.17327412854,0.173173348706,0.173475688209,0.173744434434,0.173912400824,0.173929197463,0.174181147049,0.174584266387,0.175608861369,0.175726437843,0.175642454647,0.175793624399,0.175760031121,0.17594479415,0.176079167263,0.176230337014,0.176616659713,0.176952592494,0.177708441252,0.177826017725,0.178413900092,0.178850612708,0.178699442956,0.178699442956,0.178968189181,0.179186545489,0.17935451188,0.179942394247,0.180110360637,0.180261530389,0.180295123667,0.179757631217,0.179908800969,0.179455291714,0.179421698436,0.1797072413,0.179152952211,0.178716239595,0.178598663122,0.178363510175,0.178061170672,0.177170948802,0.176566269796,0.1764822866,0.175810421038,0.175340115144,0.175172148754,0.174382706718,0.17434911344,0.17397958738,0.17399638402,0.173341315096,