# R script for Peak Model
#  -- generated by MACS
p <- c(0.036694047337,0.0376813311218,0.0385863412579,0.0396970355159,0.0406843193007,0.042165244978,0.0433993497091,0.0447157280889,0.0457441486981,0.0468137061317,0.0478421267409,0.049076231472,0.0499812416081,0.0508039780955,0.0517501250559,0.0528608193139,0.0541360608693,0.0549587973567,0.0556992601954,0.0571390490483,0.0582908801306,0.059566121686,0.0603888581734,0.0613350051339,0.0621166047969,0.0632272990548,0.0640911723666,0.0654898243951,0.0663125608825,0.067258707843,0.0684105389253,0.0694800963589,0.0701382855488,0.0711255693336,0.0721539899429,0.072277400416,0.0721539899429,0.0719071689967,0.0717837585236,0.071948305821,0.0720717162941,0.0719894426454,0.0715780744017,0.0714546639286,0.0715780744017,0.071495800753,0.0710844325093,0.0713312534555,0.071948305821,0.0717837585236,0.0717426216992,0.0715369375773,0.071166706158,0.0713312534555,0.0715369375773,0.0716603480504,0.0717837585236,0.0719071689967,0.0716603480504,0.0718660321723,0.0715369375773,0.0712489798068,0.0712489798068,0.0710844325093,0.0707964747387,0.070385106495,0.0706319274412,0.0707553379143,0.0708376115631,0.0707553379143,0.0707553379143,0.0713723902799,0.0714546639286,0.0711255693336,0.0711255693336,0.0707964747387,0.0702616960219,0.0698503277782,0.0696446436564,0.0695212331833,0.0694389595345,0.0691921385883,0.0692744122371,0.0690687281152,0.0696446436564,0.0698503277782,0.0696446436564,0.0700971487244,0.0704673801437,0.0700148750757,0.0698503277782,0.0696446436564,0.0698914646026,0.0698503277782,0.0697269173051,0.0698091909538,0.0700971487244,0.0697269173051,0.0703439696706,0.0703439696706,0.070385106495,0.0703439696706,0.0710432956849,0.0708376115631,0.0707553379143,0.0704673801437,0.0708376115631,0.0712078429824,0.0710844325093,0.0709198852118,0.0708787483874,0.0707553379143,0.0710432956849,0.0710844325093,0.071166706158,0.0713723902799,0.0717426216992,0.0719894426454,0.0715369375773,0.0717426216992,0.0716603480504,0.0715780744017,0.071948305821,0.0721128531185,0.0721951267672,0.0719894426454,0.0719894426454,0.071948305821,0.071948305821,0.071948305821,0.0721128531185,0.0726064950109,0.072729905484,0.0730178632546,0.0733469578496,0.0733469578496,0.0728944527815,0.0730178632546,0.0731001369034,0.0731824105521,0.0731412737277,0.0723596740647,0.0723596740647,0.0724008108891,0.0726476318353,0.072729905484,0.0729767264302,0.0731001369034,0.0733880946739,0.0731412737277,0.0733058210252,0.0733469578496,0.0731824105521,0.0736349156201,0.0731412737277,0.0728533159571,0.0726887686597,0.0723185372403,0.0721539899429,0.0720305794698,0.0723596740647,0.0724008108891,0.0724830845378,0.0725653581866,0.0731412737277,0.0733058210252,0.0732646842008,0.0733469578496,0.0734292314983,0.073511505147,0.0735937787958,0.0741285575126,0.0738817365664,0.0739228733907,0.0737994629176,0.0737171892689,0.0735937787958,0.0734703683227,0.0739228733907,0.0741285575126,0.07429310481,0.0744165152832,0.0740462838638,0.0741696943369,0.07429310481,0.0739228733907,0.073840599742,0.0736760524445,0.0739640102151,0.0740874206882,0.0740462838638,0.0743342416344,0.07429310481,0.0742108311613,0.0742108311613,0.0740462838638,0.0741696943369,0.0739640102151,0.0741285575126,0.073840599742,0.0733469578496,0.0731824105521,0.0728944527815,0.0728944527815,0.0726476318353,0.0726476318353,0.0732235473765,0.0728533159571,0.0728121791328,0.0731001369034,0.0733058210252,0.073511505147,0.0737171892689,0.0740874206882,0.0739640102151,0.073840599742,0.0736760524445,0.0731824105521,0.0731001369034,0.073511505147,0.0733880946739,0.0733880946739,0.0736349156201,0.073511505147,0.0734703683227,0.0734703683227,0.0738817365664,0.0740462838638,0.0740874206882,0.0740462838638,0.073840599742,0.0740051470395,0.073511505147,0.0733469578496,0.0730178632546,0.0728533159571,0.072729905484,0.0729355896059,0.0726887686597,0.0728121791328,0.0726476318353,0.072729905484,0.0731412737277,0.0733058210252,0.0738817365664,0.0740051470395,0.0737171892689,0.073840599742,0.0735526419714,0.0737583260933,0.0736760524445,0.0735937787958,0.0737994629176,0.07429310481,0.0740874206882,0.0743342416344,0.0744987889319,0.0742108311613,0.07429310481,0.0743753784588,0.0744987889319,0.0742108311613,0.0741696943369,0.0745810625806,0.0747867467025,0.0750335676487,0.0750747044731,0.0751981149462,0.0749512939999,0.0751569781218,0.0755683463655,0.0752392517705,0.075732893663,0.0763499460285,0.0766379037991,0.0768024510965,0.0765967669747,0.076966998394,0.0773783666377,0.0776663244083,0.0779131453545,0.0776663244083,0.0776663244083,0.0779542821789,0.0782422399495,0.07853019772,0.0791472500856,0.0801345338704,0.0802579443435,0.0802990811679,0.0804636284654,0.0809161335334,0.0811218176553,0.0818622804939,0.0820679646157,0.0825204696838,0.0824793328594,0.0828084274544,0.0830141115762,0.0838368480636,0.0839602585367,0.0841659426586,0.0847829950241,0.085441184214,0.085441184214,0.0853589105653,0.0857291419846,0.0855645946871,0.0856057315115,0.0856057315115,0.085893689282,0.0852355000921,0.0852355000921,0.0856468683358,0.0853589105653,0.0858114156333,0.0863461943501,0.0868398362425,0.0872512044862,0.0871689308375,0.0870866571887,0.0873746149593,0.0876625727299,0.0871689308375,0.0876625727299,0.0878271200274,0.0873746149593,0.0875802990812,0.0879916673249,0.088567582866,0.0886498565148,0.0888555406366,0.0893080457047,0.088896677461,0.0890612247584,0.0894314561778,0.0899662348946,0.090130782192,0.0905832872601,0.0909946555038,0.0910769291525,0.0914060237475,0.0915294342206,0.0908301082063,0.0907889713819,0.0908301082063,0.0912826132744,0.0911180659769,0.0908301082063,0.0903776031382,0.0903364663139,0.0911180659769,0.0911592028013,0.0912003396256,0.0912826132744,0.0913648869231,0.0910357923281,0.0907478345576,0.0905832872601,0.0905832872601,0.090459876787,0.0902953294895,0.0907066977332,0.0902953294895,0.0907889713819,0.090130782192,0.0900896453677,0.0902953294895,0.0906244240845,0.0903776031382,0.0905010136114,0.0903364663139,0.0900073717189,0.0898016875971,0.0898428244215,0.0902130558408,0.0902953294895,0.0907066977332,0.0907478345576,0.0906655609088,0.0907889713819,0.0913237500987,0.090912381855,0.0909946555038,0.0911592028013,0.0907066977332,0.0912003396256,0.090912381855,0.0907478345576,0.0910769291525,0.0913237500987,0.0913648869231,0.0911592028013,0.0913237500987,0.0911180659769,0.0914882973962,0.0919408024643,0.0921876234105,0.091693981518,0.09124147645,0.0906244240845,0.0905010136114,0.0904187399626,0.0910357923281,0.0908712450307,0.0908712450307,0.0913237500987,0.0918996656399,0.0919819392886,0.0920642129374,0.0921464865861,0.0928458126004,0.0925167180054,0.0925989916542,0.0928869494247,0.0928869494247,0.0924344443567,0.0925989916542,0.0930926335466,0.0936685490877,0.093586275439,0.0934217281415,0.0932160440197,0.0932160440197,0.093133770371,0.0932571808441,0.0935040017903,0.0937919595609,0.0938330963852,0.0938742332096,0.0942033278045,0.094367875102,0.0943267382777,0.0942444646289,0.0938742332096,0.0947792433457,0.0948615169944,0.0944090119264,0.0943267382777,0.0945324223995,0.0947381065213,0.0949849274676,0.0950260642919,0.0953962957112,0.0959722112524,0.0961367585499,0.0959722112524,0.0960544849011,0.0956431166575,0.0962190321986,0.095931074428,0.0956842534818,0.0958899376037,0.0960133480768,0.0965069899692,0.0967949477398,0.0963424426717,0.0965481267936,0.0965892636179,0.0968360845641,0.0968772213885,0.0969594950373,0.0973708632809,0.0979879156465,0.0982347365927,0.097823368349,0.0984404207145,0.098604968012,0.0988517889582,0.0990163362557,0.100209304162,0.100785219704,0.101361135245,0.101443408893,0.101895913962,0.102266145381,0.101402272069,0.101731366664,0.101525682542,0.101196587947,0.101772503488,0.101402272069,0.102060461259,0.102389555854,0.102512966327,0.103171155517,0.103500250112,0.103788207882,0.104405260248,0.104487533897,0.104652081194,0.105022312614,0.105392544033,0.105762775452,0.106133006871,0.106503238291,0.107079153832,0.106791196061,0.1075316589,0.107819616671,0.108518942685,0.109670773767,