# R script for Peak Model
#  -- generated by MACS
p <- c(0.0407633946293,0.0417930309483,0.0427809252544,0.0438615795892,0.0448587498981,0.0458791102143,0.0469133845347,0.047956934858,0.0490004851813,0.0500254834989,0.0510968618308,0.0521775161656,0.0531978764818,0.0542321508022,0.0552710631241,0.0562775094359,0.0573164217578,0.0583553340796,0.0594174364087,0.0604841767392,0.0615091750568,0.0626037433959,0.063665845725,0.0647604140641,0.0657993263859,0.0668336007064,0.0678864270326,0.068920701353,0.0699920796849,0.0710449060111,0.0721301983474,0.0731969386779,0.0742080229911,0.0751866412943,0.0762580196263,0.0773525879654,0.0784378803016,0.0784286042988,0.0784239662973,0.0784471563045,0.0784888983174,0.0785213643275,0.0784332423002,0.0783404822714,0.0783080162614,0.0783451202729,0.078261636247,0.0782801882528,0.0782662742485,0.0782662742485,0.0783683102801,0.0783080162614,0.0782801882528,0.0783915002873,0.0784564323074,0.0784054142916,0.0783915002873,0.0783636722786,0.0784146902944,0.0785120883246,0.0785631063404,0.0785538303375,0.0786280383605,0.0787115223864,0.0787579024008,0.078781092408,0.0788645764338,0.0789712504669,0.0789990784755,0.0790732864985,0.0791474945215,0.0791614085258,0.0792217025445,0.0792495305531,0.0792309785473,0.0792819965631,0.079365480589,0.0793886705962,0.0794582406178,0.0795324486407,0.0795973806609,0.0796437606752,0.0797086926953,0.0797550727097,0.0797875387198,0.0798663847442,0.0800101627887,0.0800611808046,0.0801539408333,0.0802559768649,0.0803812029037,0.0804646869296,0.0805249809482,0.0805481709554,0.080617740977,0.0805481709554,0.0805713609626,0.0804971529396,0.0805574469583,0.080650206987,0.0807058630043,0.0808125370373,0.0808357270445,0.0809006590646,0.0809052970661,0.080914573069,0.0809655910848,0.0811325591365,0.0811279211351,0.0811232831336,0.0811279211351,0.0811511111422,0.0811371971379,0.0811511111422,0.0810722651178,0.0811047311279,0.0811743011494,0.0812485091724,0.0812995271882,0.0813366311997,0.0813644592083,0.0812809751825,0.0812995271882,0.0813319931983,0.081318079194,0.0813876492155,0.0814108392227,0.0812995271882,0.0812114051609,0.0812624231767,0.0812392331695,0.0811835771523,0.0811186451322,0.0809609530833,0.0808681930546,0.080872831056,0.0807615190215,0.080617740977,0.0806316549813,0.0806038269727,0.0806270169799,0.0805574469583,0.0804878769368,0.0804971529396,0.080469324931,0.0804554109267,0.0804786009339,0.0804136689138,0.0804414969224,0.0804600489281,0.0804183069152,0.0803719269008,0.0803765649023,0.0803116328822,0.080288442875,0.0802791668721,0.0802606148663,0.080246700862,0.0802374248592,0.0801307508261,0.0800750948089,0.0800565428031,0.0800333527959,0.079991610783,0.0798802987485,0.0798246427313,0.0797133306968,0.0796483986767,0.0796437606752,0.079694778691,0.0797040546939,0.079810728727,0.0797782627169,0.0797550727097,0.0797411587054,0.0796715886839,0.0796901406896,0.0796669506824,0.0796855026882,0.0796762266853,0.079694778691,0.0796669506824,0.0796994166925,0.079694778691,0.0797179686982,0.0797875387198,0.0798339187341,0.0798710227456,0.0799452307686,0.0799313167643,0.0799266787629,0.0799869727816,0.0800797328103,0.080065818806,0.0801168368218,0.0801956828462,0.0802374248592,0.0802327868577,0.0802049588491,0.0802652528678,0.0802235108548,0.0803255468865,0.0804090309123,0.0803904789066,0.0804090309123,0.0804368589209,0.0804739629324,0.0805620849597,0.080617740977,0.0806594829899,0.0806733969942,0.0807568810201,0.0807707950244,0.0807893470302,0.0807012250029,0.0807336910129,0.0807615190215,0.0807939850316,0.0808681930546,0.0809192110704,0.080947039079,0.0810073330977,0.0810629891149,0.0811232831336,0.0811789391509,0.0812577851753,0.0812995271882,0.0814108392227,0.0814896852471,0.0815685312716,0.0816056352831,0.0816241872888,0.081647377296,0.0818050693448,0.0818978293736,0.0819627613937,0.0820276934138,0.0821390054483,0.0822085754699,0.0823059735,0.0824451135431,0.0825471495748,0.0826120815949,0.0826677376121,0.0827558596394,0.0827187556279,0.0828439816667,0.0829367416955,0.0830016737156,0.0830666057357,0.0830990717458,0.0831500897616,0.0832196597831,0.0833448858219,0.0834330078492,0.0835443198837,0.0835953378995,0.0836509939168,0.0836370799124,0.0836649079211,0.083706649934,0.0837994099627,0.0838643419829,0.0839663780145,0.0840405860375,0.0840498620403,0.0840127580288,0.0840498620403,0.0841055180576,0.0841240700633,0.0841379840676,0.084258572105,0.0843513321337,0.0843606081366,0.0844858341754,0.0845414901926,0.084587870207,0.0846249742185,0.0846667162314,0.0847316482516,0.0847873042688,0.0848707882947,0.0849542723205,0.0849821003292,0.0850887743622,0.0851537063823,0.0852232764039,0.0852974844269,0.0854041584599,0.0854227104657,0.0855015564901,0.0855572125073,0.0855618505088,0.0856638865404,0.0857009905519,0.0857798365763,0.085840130595,0.0859004246137,0.085988546641,0.0860581166625,0.086136962687,0.0861462386898,0.0861833427013,0.0862389987186,0.0863132067416,0.0864940887976,0.0866007628306,0.0865822108249,0.0865590208177,0.0866425048436,0.0866796088551,0.0866935228594,0.0867862828881,0.0868094728953,0.0868187488982,0.0868512149082,0.0868744049154,0.0869532509399,0.0869486129384,0.0870877529815,0.0871387709973,0.0872454450304,0.0873057390491,0.0874124130821,0.0874866211051,0.0875886571367,0.0876118471439,0.0875144491137,0.0875608291281,0.0875654671295,0.0875840191353,0.0876999691712,0.0877973672014,0.0878437472157,0.0879411452459,0.0879040412344,0.0879040412344,0.0879086792359,0.0879365072445,0.0880339052747,0.0880663712847,0.088154493312,0.0881359413063,0.0882379773379,0.0883632033767,0.0883678413781,0.0884281353968,0.088483791414,0.088451325404,0.0885162574241,0.0885811894442,0.0886693114715,0.0887203294873,0.0887574334988,0.0888084515146,0.088929039552,0.0889893335707,0.089109921608,0.0890960076037,0.089225871644,0.0892768896598,0.0893557356842,0.0894948757273,0.0896340157704,0.0897174997963,0.0898148978265,0.0899308478624,0.0899679518739,0.0900282458926,0.0900931779127,0.0901024539155,0.0901534719313,0.09021376595,0.0902184039515,0.0903204399831,0.0904132000118,0.0904132000118,0.0904410280204,0.0904271140161,0.0903992860075,0.0903807340018,0.0903946480061,0.0904595800262,0.0905059600406,0.0905245120463,0.0905708920607,0.0905755300621,0.0906265480779,0.0907285841095,0.0907842401268,0.0908352581426,0.0909001901627,0.09098831219,0.0910115021972,0.0909743981857,0.0909187421684,0.0909372941742,0.0908723621541,0.0908584481498,0.0908259821397,0.0908491721469,0.0911089002274,0.0911042622259,0.0910996242245,0.091210936259,0.0912248502633,0.0912202122618,0.0912341262662,0.0912248502633,0.0912665922762,0.0913408002992,0.0913686283078,0.0914381983294,0.0914474743323,0.0914567503351,0.0914289223265,0.0915077683509,0.0914567503351,0.0914381983294,0.0914984923481,0.0915263203567,0.0915309583581,0.0916237183869,0.0916515463955,0.0916561843969,0.0916840124055,0.091721116417,0.0918138764458,0.0918463424558,0.0918509804573,0.0918324284515,0.0918092384443,0.0918834464673,0.0918973604716,0.0919576544903,0.0919669304932,0.0918648944616,0.0918231524486,0.0918138764458,0.0917767724343,0.0918092384443,0.0918277904501,0.0918463424558,0.091869532463,0.0918834464673,0.0918463424558,0.0919344644831,0.0919808444975,0.0919483784874,0.0919622924918,0.0920875185306,0.0921060705363,0.0921802785593,0.0922266585737,0.0922684005866,0.0923008665967,0.0923101425995,0.0923750746196,0.0924400066398,0.0925466806728,0.0925652326786,0.0925837846843,0.0926116126929,0.0926533547059,0.0927090107231,0.0926811827145,0.0926533547059,0.0926950967188,0.0927322007303,0.092718286726,0.0927461147346,0.0928435127648,0.0929362727935,0.0930243948208,0.0930986028438,0.0930012048136,0.0931125168481,0.093196000874,0.0931913628725,0.0932145528797,0.0932655708955,0.09337688293,0.0934139869415,0.0935160229731,0.0935855929947,0.0936505250148,0.0936783530234,0.093706181032,0.0938499590766,0.0939983751226,0.0941189631599,0.0942488272002,0.0943369492275,0.0944389852591,0.0944946412763,0.0945874013051,0.0946476953237,0.094703351341,0.0947868353669,