# R script for Peak Model
#  -- generated by MACS
p <- c(0.0357748352313,0.0380916817035,0.0403403856323,0.0419076641281,0.0442245106003,0.0465413570724,0.0487219184579,0.0506299096702,0.0522653307094,0.0545821771815,0.0564220258506,0.0586025872361,0.0608512911649,0.0632362801803,0.0651442713927,0.0671885476916,0.0693691090771,0.0715496704627,0.0715496704627,0.0713452428328,0.0718903831791,0.0716859555493,0.0714815279194,0.0708682450297,0.0717540980926,0.0713452428328,0.0710726726596,0.0714133853761,0.071617813006,0.0724355235255,0.0730488064152,0.0737302318482,0.0737983743915,0.074139087108,0.074820512541,0.0744116572812,0.0746160849111,0.0746842274544,0.074139087108,0.0750249401708,0.0747523699977,0.0744116572812,0.0742072296513,0.0737983743915,0.0744797998245,0.0744797998245,0.0742072296513,0.0742753721946,0.0735258042183,0.0729125213286,0.0729806638719,0.0733895191317,0.0735939467616,0.0735258042183,0.0737302318482,0.0732532340451,0.0729125213286,0.0737983743915,0.0745479423678,0.0750930827141,0.0740028020214,0.0743435147379,0.0740028020214,0.0736620893049,0.0738665169348,0.0738665169348,0.0737302318482,0.0735258042183,0.0739346594781,0.0742753721946,0.0733895191317,0.0738665169348,0.0740709445647,0.0745479423678,0.075297510344,0.0742072296513,0.0740709445647,0.0744116572812,0.0745479423678,0.0748886550843,0.0753656528873,0.0754337954306,0.0763877910368,0.0759107932337,0.0767285037533,0.0769329313832,0.0772055015564,0.0769329313832,0.0769329313832,0.0772736440997,0.0774780717296,0.0780913546192,0.0777506419028,0.0772736440997,0.0767966462966,0.0767285037533,0.0774099291863,0.0764559335801,0.0765922186667,0.0770010739265,0.07666036121,0.0763877910368,0.0770010739265,0.0767285037533,0.0753656528873,0.0750930827141,0.0755700805172,0.075297510344,0.0748886550843,0.074139087108,0.074139087108,0.0746160849111,0.0755700805172,0.0745479423678,0.074139087108,0.0746842274544,0.0737302318482,0.0735258042183,0.0729806638719,0.0733213765884,0.0731850915018,0.0730488064152,0.0723673809822,0.0718903831791,0.0711408152029,0.07025496214,0.07025496214,0.0703231046833,0.0700505345101,0.0699142494235,0.0693009665338,0.0701186770534,0.0700505345101,0.0705956748565,0.0708682450297,0.0707319599431,0.0707319599431,0.0707319599431,0.0706638173998,0.0710726726596,0.071617813006,0.071617813006,0.071617813006,0.0718903831791,0.0714815279194,0.072094810809,0.0711408152029,0.0718903831791,0.0715496704627,0.072776236242,0.0729806638719,0.0729806638719,0.0731850915018,0.0731850915018,0.0735258042183,0.0730488064152,0.0727080936987,0.0731169489585,0.074139087108,0.0742753721946,0.0742072296513,0.0742753721946,0.0738665169348,0.0740709445647,0.0756382230605,0.0757063656038,0.0755700805172,0.0756382230605,0.0755700805172,0.0756382230605,0.0751612252574,0.0752293678007,0.0755019379739,0.0765922186667,0.0757745081471,0.0754337954306,0.0757745081471,0.0750930827141,0.074820512541,0.0744116572812,0.0746842274544,0.0745479423678,0.0750249401708,0.0743435147379,0.0737983743915,0.0732532340451,0.0732532340451,0.0729806638719,0.0727080936987,0.0724355235255,0.0719585257224,0.0727080936987,0.0733213765884,0.0739346594781,0.0731169489585,0.0731850915018,0.0737983743915,0.0749567976275,0.0757063656038,0.0756382230605,0.0744797998245,0.0740709445647,0.0749567976275,0.0750249401708,0.0747523699977,0.0742753721946,0.0740709445647,0.0740028020214,0.0745479423678,0.0737983743915,0.074139087108,0.0737302318482,0.073457661675,0.0742072296513,0.0743435147379,0.0744116572812,0.0743435147379,0.0739346594781,0.0740709445647,0.0739346594781,0.0740709445647,0.0737302318482,0.0744797998245,0.0737983743915,0.0739346594781,0.0740028020214,0.0740028020214,0.0732532340451,0.0732532340451,0.0721629533523,0.0718222406359,0.071617813006,0.071617813006,0.0705956748565,0.0707319599431,0.0706638173998,0.0712089577462,0.072094810809,0.0716859555493,0.0715496704627,0.0721629533523,0.0729125213286,0.0733213765884,0.073457661675,0.0731169489585,0.0727080936987,0.0731169489585,0.0740709445647,0.0742753721946,0.0737302318482,0.0738665169348,0.0743435147379,0.0755019379739,0.0761833634069,0.0768647888399,0.0769329313832,0.0767285037533,0.0768647888399,0.0761152208636,0.0765240761234,0.0768647888399,0.0767966462966,0.0769329313832,0.0770692164698,0.0765922186667,0.07666036121,0.0772055015564,0.0779550695327,0.0775462142729,0.0780232120759,0.0780913546192,0.0781594971625,0.0781594971625,0.0782276397058,0.0782957822491,0.0780913546192,0.0778187844461,0.0782276397058,0.0781594971625,0.0781594971625,0.0780913546192,0.0786364949656,0.0780913546192,0.0780232120759,0.0782957822491,0.0785683524223,0.0789772076821,0.0790453502254,0.0777506419028,0.0778187844461,0.0774099291863,0.0779550695327,0.0787046375089,0.0782957822491,0.0785683524223,0.0790453502254,0.0793179203986,0.0796586331151,0.0802719160048,0.0810896265243,0.0813621966975,0.0819754795872,0.0821799072171,0.0821799072171,0.0824524773903,0.0821117646738,0.0814984817841,0.0815666243274,0.081702909414,0.0815666243274,0.0819073370439,0.0816347668707,0.0820436221305,0.0816347668707,0.0821117646738,0.0821117646738,0.0824524773903,0.0821799072171,0.0829294751934,0.0834064729965,0.083747185713,0.0839516133429,0.0836109006264,0.0840878984295,0.0847693238624,0.084224183516,0.0841560409727,0.0838834707996,0.0838153282563,0.0847693238624,0.0849737514923,0.0846330387758,0.0847011813191,0.0844967536892,0.0842923260593,0.0844286111459,0.0845648962325,0.0844286111459,0.0844967536892,0.0850418940356,0.0849737514923,0.0847011813191,0.0857233194686,0.0857233194686,0.0858596045552,0.086268459815,0.0864047449016,0.0864728874449,0.0865410299882,0.0866773150748,0.0868136001614,0.0873587405077,0.0876313106809,0.087426883051,0.0867454576181,0.0861321747284,0.0860640321851,0.0859277470985,0.0863366023583,0.086268459815,0.0859277470985,0.0859277470985,0.0867454576181,0.0872224554211,0.0873587405077,0.0878357383108,0.0884490212005,0.0890623040902,0.0880401659407,0.0891985891768,0.0888578764603,0.0892667317201,0.0899481571531,0.0900844422397,0.0900844422397,0.0897437295232,0.0902207273263,0.0915154356489,0.0917198632788,0.0920605759953,0.0921287185386,0.0921968610819,0.0921968610819,0.092673858885,0.0927420014283,0.092673858885,0.0924012887118,0.0916517207355,0.0911065803891,0.0916517207355,0.0924012887118,0.0928101439716,0.0929464290582,0.0934915694045,0.0940367097509,0.0934915694045,0.093832282121,0.0939685672076,0.0941048522942,0.0943092799241,0.0945818500973,0.094513707554,0.0936959970344,0.0936959970344,0.0946499926406,0.0933552843179,0.0944455650107,0.093832282121,0.0937641395777,0.0945818500973,0.0955358457035,0.0957402733334,0.0964216987663,0.0962854136798,0.0962172711365,0.0959447009633,0.096353556223,0.0954677031602,0.09587655842,0.0962172711365,0.09587655842,0.0964898413096,0.0971712667426,0.0980571198055,0.099079257955,0.0996243983013,0.0998969684745,0.099556255758,0.0996925408446,0.100033253561,0.100578393908,0.101941244773,0.102145672403,0.102963382923,0.103031525466,0.10248638512,0.101804959687,0.1016686746,0.102350100033,0.10289524038,0.104053663616,0.105348371938,0.105552799568,0.105212086852,0.105212086852,0.104053663616,0.104121806159,0.104939516679,0.104189948702,0.104462518875,0.104326233789,0.104666946505,0.104258091246,0.104803231592,0.104530661419,0.104394376332,0.104735089049,0.103644808356,0.103031525466,0.10269081275,0.10146424697,0.100646536451,0.0997606833879,0.0999651110178,0.0991474004983,0.0992155430416,0.0986022601519,0.0976482645457,0.0975801220024,0.0971031241993,0.0966942689395,0.0967624114828,0.0974438369158,0.0973756943725,0.0967624114828,0.0956039882468,0.0952632755303,0.0943092799241,0.093832282121,0.0941048522942,0.0930145716015,0.0928782865149,0.0920605759953,0.0910384378458,0.0915154356489,0.0919242909087,0.0913791505623,0.0909702953025,0.0913791505623,0.091311008019,0.0906977251293,0.0906977251293,0.0909702953025,0.0927420014283,0.0934915694045,0.0940367097509,0.0950588479004,0.0953995606169,0.0953314180736,0.0950588479004,0.0954677031602,0.095195132987,