# R script for Peak Model
#  -- generated by MACS
p <- c(0.0345587961908,0.0356869224113,0.0364654883944,0.0376571710217,0.0387376299371,0.0397545324457,0.0407237676492,0.0415817791409,0.0427416835647,0.0437109187682,0.0448549340904,0.045871836599,0.0466504025822,0.0476673050908,0.0487636531079,0.0497805556165,0.0506544562098,0.0515124677014,0.0523545900914,0.0532761579898,0.0542771713967,0.0551351828883,0.0559455270749,0.0565969802444,0.0576774391598,0.0585513397532,0.0596000204652,0.0604898101602,0.0617132709909,0.0626666170927,0.0635087394826,0.0644938637878,0.0655107662964,0.0663052213813,0.0671950110763,0.0674174585,0.067369791195,0.0673221238899,0.0670837873644,0.0671791219746,0.0671950110763,0.0671791219746,0.0672585674831,0.0674969040085,0.0676240168221,0.067576349517,0.0673221238899,0.0673380129916,0.0671791219746,0.0672903456865,0.0671632328729,0.0671950110763,0.0670043418559,0.0671473437712,0.0669884527542,0.0669725636525,0.0671473437712,0.0674810149068,0.0673539020933,0.0675127931102,0.0675445713136,0.0677034623306,0.0677511296357,0.0678782424493,0.067735240534,0.0677987969408,0.0676081277204,0.0674810149068,0.0675445713136,0.0676716841272,0.067576349517,0.0673062347882,0.0675286822119,0.0673380129916,0.067210900178,0.0671473437712,0.0669725636525,0.0672744565848,0.0669407854491,0.0667342271271,0.0666230034152,0.0665594470084,0.0667183380254,0.0668772290424,0.0666071143135,0.0665435579067,0.0668136726356,0.0668295617373,0.0669090072457,0.0667660053305,0.0666547816186,0.0667660053305,0.0669725636525,0.0671950110763,0.0670043418559,0.0671155655678,0.0670043418559,0.0671314546695,0.0666388925169,0.0665117797033,0.0665912252118,0.0663369995847,0.0661463303643,0.0664164450931,0.0664482232965,0.0662416649745,0.0663528886864,0.0663687777881,0.066321110483,0.0664641123982,0.0664164450931,0.0663846668897,0.0661304412626,0.0661463303643,0.0659556611439,0.0660509957541,0.0660668848558,0.0662098867711,0.0661781085677,0.0659556611439,0.0657808810253,0.0659079938388,0.0659874393473,0.065796770127,0.0660986630592,0.0658921047371,0.0658762156354,0.0656696573134,0.0653359861778,0.0652088733642,0.065113538754,0.0649228695336,0.0647957567201,0.0648275349235,0.0647163112116,0.0645256419912,0.0647322003133,0.0646845330082,0.0645097528895,0.0644620855844,0.0643031945675,0.0643985291776,0.0643190836691,0.0641919708556,0.0642396381607,0.0643190836691,0.0644461964827,0.0644144182793,0.0646686439065,0.0648910913302,0.064954647737,0.0648593131268,0.0646686439065,0.0643349727708,0.0644779746861,0.0645097528895,0.0643985291776,0.0644461964827,0.0647004221099,0.0649069804319,0.0649705368387,0.0648752022285,0.0650340932455,0.0652088733642,0.0652088733642,0.0651453169574,0.0650658714489,0.0649069804319,0.0652883188727,0.06563787911,0.0657649919236,0.0659397720422,0.0661304412626,0.0660827739575,0.0660192175507,0.0659238829405,0.0657332137202,0.06563787911,0.0658285483304,0.0658126592287,0.0659238829405,0.0659079938388,0.0663687777881,0.0664164450931,0.0665753361101,0.0667501162288,0.0667818944322,0.0667183380254,0.0668772290424,0.0670043418559,0.0673539020933,0.0671950110763,0.0674651258051,0.0678146860425,0.0679100206527,0.0681483571781,0.06825958089,0.0680848007713,0.0684979174154,0.0685932520256,0.0686409193307,0.0686568084324,0.0688315885511,0.0690699250765,0.0690222577714,0.0690381468731,0.0690858141782,0.0691970378901,0.0692605942969,0.0693718180088,0.0694353744156,0.0693877071105,0.0694989308223,0.0695307090257,0.0696101545342,0.0698008237546,0.0700232711783,0.0698484910597,0.0697372673478,0.069514819924,0.0694035962122,0.0698484910597,0.0702298295004,0.0703251641106,0.0703728314157,0.0704840551276,0.0704046096191,0.0705317224326,0.0702457186021,0.0703092750089,0.0704363878225,0.0704046096191,0.0702457186021,0.0703410532123,0.0706588352462,0.0710083954836,0.0711990647039,0.0715962922463,0.0714850685345,0.0714374012294,0.0713897339243,0.0715009576362,0.0715962922463,0.0716280704497,0.0720729652972,0.0724225255346,0.0729309767889,0.0733917607381,0.0735824299585,0.0736936536703,0.0737413209754,0.073868433789,0.0737730991788,0.0739478792975,0.0741862158229,0.0742179940263,0.0743451068399,0.0746946670772,0.0747105561789,0.074917114501,0.0748058907891,0.0749647818061,0.0751236728231,0.075076005518,0.075076005518,0.0754255657553,0.0755685676706,0.075806904196,0.0757910150943,0.0760929080266,0.0763789118571,0.0765695810775,0.0766966938911,0.0767125829928,0.0771892560437,0.0773481470606,0.0775070380776,0.077697707298,0.0777930419081,0.0776659290946,0.07790426562,0.0784444950777,0.0786192751964,0.0788735008235,0.0790165027388,0.0789211681286,0.0789370572303,0.0793342847727,0.0795726212982,0.0801287398576,0.0805577456034,0.0807325257221,0.0808278603323,0.0811456423662,0.0814793135018,0.0815587590103,0.0818924301459,0.0823055467901,0.0827027743325,0.0830364454681,0.0832112255868,0.0835448967224,0.0839262351632,0.0839103460615,0.0838626787564,0.0837355659428,0.0840533479767,0.0842122389937,0.0846889120446,0.0850066940785,0.0853721434176,0.085610479943,0.0857375927566,0.0859759292821,0.0858805946719,0.0861030420956,0.0861030420956,0.086134820299,0.0866432715533,0.0866432715533,0.0868974971805,0.0871358337059,0.0872311683161,0.0873900593331,0.0873741702314,0.0873582811297,0.0876125067568,0.0875330612484,0.0878985105874,0.0880097342993,0.0884228509434,0.0886929656722,0.0887247438756,0.0888677457909,0.089121971418,0.0890901932147,0.0892967515367,0.0895191989605,0.0897575354859,0.0901547630283,0.0905361014691,0.09101277452,0.0912511110454,0.0912511110454,0.0914735584692,0.0919343424184,0.0920932334354,0.0923156808591,0.0925063500795,0.0930148013338,0.093475585283,0.0933484724694,0.0936821436051,0.0939681474356,0.094365374978,0.0948420480289,0.0952551646731,0.0957000595206,0.0960019524528,0.0961767325715,0.0959542851477,0.0958271723342,0.0961449543681,0.0965580710122,0.0964945146054,0.0967328511309,0.0969552985546,0.0969552985546,0.0969711876563,0.0970665222665,0.0975749735208,0.0978450882497,0.0979563119615,0.0984012068091,0.0987030997413,0.0990208817752,0.0991321054871,0.099084438182,0.0994181093177,0.0994975548261,0.0995770003346,0.0999106714703,0.100435011826,0.100593902843,0.101007019487,0.101293023318,0.10149958164,0.101515470742,0.101277134216,0.101626694454,0.102055700199,0.102166923911,0.102659486064,0.102802487979,0.102961378996,0.103263271928,0.103295050132,0.103882946894,0.10402594881,0.104280174437,0.104677401979,0.104740958386,0.104995184013,0.105297076946,0.105630748081,0.106012086522,0.106139199335,0.106599983285,0.106965432624,0.107219658251,0.107187880047,0.107410327471,0.10787111142,0.108268338963,0.108443119082,0.108538453692,0.108967459438,0.109317019675,0.109587134404,0.110127363861,0.110159142065,0.110445145895,0.110572258709,0.111112488167,0.111414381099,0.111636828523,0.111525604811,0.111557383014,0.111716274031,0.111827497743,0.112335948997,0.112876178455,0.113130404082,0.113066847675,0.113495853421,0.113877191862,0.114083750184,0.114194973896,0.114544534133,0.114909983472,0.114687536048,0.115180098201,0.115323100116,0.115497880235,0.115481991133,0.115958664184,0.116498893642,0.11713445771,0.117213903218,0.117293348727,0.117499907049,0.117611130761,0.117674687167,0.117817689083,0.117913023693,0.118183138422,0.118532698659,0.119152373625,0.119644935778,0.1198514941,0.119740270388,0.120169276134,0.120471169066,0.120725394693,0.120931953015,0.121424515168,0.121758186304,0.121980633727,0.122616197795,0.122695643304,0.122838645219,0.123299429168,0.123585432999,0.124125662456,0.124411666287,0.124602335507,0.124840672033,0.125126675863,0.125269677779,0.125396790592,0.125984687355,0.126080021965,0.126302469389,0.126906255253,0.127446484711,0.127986714169,0.128225050694,0.128717612847,0.12930550961,0.129162507694,0.129655069847,0.130163521101,0.130576637745,0.130783196067,0.130894419779,0.131132756305,0.131943100491,0.13240388444,0.133103004915,0.133976905508,0.134485356763,0.134882584305,0.135502259271,0.136106045136,0.136836943814,0.137536064289,0.138219295662,