# R script for Peak Model
#  -- generated by MACS
p <- c(0.0190706772857,0.0194370687801,0.0199866560218,0.0204263258151,0.0209209543326,0.0213056654018,0.0216903764709,0.0222033245631,0.0227895509542,0.0232841794717,0.0237238492651,0.024255116932,0.0248596628978,0.0253726109901,0.0259221982317,0.0264168267492,0.026893135692,0.0272412076117,0.0278457535775,0.0282487842214,0.0287250931642,0.0291830825322,0.029659391475,0.0300990612684,0.030520411487,0.0312898336253,0.031637905545,0.0321508536372,0.03262716258,0.0332317085458,0.033744656638,0.0342576047303,0.0346606353741,0.0351186247422,0.0358147685816,0.0363277166739,0.0368223451913,0.0371154583869,0.0371704171111,0.0371520975363,0.0370604996627,0.0369872213638,0.0368223451913,0.0368223451913,0.0368040256166,0.0368956234902,0.036913943065,0.0368956234902,0.0368773039155,0.0367490668925,0.0364742732716,0.0365292319958,0.036254438375,0.0363460362486,0.0360162839036,0.03592468603,0.0360162839036,0.0361262013519,0.0360895622025,0.0362177992255,0.0363093970991,0.0364742732716,0.0363460362486,0.0364742732716,0.036382675398,0.036382675398,0.0366208298694,0.0366025102947,0.0365109124211,0.0366574690189,0.0362727579497,0.0360895622025,0.0358514077311,0.0359063664552,0.0360162839036,0.0360162839036,0.03592468603,0.0359796447541,0.0358147685816,0.0358697273058,0.036052923053,0.0360162839036,0.0358330881564,0.03592468603,0.0358514077311,0.0357781294322,0.0356682119839,0.0355399749608,0.0355399749608,0.0354850162366,0.0355582945355,0.0356132532597,0.0354300575125,0.0355216553861,0.0355216553861,0.0356315728344,0.0356498924091,0.035594933685,0.0357781294322,0.0354666966619,0.0356865315586,0.035723170708,0.0356315728344,0.0355033358114,0.0356682119839,0.0356682119839,0.0357598098575,0.035723170708,0.0355582945355,0.0355216553861,0.0355216553861,0.0353018204894,0.0350819855928,0.0352102226158,0.0352835009147,0.0355766141102,0.0358147685816,0.0358514077311,0.0357964490069,0.0359063664552,0.0359796447541,0.0359063664552,0.0361445209266,0.0361628405014,0.0364376341222,0.0364376341222,0.0365292319958,0.0363460362486,0.0365475515705,0.0364925928464,0.0365292319958,0.0365475515705,0.0365475515705,0.03658419072,0.0364559536969,0.0364742732716,0.0366025102947,0.0364925928464,0.0366208298694,0.0367673864672,0.0367857060419,0.0368773039155,0.0370788192375,0.0370788192375,0.0371887366858,0.0374818498813,0.0375184890308,0.0375001694561,0.0375551281802,0.0377932826516,0.0378848805252,0.0377566435022,0.0379398392494,0.038031437123,0.0381779937208,0.0382879111691,0.0383245503186,0.0384161481922,0.0385443852152,0.0386726222383,0.0386543026636,0.0386176635141,0.0385627047899,0.0387092613877,0.0385810243647,0.0387642201119,0.0388741375602,0.0390390137327,0.0392588486294,0.0391855703305,0.0392954877788,0.0395886009744,0.0394970031008,0.0393870856524,0.0394237248019,0.0394237248019,0.0395336422502,0.039680198848,0.0395702813997,0.0396985184227,0.0396069205491,0.0399366728941,0.0399000337447,0.040138188216,0.0402847448138,0.0404313014116,0.0405961775841,0.0407244146071,0.0407610537566,0.040797692906,0.0406328167335,0.0406144971588,0.0405778580094,0.0403580231127,0.0405045797105,0.0405961775841,0.0403946622622,0.0406328167335,0.0406877754577,0.040669455883,0.0408892907796,0.0411640844005,0.0412556822741,0.0413655997224,0.0415304758949,0.0417686303663,0.0420800631366,0.0421716610102,0.042318217608,0.0422815784585,0.0422815784585,0.0425014133552,0.0425930112288,0.0425197329299,0.0424098154816,0.0427945265507,0.0428861244244,0.0429960418727,0.0433624333671,0.0434906703902,0.0438387423099,0.0440585772066,0.0441684946549,0.0442051338043,0.0443700099768,0.0445532057241,0.0446997623218,0.0448463189196,0.0446997623218,0.0448279993449,0.045084473391,0.0451211125404,0.0454508648854,0.0456706997821,0.0458905346788,0.0461103695754,0.0464584414952,0.0465866785182,0.0470263483115,0.0470813070357,0.0471729049093,0.0471729049093,0.0474110593807,0.0476675334268,0.047722492151,0.0477957704499,0.0483453576915,0.0486384708871,0.0486384708871,0.0488583057837,0.049041501531,0.0493529343012,0.0492246972782,0.0495178104737,0.0500490781407,0.0500673977154,0.0503055521868,0.050360510911,0.050488747934,0.0508551394285,0.0512581700723,0.0516062419921,0.0518260768887,0.0518810356129,0.0522840662568,0.0529435709468,0.0533649211654,0.0538595496829,0.0541893020279,0.0546656109706,0.055105280764,0.0553983939595,0.0558197441781,0.0562594139715,0.0566074858912,0.0570288361098,0.0573036297306,0.0575051450526,0.0577066603745,0.057871536547,0.0580547322942,0.0583661650645,0.0587325565589,0.0590989480534,0.0595019786973,0.0599416484906,0.0603813182839,0.0608209880773,0.0612240187211,0.0612789774453,0.061828564687,0.0619751212847,0.0624331106528,0.0627262238483,0.0629277391703,0.0635139655614,0.06393531578,0.0645032225964,0.0648146553667,0.0655107992061,0.0660237472983,0.0666649324136,0.0672877979541,0.0677457873222,0.068222096265,0.0688266422308,0.0692113533,0.0699258167141,0.0705120431052,0.0715379392897,0.0723256810027,0.0728386290949,0.0733149380377,0.0743225146474,0.0751468955099,0.0758247197746,0.0762277504185,0.0769422138327,0.0776017185227,0.078499377684,0.079488634719,0.0804412526046,0.0810457985704,0.0817602619846,0.0827495190196,0.0833723845601,0.0843250024457,0.0848379505379,0.0856989705498,0.0868347841826,0.0879522782406,0.0889598548503,0.0899491118853,0.0907185340237,0.0915429148862,0.0920009042542,0.0931916766111,0.093796222577,0.0947305208878,0.0952801081295,0.0963792826128,0.0974234983719,0.0982661988092,0.0990722600969,0.100024877982,0.100885897994,0.101856835455,0.102424742271,0.103340721007,0.103835349525,0.104769647835,0.105850502744,0.106858079354,0.107627501492,0.109001469596,0.109642654712,0.110631911747,0.111749405805,0.112866899863,0.113782878599,0.114882053082,0.115962907991,0.1169704846,0.118252854831,0.119388668464,0.120561121246,0.12127558466,0.122228202546,0.123547211926,0.12422503619,0.125067736628,0.125928756639,0.127247766019,0.128145425181,0.129299558388,0.130178897975,0.131351350757,0.132120772896,0.133366503977,0.133971049942,0.134905348253,0.135821326989,0.136938821047,0.137689923611,0.138037995531,0.139302046187,0.140327942371,0.141207281958,0.14203166282,0.14303923943,0.144413207534,0.145512382017,0.146739793524,0.147454256938,0.147948885455,0.149029740364,0.150715141238,0.151942552745,0.152858531481,0.154122582137,0.155368313218,0.156467487701,0.157273548989,0.157804816656,0.158812393266,0.15952685668,0.160332917968,0.161377133727,0.162622864808,0.163996832912,0.165077687821,0.166763088695,0.1680637785,0.16938278788,0.170408684065,0.171214745352,0.172167363238,0.173394774744,0.174200836032,0.174988577745,0.175812958608,0.177370122459,0.178725770988,0.180539408886,0.181583624645,0.18260952083,0.183653736589,0.185027704693,0.185998642153,0.187610764729,0.188764897936,0.189699196247,0.190596855408,0.191384597121,0.192831843524,0.194169172479,0.195378264411,0.196404160595,0.197100304435,0.198419313815,0.199866560218,0.201295487046,0.20235802238,0.203658712185,0.205234195611,0.20662648329,0.207450864153,0.208806512682,0.209887367591,0.211059820373,0.212122355707,0.213441365087,0.214467261271,0.216061064272,0.217709825997,0.218662443883,0.219944814113,0.221208864769,0.222601152448,0.223901842253,0.225422366955,0.226338345691,0.227803911669,0.229324436371,0.230386971705,0.231724300659,0.232713557694,0.234142484523,0.235223339431,0.236469070512,0.237513286272,0.238612460755,0.239766593962,0.240939046745,0.242313014849,0.243778580827,0.245005992333,0.246673073633,0.247589052369,0.249072937921,0.250849936669,0.252260543923,0.253176522659,0.254605449487,0.255979417591,0.256803798454,0.257884653363,0.258947188696,0.260595950421,0.262556144917,0.264589617711,0.266275018585,0.267868821586,0.269352707139,0.271019788438,0.272521993565,0.27385932252,0.274976816578,0.276882052349,0.278897205569,0.280894039213,0.282890872858,0.284173243089,0.285913602687,0.287983714631,0.290053826574,0.292380412564,0.295018431324,0.296685512624,0.298462511372,