# R script for Peak Model
#  -- generated by MACS
p <- c(0.0216059390619,0.0221402435828,0.0227969928896,0.0234092168198,0.0240548347825,0.0246336646801,0.0252013632335,0.0258469811962,0.0264146797496,0.0269044588937,0.0273719753494,0.0279841992796,0.0285073724562,0.0290194142887,0.0296539009072,0.0302661248374,0.0308672174233,0.0315462294186,0.0321695846929,0.032659363837,0.0331380116369,0.0337391042229,0.0343847221856,0.034952420739,0.0354867252598,0.0361323432225,0.0367111731201,0.037367922427,0.037969015013,0.0385255822222,0.0390821494314,0.0397055047057,0.0402954659475,0.0409633465986,0.0415199138078,0.0422100571472,0.042677573603,0.0427443616681,0.0428334124215,0.0427109676355,0.0425996541937,0.0424660780634,0.0424104213425,0.0426330482262,0.0427888870448,0.0429335945192,0.0429892512401,0.0430003825843,0.0429558572076,0.0429669885517,0.0430115139285,0.0428556751099,0.0429669885517,0.0429892512401,0.0428779377983,0.043044907961,0.0430337766169,0.0429781198959,0.042800018389,0.0428890691425,0.0429892512401,0.0431228273703,0.0430226452727,0.0429892512401,0.0430783019936,0.0428668064541,0.0428445437657,0.0428779377983,0.0430115139285,0.0428890691425,0.0429669885517,0.0429558572076,0.0429335945192,0.0428222810773,0.0429447258634,0.0429113318308,0.0428890691425,0.042800018389,0.0427220989797,0.0427220989797,0.0427332303239,0.0426664422588,0.0427443616681,0.0429335945192,0.0431228273703,0.0432007467796,0.0432786661889,0.043223009468,0.0432341408122,0.0431450900587,0.0430671706494,0.0429558572076,0.0429781198959,0.0431116960261,0.0432786661889,0.0432675348447,0.0431562214029,0.0432452721564,0.0434122423191,0.043523555761,0.0434233736633,0.0433120602215,0.0432118781238,0.0433677169424,0.0434901617284,0.0434011109749,0.0434901617284,0.0433788482866,0.0434567676959,0.0434456363517,0.0435903438261,0.0436014751703,0.043646000547,0.043768445333,0.0438686274307,0.0440022035609,0.0440244662493,0.0439242841516,0.0438352333981,0.0437573139888,0.0439242841516,0.0440355975934,0.0441246483469,0.0442359617888,0.0443361438864,0.0445810334585,0.0446366901794,0.0446589528678,0.0448481857189,0.0447480036212,0.044792528998,0.0449038424398,0.0450819439468,0.0450596812584,0.0451709947003,0.0451821260444,0.0452489141095,0.0453936215839,0.0453602275514,0.0454715409932,0.0455049350258,0.0457386932537,0.0456941678769,0.0456496425002,0.0456941678769,0.045760955942,0.0458722693839,0.0459056634164,0.0459056634164,0.0458945320722,0.0459167947606,0.0461394216443,0.0462618664303,0.0462729977745,0.0464510992815,0.046484493314,0.0465067560024,0.0463843112164,0.0464177052489,0.0463286544954,0.0464622306256,0.0467293828861,0.0467739082628,0.0469297470814,0.0470076664907,0.0472414247186,0.0472748187511,0.047330475472,0.0473972635371,0.047330475472,0.0474083948813,0.0475308396673,0.0474417889139,0.0474306575697,0.0477423352068,0.0477979919278,0.0480428814998,0.0481208009091,0.0480428814998,0.0482877710719,0.0483211651044,0.0485771860207,0.0487886815602,0.0489222576904,0.0488332069369,0.0489667830671,0.0491226218857,0.0493341174252,0.0495233502764,0.0496457950624,0.0499908667321,0.049924078667,0.0499797353879,0.0501133115181,0.0500242607646,0.0500910488298,0.0502691503367,0.0503248070576,0.0505363025971,0.050469514532,0.0505696966297,0.0507255354483,0.0507032727599,0.0507923235134,0.0509926877087,0.0512598399691,0.0513822847551,0.0514602041644,0.0516605683598,0.0517718818016,0.0520167713737,0.0520056400295,0.0521726101922,0.0524063684201,0.0526512579922,0.0526289953038,0.0527848341224,0.053185562513,0.0534304520851,0.0534972401502,0.0537087356897,0.0538089177873,0.0540538073594,0.0543654849966,0.0544990611268,0.0543877476849,0.054632637257,0.054877526829,0.0549888402709,0.0552003358104,0.0552671238755,0.0556789836103,0.0559683985591,0.0563023388846,0.0564359150149,0.0566140165218,0.0567698553404,0.0571928464194,0.0574822613682,0.0575379180891,0.057894121103,0.0582057987402,0.0584506883122,0.0588625480471,0.0591297003075,0.0592966704702,0.0597196615493,0.0599311570888,0.060187178005,0.0605545123631,0.0608216646235,0.0609775034421,0.0614338885536,0.0615229393071,0.0616231214048,0.0618568796327,0.0621908199582,0.0623689214651,0.0629143573302,0.0630813274929,0.0632705603441,0.0635711066371,0.0636601573905,0.0638493902417,0.0638493902417,0.0642278559439,0.0645284022369,0.0649847873485,0.0655302232135,0.0660867904227,0.0664095994041,0.0666322262878,0.066888247204,0.0670440860226,0.0675116024783,0.0677676233946,0.0681460890968,0.0684688980782,0.0687137876502,0.0689475458781,0.0694929817431,0.0698937101338,0.0702499131477,0.0704948027197,0.0708510057336,0.0714075729429,0.0719084834312,0.0722535551009,0.0729103044078,0.0733444268309,0.0739343880727,0.0742238030215,0.0747469761982,0.0753035434074,0.0757376658306,0.0764166778258,0.0768730629374,0.0774073674582,0.0778303585373,0.0785650272534,0.0790882004301,0.0796781616719,0.0801122840951,0.0805686692066,0.0810807110391,0.0814925707739,0.0819600872297,0.0823830783087,0.0830843529923,0.0834516873504,0.083974860527,0.0843088008526,0.0848542367176,0.0853217531734,0.0858783203826,0.0865907264104,0.0869357980801,0.0873699205033,0.0879487504009,0.0886500250845,0.0890841475077,0.0898633416006,0.0904533028424,0.0912324969353,0.0917111447352,0.092545995549,0.0930023806606,0.0938483628186,0.0946943449766,0.09526204353,0.0955291957904,0.0962082077857,0.0968093003716,0.0977332019389,0.0983342945249,0.0989131244225,0.0999594707758,0.100772058901,0.101695960469,0.102530811282,0.10337679344,0.103966754682,0.104523321891,0.10502423238,0.105725507063,0.106348862338,0.106894298203,0.108129877407,0.108630787895,0.109510164086,0.110311620867,0.111235522435,0.112348656853,0.112849567341,0.113439528583,0.11436343015,0.115131492899,0.116155576564,0.11689024528,0.117602651308,0.118437502122,0.119439323099,0.120207385847,0.120964317252,0.12173238,0.122756463665,0.123602445823,0.12433711454,0.125060651912,0.125706269874,0.126363019181,0.127231264028,0.128244216348,0.129190380604,0.129958443353,0.130771031478,0.131728327078,0.132863724185,0.133954595915,0.134811709417,0.135535246789,0.136425754324,0.13716042304,0.1379062231,0.138952569454,0.139798551612,0.140800372588,0.141980295072,0.142403286151,0.143215874276,0.144039593746,0.145119334132,0.146187943174,0.146755641727,0.147601623885,0.14835855529,0.149326982234,0.149916943475,0.150840845043,0.151475331661,0.15251054667,0.153156164633,0.153879702005,0.154848128949,0.155894475302,0.156629144019,0.157608702307,0.158298845646,0.15940084872,0.160235699534,0.161293177232,0.162027845948,0.162795908697,0.163641890855,0.164510135701,0.165634401464,0.166346807492,0.167315234436,0.168161216594,0.169218694291,0.170053545105,0.170799345165,0.17182342883,0.172446784105,0.173448605081,0.174372506648,0.175118306709,0.176019945588,0.176999503876,0.177901142755,0.178825044322,0.179392742876,0.180305513099,0.181196020634,0.182153316233,0.183177399898,0.183667179042,0.184557686577,0.185181041852,0.18602702401,0.186828480791,0.187641068916,0.188676283925,0.189689236246,0.190423904962,0.191414594595,0.192338496162,0.19305090219,0.193707651497,0.194564764999,0.195355090436,0.195900526301,0.196568406952,0.197180630882,0.198037744384,0.198694493691,0.199562738538,0.200731529677,0.201332622263,0.202067290979,0.202612726844,0.203314001528,0.204404873258,0.205039359876,0.205863079346,0.206731324192,0.207621831727,0.208645915392,0.209636605025,0.210593900624,0.211361963373,0.212608673922,0.213565969522,0.214211587484,0.215124357708,0.215948077177,0.21693876681,0.217862668377,0.218875620698,0.219810653609,0.220656635767,0.221892214972,0.22266027772,0.223817937516,0.224619394297,0.225621215273,0.226533985497,0.227758433357,0.228960618529,0.230185066389,0.231776848607,0.232778669584,0.234147824919,0.235316616058,0.236852741555,0.238054926727,0.239346162653,0.240704186643,0.241806189718,0.243208739085,0.244444318289,0.245991575131,0.24737186181,0.248841199242,0.250466375493,0.251991369646,0.253293736916,0.254941175855,0.256332593878,0.257679486524,