# R script for Peak Model
#  -- generated by MACS
p <- c(0.00986578147962,0.0101450958188,0.0103645570853,0.0106438714244,0.0109531122999,0.0112124756149,0.0115017654661,0.0117312022447,0.0120903206808,0.0123796105321,0.0127088024318,0.0130579453557,0.0133272841828,0.013526794425,0.0137662067158,0.0140455210549,0.0143547619304,0.0145941742211,0.0148734885603,0.0150530477783,0.015292460069,0.0154819947992,0.015731382602,0.0159508438685,0.0161902561592,0.016439643962,0.0166790562527,0.0170381746888,0.0173075135158,0.0176167543913,0.0178661421941,0.0180656524364,0.0183050647271,0.0185245259936,0.0187040852116,0.0190632036477,0.0190133260871,0.0189933750629,0.0189833995508,0.0190532281356,0.0189634485266,0.0189634485266,0.019003350575,0.0189734240387,0.0189434975023,0.0188337668691,0.0189235464781,0.0189634485266,0.018913570966,0.0189035954539,0.0189833995508,0.0189734240387,0.018913570966,0.0188636934054,0.0188138158449,0.0187539627722,0.018823791357,0.0187938648206,0.0186941096995,0.0186043300905,0.0184945994573,0.0185345015057,0.0185245259936,0.018384868824,0.0183150402392,0.0183649177998,0.0183649177998,0.0183948443361,0.0184347463846,0.0184347463846,0.0184447218967,0.0184048198482,0.018295089215,0.0182551871665,0.0183250157513,0.0183250157513,0.0183150402392,0.0182751381908,0.018295089215,0.018295089215,0.0181953340939,0.0181354810212,0.0181055544849,0.0180157748758,0.0180457014122,0.0180457014122,0.0179858483395,0.0179559218032,0.0178661421941,0.0178262401457,0.0178362156578,0.0178461911699,0.0178162646336,0.0178661421941,0.0178960687305,0.0178461911699,0.0178262401457,0.0179758728274,0.0179658973153,0.0178461911699,0.0178860932184,0.0178761177063,0.0179858483395,0.0180357259001,0.018205309606,0.0182751381908,0.0184447218967,0.0183150402392,0.0183649177998,0.0184147953603,0.0184048198482,0.0184447218967,0.0186043300905,0.0186143056026,0.0187040852116,0.0187838893085,0.0187938648206,0.0188936199418,0.0189335219902,0.0189335219902,0.018913570966,0.0189235464781,0.0188537178933,0.0190731791598,0.0190632036477,0.0191330322325,0.0190332771113,0.0191629587688,0.0190731791598,0.0191729342809,0.0192128363294,0.0193325424747,0.0193225669626,0.0192128363294,0.0191430077446,0.0191529832567,0.0191928853052,0.0191330322325,0.0190632036477,0.0190233015992,0.0190133260871,0.0190432526235,0.019093130184,0.0193026159384,0.0194223220837,0.0195121016928,0.0195420282291,0.019621832326,0.0197016364229,0.0197714650077,0.0197614894956,0.0199111221773,0.0200308283226,0.0201006569074,0.0201206079316,0.0202303385649,0.0203201181739,0.0204298488071,0.020589457001,0.0206493100736,0.0207291141705,0.0207989427553,0.0208188937795,0.0208986978765,0.0209884774855,0.021038355046,0.021128134655,0.0213276448973,0.0215171796275,0.0214573265548,0.0215969837244,0.0217366408939,0.0218064694787,0.0218064694787,0.0217964939666,0.0218663225514,0.0217565919182,0.0218264205029,0.0219660776725,0.02209575933,0.0222553675238,0.0224149757176,0.0225546328872,0.0226344369841,0.0225446573751,0.0225745839114,0.0226344369841,0.0227541431294,0.0228738492748,0.0229636288838,0.0231232370776,0.0232030411745,0.0232828452714,0.0233526738562,0.0235621596106,0.0234823555137,0.0235821106348,0.0236918412681,0.0240010821436,0.024130763801,0.024390127116,0.0244898822371,0.024659465943,0.0246794169672,0.0248988782337,0.0250784374517,0.0252679721819,0.0253577517909,0.0253078742303,0.0255672375453,0.0257667477875,0.025806649836,0.0259363314934,0.0260660131509,0.0261857192963,0.0262256213447,0.0263952050506,0.0264949601718,0.026604690805,0.0266844949019,0.0267443479746,0.0270136868016,0.027223172556,0.0272830256287,0.0272830256287,0.0275024868952,0.0277618502101,0.0279214584039,0.0280910421098,0.0282306992794,0.0283404299127,0.0285898177155,0.0287793524456,0.0290586667848,0.0292881035634,0.0296372464873,0.0299365118507,0.0301759241414,0.0302756792625,0.0303056057989,0.0303355323352,0.0304751895048,0.030754503844,0.0309939161347,0.0312133774012,0.0315126427645,0.0317520550553,0.031991467346,0.0323306347578,0.0326598266575,0.0327097042181,0.0328892634361,0.0329989940694,0.0330688226541,0.0332982594327,0.033677328893,0.0341062759139,0.0344354678136,0.0348145372739,0.0349741454677,0.0351138026373,0.0353931169764,0.0355427496581,0.0357622109246,0.0360515007759,0.0363008885787,0.0365403008694,0.0369093948176,0.0372784887658,0.0376076806655,0.037916921541,0.0383458685619,0.0385653298283,0.0387648400706,0.0390840564582,0.0393932973337,0.0396426851365,0.039951926012,0.0403210199602,0.0407599424932,0.0412387670746,0.0415081059016,0.0418372978014,0.0424158775039,0.0428348490126,0.0432039429608,0.0434732817879,0.0438224247118,0.0441615921237,0.0447800738747,0.0453187515287,0.0457876005981,0.0463063272279,0.0467252987367,0.047283927415,0.0477428009722,0.0483213806747,0.0487603032077,0.0492491033012,0.0498177074916,0.0501369238793,0.0508152587029,0.0514536914782,0.051882638499,0.052411340641,0.0528801897103,0.0534288428765,0.0538079123368,0.054266785894,0.0548054635481,0.0552842881295,0.0560224760259,0.0567606639222,0.0574290232338,0.0580874070332,0.0587158642963,0.0594041746321,0.0599827543347,0.0605214319888,0.0613493994941,0.0619678812451,0.0625564364598,0.0632148202592,0.0641724694221,0.0651201430728,0.0658782819934,0.0667860535956,0.0674544129072,0.0682125518278,0.0691402744543,0.0697787072295,0.0707164053681,0.0717438831157,0.0725419240848,0.0733000630053,0.0743474917772,0.0752851899158,0.0760832308848,0.0770109535113,0.0779386761378,0.0788663987643,0.0795646846122,0.0802430194359,0.0810610114291,0.0820286361041,0.083165844485,0.0840835915993,0.0849215346168,0.0861884246552,0.0873156575239,0.0883431352715,0.0894703681403,0.0906873806181,0.0919542706564,0.0931912341584,0.0941488833212,0.0953359692627,0.096602859301,0.0979894554847,0.0994857823016,0.100732721316,0.102069439939,0.10339618305,0.104633146552,0.106009767223,0.107276657262,0.108613375885,0.110109702702,0.111446421325,0.113042503263,0.11439917291,0.115646111924,0.117222242838,0.118489132877,0.120244823008,0.12200051314,0.123287354203,0.124933313702,0.126459567055,0.128404791917,0.130080677952,0.131886245644,0.133731715385,0.135457478981,0.137183242576,0.139068614365,0.140624794255,0.142390459899,0.144076321446,0.145911815675,0.147627603758,0.149363342866,0.151308567728,0.152934576202,0.154919703113,0.156635491196,0.158421107864,0.160585793993,0.162471165782,0.164426366156,0.166152129752,0.167987623981,0.170042579476,0.172147412532,0.174142514954,0.175978009183,0.178142695312,0.180327332464,0.182342385911,0.18450707204,0.186562027535,0.188686811615,0.190871448768,0.19319574309,0.195530012924,0.197854307247,0.200128724008,0.202522846915,0.204877067774,0.207430798875,0.209385999249,0.211690342547,0.213695420482,0.215690522904,0.217944988642,0.220239356428,0.222433969093,0.224578704197,0.226873071983,0.228987880551,0.231172517704,0.233237448711,0.235691424691,0.237546869944,0.239412290709,0.241756536055,0.244060879353,0.246514855333,0.248849125168,0.251273174611,0.253517664836,0.255682350965,0.257936816702,0.260181306928,0.262665209444,0.265139136448,0.26708436131,0.269089439245,0.271553390736,0.273967464668,0.276052346699,0.278107302195,0.280361767932,0.282376821379,0.284611336092,0.28691567939,0.289100316543,0.29135478228,0.293489541873,0.295634276977,0.297938620275,0.300073379867,0.302427600726,0.304472580709,0.306437756595,0.308941610135,0.310936712558,0.313101398687,0.315216207254,0.317261187238,0.319316142733,0.321700290128,0.324044535474,0.326428682869,0.328503589389,0.330448814251,0.332354137064,0.334478921144,0.336444097031,0.337890546287,0.339716065004,0.341561534745,0.343297273852,0.34489335579,0.346399658119,0.348045617618,0.349462140338,0.3507489814,0.351985944902,0.353372541086,0.35475913727,0.356275415111,0.357532329637,0.358579758409,0.359966354593,0.361771922285,0.363028836811,0.364365555435,0.365672347521,0.367038992681,0.368066470428,0.369542846221,0.370899515868,0.372096577322,0.373084153021,0.374301165499,0.375887271925,0.377024480306,