# R script for Peak Model
#  -- generated by MACS
p <- c(0.00745227951947,0.00757610893747,0.00781251055364,0.00803765495,0.00813896992836,0.00830782822563,0.00848794374272,0.00871308813908,0.00887068921653,0.00901703307416,0.00918589137143,0.00936600688852,0.00956863684524,0.00972623792269,0.00992886787941,0.0100864689569,0.0103566422325,0.0104917288703,0.0107056160469,0.010942017663,0.0111333903999,0.0113360203567,0.0116174508521,0.0118763669079,0.0121015113043,0.0123604273601,0.0125743145366,0.0127656872735,0.0130583749888,0.0133060338248,0.0135762071004,0.0137788370571,0.0139814670139,0.0142291258499,0.0145555852246,0.0147694724011,0.0149270734786,0.0149158162588,0.0149158162588,0.0149721023578,0.0149270734786,0.0148707873795,0.0148820445993,0.01483701572,0.0147582151813,0.0147919868408,0.0147469579615,0.0147469579615,0.0148145012804,0.0147694724011,0.0149495879182,0.0151297034353,0.015208503974,0.0151859895344,0.0151972467542,0.0151184462155,0.0151409606551,0.0150734173362,0.0150734173362,0.015084674556,0.0150621601164,0.0149383306984,0.0148707873795,0.0147694724011,0.01483701572,0.0148707873795,0.0148707873795,0.0148257585002,0.0148257585002,0.0148595301597,0.0149158162588,0.0149045590389,0.0148032440606,0.0148482729398,0.0148707873795,0.0149383306984,0.0149045590389,0.0148707873795,0.014960845138,0.0150058740173,0.0149833595777,0.0149495879182,0.0150509028966,0.015084674556,0.0151634750948,0.0151071889957,0.0151297034353,0.0151634750948,0.0151634750948,0.0151634750948,0.0151071889957,0.0151297034353,0.0150734173362,0.0150396456768,0.0150621601164,0.0151071889957,0.0151071889957,0.0150959317758,0.0149946167975,0.0149721023578,0.0150058740173,0.0150396456768,0.0150396456768,0.014960845138,0.0148820445993,0.01483701572,0.0148820445993,0.0148482729398,0.0147694724011,0.0147807296209,0.0148145012804,0.01483701572,0.0148820445993,0.0149946167975,0.0150621601164,0.0151522178749,0.015084674556,0.015084674556,0.0151071889957,0.0151409606551,0.0152873045127,0.0152985617326,0.0152422756335,0.0153548478317,0.0152760472929,0.0151522178749,0.0151409606551,0.0151972467542,0.0152535328533,0.0153210761722,0.0153435906118,0.0153773622713,0.0153773622713,0.0152985617326,0.0154223911506,0.0155237061289,0.0156250211073,0.0156137638875,0.015579992228,0.0154786772497,0.0155349633487,0.0155687350082,0.015579992228,0.0155349633487,0.01545616281,0.0153886194911,0.0153998767109,0.0153661050515,0.0153435906118,0.0154786772497,0.0154449055902,0.0156250211073,0.0156587927667,0.0157375933055,0.0157263360856,0.0157375933055,0.0158163938442,0.0158726799433,0.0159064516027,0.0160302810207,0.0160753099,0.0160865671198,0.0161878820982,0.0163567403955,0.0163567403955,0.0165255986927,0.0166269136711,0.0166381708909,0.0166831997702,0.0166269136711,0.0166494281107,0.0166269136711,0.0167845147485,0.0167507430891,0.0168295436278,0.0168408008476,0.0167282286494,0.0169871447053,0.0170772024638,0.017189774662,0.0172798324205,0.0173248612998,0.017437433498,0.0175049768169,0.0175500056962,0.0176175490151,0.017561262916,0.0174599479376,0.0175049768169,0.0176175490151,0.0177864073123,0.0179552656096,0.0180115517087,0.0181241239069,0.0181578955663,0.0182479533249,0.018428068842,0.0183717827429,0.0185068693807,0.0185744126996,0.0187207565572,0.0188671004149,0.0190472159319,0.0191935597896,0.0192836175481,0.0194187041859,0.0195763052634,0.0197001346814,0.019722649121,0.0198802501985,0.0198802501985,0.0200603657156,0.0202292240128,0.0204431111894,0.0206232267064,0.0207920850037,0.0208483711028,0.0210397438397,0.021332431555,0.021580090391,0.0217939775675,0.0220303791837,0.0222442663602,0.0222442663602,0.022503182416,0.0225369540755,0.0226495262737,0.0227620984719,0.0229422139889,0.0231561011655,0.0232686733637,0.0235275894195,0.0236289043978,0.0238090199149,0.0238427915744,0.0241242220698,0.0242593087076,0.0243493664662,0.0246983402805,0.024855941358,0.0250923429742,0.0252612012714,0.0254188023489,0.0256552039651,0.0258803483614,0.0260829783181,0.0262068077361,0.0265332671109,0.026645839309,0.026769668727,0.0270961281018,0.0270623564423,0.0274000730368,0.0276702463125,0.027884133489,0.0282105928637,0.0283907083808,0.0286608816565,0.0288409971735,0.029122427669,0.0293926009446,0.0297866036382,0.0300680341337,0.0303832362886,0.030664666784,0.03091232562,0.0313063283137,0.0316102732487,0.0317566171064,0.0320718192613,0.0323307353171,0.0327247380107,0.0330399401656,0.0333438851007,0.0336028011565,0.0339968038501,0.0343232632249,0.0346947514789,0.0350324680734,0.035426470767,0.0359105312192,0.0364846494299,0.0370587676406,0.0375653425324,0.0381169463035,0.038522206217,0.0388936944709,0.0394227838024,0.0396816998582,0.0401319886509,0.0407061068616,0.0412239389733,0.0414603405894,0.0416854849858,0.0420907448992,0.0425522909118,0.043092637463,0.0437680706521,0.0442633883241,0.0447249343366,0.0453103097672,0.0457605985599,0.0465936328264,0.0470776932786,0.0476180398298,0.0481246147217,0.0488225623504,0.0493291372422,0.0500158276511,0.0504661164438,0.0510177202149,0.0518169828219,0.0522897860543,0.0528751614848,0.0534267652559,0.0542147706432,0.0552279204268,0.055892096396,0.0566463301238,0.0574681071705,0.0582786269974,0.0590553751649,0.0597983516728,0.060777729797,0.0614981918654,0.0624888272093,0.0631530031786,0.0640085518848,0.0651005022071,0.0659447936934,0.0667890851798,0.0680386365796,0.0691531013415,0.0699523639486,0.0708641987539,0.0716409469213,0.0726878683644,0.0736334748291,0.0746466246127,0.0756485171765,0.0768417824772,0.0779337327995,0.0791720269795,0.0802189484226,0.0811645548873,0.0822227335502,0.0831683400149,0.0843390908759,0.0854197839785,0.0865567631801,0.087423569106,0.08841420445,0.0894836403327,0.0906206195343,0.0916225120981,0.0927369768601,0.0940878432383,0.0951235074615,0.096328029982,0.0978927835367,0.0990185055185,0.100223028039,0.101573894417,0.103003561334,0.104286884393,0.105682779651,0.107101189348,0.108643428463,0.110286982556,0.11191927943,0.113337689127,0.114969986001,0.116500967896,0.117964406472,0.119371558949,0.121026370263,0.122546094938,0.124234677911,0.125934518103,0.127668129955,0.129176597411,0.130921466483,0.132733878873,0.134715149561,0.136606362491,0.138317459903,0.140298730591,0.142122400201,0.143979841471,0.145837282741,0.147435807955,0.149439593083,0.151128176056,0.152771730149,0.154392769803,0.156216439413,0.158163938442,0.159987608052,0.161935107081,0.16384883445,0.16567250406,0.16755245977,0.169477444359,0.171616316124,0.173788959549,0.175117311488,0.177098582176,0.179158653402,0.181297525168,0.18360525523,0.185811670315,0.188265744235,0.190663532056,0.192509716106,0.194637330652,0.196911289055,0.199140218579,0.201673093038,0.204003337541,0.206322324823,0.209069086459,0.211343044862,0.213808376002,0.216284964362,0.219133040976,0.221744715974,0.22445770595,0.227069380947,0.229602255407,0.231729869952,0.233834970058,0.236615503353,0.239125863372,0.241219706259,0.243887667355,0.24666820065,0.249381190627,0.251869036206,0.254379396226,0.256822212926,0.259523945683,0.262326993417,0.264859867876,0.267392742335,0.270105732311,0.272818722288,0.275644284462,0.278165901701,0.281205351052,0.283884569369,0.286653845444,0.28934432098,0.291922224319,0.29428624048,0.29677408606,0.29922815998,0.301761034439,0.304034992843,0.306275179586,0.308819311265,0.311262127966,0.313648658567,0.316485477961,0.319130924619,0.322024030112,0.32459067623,0.327731440559,0.330579517173,0.333675252623,0.33632069928,0.339202547554,0.341589078155,0.344133209834,0.346497225996,0.349052614895,0.351641775453,0.353949505515,0.355919518984,0.357912046891,0.360613779648,0.362865223611,0.364947809277,0.367086681043,0.368876578994,0.370565161967,0.371814713366,0.373143065305,0.375045535454,0.376587774569,0.378197557003,0.3796159667,0.380989347518,0.382891817667,0.384163883507,0.385368406027,0.38707950344,0.388396598158,0.38951106292,0.390794385979,0.392235310116,0.393631205374,0.39507212951,0.396681911944,0.398325466038,0.400351765605,0.401680117543,0.403593844912,0.405451286182,0.406948496418,