# R script for Peak Model
#  -- generated by MACS
p <- c(0.0385653682993,0.0392795417863,0.0409459465893,0.0414220622474,0.0423742935634,0.0430884670504,0.0440406983664,0.0442787561955,0.0452309875115,0.0459451609985,0.0468973923145,0.0471354501435,0.0471354501435,0.0473735079726,0.0483257392886,0.0490399127756,0.0492779706046,0.0497540862626,0.0502302019207,0.0507063175787,0.0511824332367,0.0521346645527,0.0530868958687,0.0538010693558,0.0545152428428,0.0557055319878,0.0561816476458,0.0568958211329,0.0580861102779,0.0580861102779,0.0585622259359,0.0592763994229,0.059752515081,0.061418919884,0.0623711512,0.0626092090291,0.0633233825161,0.0630853246871,0.062133093371,0.060942804226,0.060466688568,0.059752515081,0.0592763994229,0.05999057291,0.0592763994229,0.0585622259359,0.0588002837649,0.05999057291,0.060466688568,0.060704746397,0.060228630739,0.060228630739,0.0590383415939,0.0585622259359,0.0573719367909,0.0552294163298,0.0552294163298,0.0552294163298,0.0540391271848,0.0547533006718,0.0554674741588,0.0545152428428,0.0552294163298,0.0549913585008,0.0549913585008,0.0547533006718,0.0542771850138,0.0538010693558,0.0547533006718,0.0552294163298,0.0545152428428,0.0540391271848,0.0533249536978,0.0530868958687,0.0535630115268,0.0530868958687,0.0518966067237,0.0533249536978,0.0535630115268,0.0538010693558,0.0535630115268,0.0540391271848,0.0535630115268,0.0530868958687,0.0526107802107,0.0528488380397,0.0533249536978,0.0533249536978,0.0538010693558,0.0545152428428,0.0552294163298,0.0564197054749,0.0561816476458,0.0566577633039,0.0573719367909,0.0578480524489,0.0576099946199,0.0583241681069,0.0580861102779,0.0578480524489,0.0576099946199,0.0573719367909,0.0568958211329,0.0573719367909,0.0573719367909,0.0578480524489,0.0580861102779,0.0568958211329,0.0576099946199,0.0576099946199,0.0576099946199,0.0568958211329,0.0580861102779,0.0585622259359,0.0585622259359,0.0588002837649,0.0583241681069,0.0573719367909,0.0576099946199,0.0578480524489,0.0573719367909,0.0559435898168,0.0559435898168,0.0564197054749,0.0578480524489,0.0585622259359,0.0588002837649,0.0580861102779,0.0578480524489,0.0585622259359,0.0592763994229,0.060228630739,0.061418919884,0.061180862055,0.060704746397,0.060228630739,0.059752515081,0.059514457252,0.059752515081,0.060704746397,0.060466688568,0.060466688568,0.060228630739,0.060942804226,0.061418919884,0.061895035542,0.061656977713,0.061656977713,0.061656977713,0.0626092090291,0.0633233825161,0.0626092090291,0.062133093371,0.0623711512,0.061895035542,0.061895035542,0.0623711512,0.0626092090291,0.0637994981741,0.0637994981741,0.0635614403451,0.0642756138321,0.0630853246871,0.0623711512,0.062133093371,0.061418919884,0.0623711512,0.0626092090291,0.0628472668581,0.0623711512,0.061895035542,0.060942804226,0.061656977713,0.061180862055,0.061895035542,0.0628472668581,0.062133093371,0.061895035542,0.0623711512,0.061895035542,0.061656977713,0.0626092090291,0.062133093371,0.061895035542,0.062133093371,0.0626092090291,0.062133093371,0.0626092090291,0.0630853246871,0.0623711512,0.061895035542,0.061418919884,0.061656977713,0.062133093371,0.0623711512,0.0640375560031,0.0645136716611,0.0633233825161,0.0623711512,0.0635614403451,0.0637994981741,0.0642756138321,0.0637994981741,0.0635614403451,0.0623711512,0.0626092090291,0.0623711512,0.061895035542,0.061895035542,0.0626092090291,0.061656977713,0.062133093371,0.0628472668581,0.0623711512,0.062133093371,0.061895035542,0.061180862055,0.060942804226,0.060942804226,0.060942804226,0.060228630739,0.060466688568,0.061656977713,0.061180862055,0.05999057291,0.060466688568,0.060704746397,0.05999057291,0.060704746397,0.060228630739,0.05999057291,0.060228630739,0.059752515081,0.060228630739,0.061418919884,0.060942804226,0.061418919884,0.061895035542,0.061656977713,0.062133093371,0.061418919884,0.061418919884,0.060704746397,0.060704746397,0.061180862055,0.061180862055,0.060704746397,0.061656977713,0.061895035542,0.060704746397,0.061418919884,0.062133093371,0.0628472668581,0.0635614403451,0.0642756138321,0.0635614403451,0.0637994981741,0.0652278451481,0.0666561921222,0.0664181342932,0.0664181342932,0.0657039608062,0.0654659029772,0.0668942499512,0.0678464812672,0.0685606547543,0.0692748282413,0.0699890017283,0.0702270595573,0.0702270595573,0.0704651173863,0.0718934643604,0.0711792908733,0.0699890017283,0.0709412330443,0.0704651173863,0.0709412330443,0.0707031752153,0.0718934643604,0.0711792908733,0.0721315221894,0.0728456956764,0.0730837535054,0.0728456956764,0.0740359848214,0.0752262739665,0.0757023896245,0.0773687944275,0.0780829679146,0.0787971414016,0.0802254883756,0.0807016040337,0.0828441244947,0.0842724714688,0.0857008184428,0.0864149919298,0.0857008184428,0.0868911075879,0.0883194545619,0.0885575123909,0.0883194545619,0.0890336280489,0.0892716858779,0.090938090681,0.091890321997,0.0930806111421,0.0935567268001,0.0949850737741,0.0964134207482,0.0985559412092,0.0997462303543,0.0997462303543,0.10069846167,0.102126808644,0.104269329105,0.104031271276,0.105221560421,0.106173791737,0.107602138712,0.108316312199,0.109744659173,0.109506601344,0.110696890489,0.111887179634,0.11283941095,0.112601353121,0.114267757924,0.114029700095,0.114505815753,0.115458047069,0.115934162727,0.116410278385,0.115696104898,0.116172220556,0.116172220556,0.11760056753,0.119505030162,0.119028914504,0.119743087991,0.120457261478,0.119743087991,0.119028914504,0.119505030162,0.119028914504,0.119028914504,0.119028914504,0.120933377136,0.121647550623,0.12236172411,0.122837839768,0.123790071084,0.125932591545,0.124980360229,0.126170649374,0.125932591545,0.126408707203,0.127598996348,0.128789285493,0.129027343322,0.12950345898,0.12950345898,0.129027343322,0.129741516809,0.129979574638,0.129979574638,0.129979574638,0.129027343322,0.128551227664,0.127837054177,0.128075112006,0.127598996348,0.127360938519,0.127598996348,0.128075112006,0.12950345898,0.129265401151,0.129979574638,0.131407921612,0.131645979441,0.130693748125,0.131169863783,0.130931805954,0.129979574638,0.128551227664,0.128551227664,0.128789285493,0.128313169835,0.128075112006,0.127837054177,0.127598996348,0.128313169835,0.127598996348,0.126884822861,0.12712288069,0.126170649374,0.127360938519,0.126408707203,0.125932591545,0.125456475887,0.125694533716,0.123313955426,0.123790071084,0.124266186742,0.124504244571,0.123313955426,0.124266186742,0.1247423024,0.124980360229,0.125932591545,0.12712288069,0.125932591545,0.126646765032,0.125694533716,0.1247423024,0.125694533716,0.12712288069,0.128075112006,0.128551227664,0.128789285493,0.12950345898,0.129741516809,0.129265401151,0.128551227664,0.130217632467,0.132122095099,0.133074326415,0.134026557731,0.133788499902,0.133788499902,0.133312384244,0.132836268586,0.132122095099,0.132836268586,0.132598210757,0.132836268586,0.132836268586,0.133074326415,0.13426461556,0.134978789047,0.135216846876,0.134740731218,0.133312384244,0.134026557731,0.134026557731,0.134740731218,0.134502673389,0.133788499902,0.133788499902,0.134502673389,0.136883251679,0.136407136021,0.13426461556,0.133788499902,0.134740731218,0.13426461556,0.133788499902,0.133312384244,0.134026557731,0.135692962534,0.135454904705,0.137121309509,0.136169078192,0.135931020363,0.137359367338,0.137121309509,0.137597425167,0.13664519385,0.137359367338,0.137121309509,0.137121309509,0.137835482996,0.139501887799,0.139978003457,0.142358581747,0.14402498655,0.144501102208,0.145215275695,0.145215275695,0.146167507011,0.145691391353,0.144501102208,0.144977217866,0.144977217866,0.144739160037,0.14640556484,0.145929449182,0.146881680498,0.147357796156,0.148548085301,0.148071969643,0.148310027472,0.148310027472,0.149262258788,0.149500316617,0.149500316617,0.149976432275,0.15116672142,0.151642837078,0.150452547933,0.148310027472,0.148548085301,0.149024200959,0.150452547933,0.152118952736,0.152833126223,0.154737588855,0.154499531026,0.155927878,0.155927878,0.157356224974,0.158546514119,0.157832340632,0.157832340632,0.158784571948,0.16068903458,0.162355439383,0.162593497212,0.164974075502,0.166878538134,0.16806882728,