# R script for Peak Model
#  -- generated by MACS
p <- c(0.0274937855541,0.0297613142596,0.0300447553478,0.0306116375242,0.0317454018769,0.0331626073179,0.034863253847,0.0351466949352,0.0362804592879,0.0379811058171,0.0391148701698,0.0391148701698,0.0402486345226,0.0410989577871,0.0425161632281,0.0430830454044,0.043933368669,0.0447836919336,0.0456340151981,0.0459174562863,0.0462008973745,0.0462008973745,0.0464843384627,0.047051220639,0.0481849849918,0.0493187493445,0.0498856315209,0.0498856315209,0.0507359547855,0.05158627805,0.0524366013146,0.0524366013146,0.053003483491,0.0538538067555,0.0547041300201,0.056121335461,0.0572550998138,0.057538540902,0.0566882176374,0.0558378943728,0.0558378943728,0.0569716587256,0.0569716587256,0.057538540902,0.0578219819902,0.0583888641665,0.057538540902,0.057538540902,0.0569716587256,0.057538540902,0.0581054230783,0.0583888641665,0.0581054230783,0.0572550998138,0.0572550998138,0.057538540902,0.0564047765492,0.0569716587256,0.0566882176374,0.0572550998138,0.0572550998138,0.0566882176374,0.056121335461,0.0558378943728,0.0555544532847,0.0552710121965,0.0552710121965,0.0552710121965,0.0555544532847,0.0552710121965,0.0558378943728,0.0558378943728,0.0555544532847,0.0549875711083,0.0555544532847,0.0535703656673,0.0538538067555,0.0538538067555,0.0532869245792,0.0521531602264,0.0510193958737,0.0510193958737,0.0507359547855,0.0501690726091,0.0496021904327,0.0501690726091,0.0504525136973,0.0498856315209,0.0498856315209,0.0507359547855,0.0510193958737,0.05158627805,0.05158627805,0.0527200424028,0.053003483491,0.0532869245792,0.0538538067555,0.0541372478437,0.0532869245792,0.0532869245792,0.0532869245792,0.0541372478437,0.0535703656673,0.0544206889319,0.0544206889319,0.0549875711083,0.0558378943728,0.056121335461,0.0555544532847,0.0547041300201,0.0541372478437,0.0552710121965,0.0552710121965,0.0552710121965,0.0544206889319,0.053003483491,0.053003483491,0.0524366013146,0.0532869245792,0.0524366013146,0.0524366013146,0.0524366013146,0.0532869245792,0.0524366013146,0.0521531602264,0.0521531602264,0.053003483491,0.0535703656673,0.0535703656673,0.0535703656673,0.0538538067555,0.0535703656673,0.0547041300201,0.0544206889319,0.0555544532847,0.056121335461,0.0566882176374,0.0583888641665,0.0583888641665,0.0586723052547,0.0586723052547,0.0595226285193,0.0586723052547,0.0595226285193,0.0592391874311,0.0603729517838,0.0609398339602,0.0609398339602,0.0598060696075,0.0600895106956,0.060656392872,0.0609398339602,0.0615067161366,0.062073598313,0.0632073626657,0.0643411270185,0.0637742448421,0.0632073626657,0.0632073626657,0.0629239215775,0.0617901572248,0.062073598313,0.0617901572248,0.0615067161366,0.0615067161366,0.0600895106956,0.0592391874311,0.0583888641665,0.0586723052547,0.0598060696075,0.0600895106956,0.0595226285193,0.0600895106956,0.0595226285193,0.0600895106956,0.0609398339602,0.0612232750484,0.0598060696075,0.0595226285193,0.0603729517838,0.0595226285193,0.0598060696075,0.0598060696075,0.0592391874311,0.0592391874311,0.0595226285193,0.0600895106956,0.060656392872,0.062073598313,0.0623570394011,0.0623570394011,0.0617901572248,0.0615067161366,0.0617901572248,0.0626404804893,0.0623570394011,0.0623570394011,0.0629239215775,0.0634908037539,0.0637742448421,0.0640576859303,0.0640576859303,0.0649080091948,0.0654748913712,0.0660417735476,0.066608655724,0.0657583324594,0.0654748913712,0.0640576859303,0.0632073626657,0.0646245681066,0.0626404804893,0.0629239215775,0.0632073626657,0.0643411270185,0.0637742448421,0.0649080091948,0.0646245681066,0.0643411270185,0.0629239215775,0.0623570394011,0.0629239215775,0.0640576859303,0.0640576859303,0.0643411270185,0.0643411270185,0.0640576859303,0.0637742448421,0.0626404804893,0.0629239215775,0.0629239215775,0.0637742448421,0.0649080091948,0.0663252146358,0.0663252146358,0.0671755379003,0.066608655724,0.066608655724,0.066608655724,0.0674589789885,0.0685927433413,0.0688761844294,0.0691596255176,0.0680258611649,0.0671755379003,0.0674589789885,0.0674589789885,0.0674589789885,0.0671755379003,0.066608655724,0.0668920968121,0.0674589789885,0.0683093022531,0.0674589789885,0.0683093022531,0.0683093022531,0.0683093022531,0.0705768309586,0.0717105953113,0.0711437131349,0.0714271542231,0.0708602720468,0.0700099487822,0.0714271542231,0.0711437131349,0.0739781240168,0.0753953294577,0.0770959759869,0.0785131814278,0.0790800636042,0.0793635046924,0.0790800636042,0.0785131814278,0.078796622516,0.0782297403396,0.0793635046924,0.0793635046924,0.0785131814278,0.078796622516,0.0790800636042,0.0807807101333,0.0807807101333,0.0813475923097,0.0827647977506,0.0830482388388,0.0841820031915,0.0844654442797,0.0841820031915,0.0836151210152,0.0841820031915,0.0855992086325,0.086449531897,0.086449531897,0.087866737338,0.0898508249553,0.0907011482198,0.0918349125726,0.0932521180135,0.0938190001899,0.0943858823663,0.0941024412781,0.0941024412781,0.095519646719,0.0958030878072,0.0966534110718,0.0966534110718,0.0977871754245,0.0989209397773,0.0994878219536,0.10005470413,0.101188468483,0.100905027395,0.101188468483,0.101755350659,0.102038791747,0.102038791747,0.102322232836,0.103455997188,0.104873202629,0.105440084806,0.10629040807,0.107140731335,0.107424172423,0.109975142217,0.110258583305,0.111108906569,0.110542024393,0.111392347658,0.11252611201,0.111675788746,0.111675788746,0.110258583305,0.110258583305,0.110258583305,0.111108906569,0.11252611201,0.113943317451,0.112242670922,0.113092994187,0.110825465481,0.10940826004,0.108557936776,0.106857290247,0.106857290247,0.107140731335,0.108274495687,0.110825465481,0.110825465481,0.110542024393,0.110258583305,0.111675788746,0.113092994187,0.113659876363,0.114226758539,0.113943317451,0.114793640716,0.115927405068,0.11564396398,0.114510199628,0.116494287245,0.11564396398,0.116494287245,0.116494287245,0.116210846157,0.115360522892,0.116777728333,0.117344610509,0.118194933774,0.117344610509,0.116210846157,0.11564396398,0.11564396398,0.115360522892,0.115360522892,0.116777728333,0.117344610509,0.116777728333,0.115927405068,0.116494287245,0.117911492686,0.116210846157,0.115360522892,0.116210846157,0.116494287245,0.117344610509,0.117344610509,0.118478374862,0.117911492686,0.117344610509,0.118478374862,0.117911492686,0.11876181595,0.119328698127,0.120179021391,0.120745903568,0.122163109009,0.12187966792,0.119612139215,0.119045257039,0.119328698127,0.119328698127,0.119328698127,0.118478374862,0.120462462479,0.122163109009,0.122446550097,0.123013432273,0.124147196626,0.123863755538,0.12358031445,0.12358031445,0.126414725331,0.127265048596,0.127548489684,0.126981607508,0.127548489684,0.128682254037,0.128398812949,0.128398812949,0.127831930772,0.126131284243,0.125564402067,0.128398812949,0.128965695125,0.127265048596,0.127265048596,0.126981607508,0.126414725331,0.126414725331,0.126981607508,0.128115371861,0.128398812949,0.128398812949,0.128398812949,0.130666341654,0.12981601839,0.130666341654,0.131233223831,0.132083547095,0.130666341654,0.131233223831,0.130099459478,0.130666341654,0.132083547095,0.131516664919,0.130666341654,0.130949782742,0.132366988183,0.131800106007,0.131800106007,0.131233223831,0.132083547095,0.130949782742,0.12981601839,0.12981601839,0.130099459478,0.130382900566,0.130099459478,0.12981601839,0.130949782742,0.129249136213,0.129532577301,0.130382900566,0.131516664919,0.132083547095,0.132650429272,0.130949782742,0.130382900566,0.129249136213,0.12981601839,0.132650429272,0.132650429272,0.134917957977,0.135484840153,0.138602692123,0.139453015388,0.139453015388,0.138319251035,0.138319251035,0.139736456476,0.1391695743,0.139736456476,0.140586779741,0.140870220829,0.142003985182,0.140870220829,0.140870220829,0.142003985182,0.143704631711,0.143988072799,0.144838396064,0.147956248034,0.149656894563,0.149940335651,0.153058187621,0.155325716326,0.15475883415,0.156176039591,0.157309803944,0.158443568297,0.161561420267,0.162411743531,0.161561420267,0.160427655914,0.160711097002,0.161844861355,0.165813036589,0.165813036589,0.165529595501,0.16723024203,0.16723024203,0.168080565295,0.168364006383,