# R script for Peak Model
#  -- generated by MACS
p <- c(0.0173586453944,0.0185421893986,0.0191339614007,0.0201202480708,0.021501049409,0.0222900787451,0.0228818507472,0.0238681374173,0.0244599094194,0.0252489387555,0.0266297400937,0.0274187694298,0.028207798766,0.0289968281021,0.0297858574382,0.0309694014423,0.0319556881125,0.0325474601146,0.0327447174486,0.0321529454465,0.0319556881125,0.0311666587764,0.0321529454465,0.0325474601146,0.0325474601146,0.0333364894507,0.0327447174486,0.0327447174486,0.0341255187868,0.0333364894507,0.0331392321167,0.0337310041187,0.0339282614528,0.0337310041187,0.0331392321167,0.0337310041187,0.0339282614528,0.0331392321167,0.0333364894507,0.0331392321167,0.0329419747826,0.0327447174486,0.0325474601146,0.0325474601146,0.0331392321167,0.0329419747826,0.0331392321167,0.0337310041187,0.0335337467847,0.0337310041187,0.0345200334548,0.0339282614528,0.0339282614528,0.0341255187868,0.0345200334548,0.035506320125,0.0351118054569,0.0351118054569,0.0349145481229,0.035506320125,0.0362953494611,0.0360980921271,0.0364926067951,0.0364926067951,0.035309062791,0.035900834793,0.0366898641291,0.035703577459,0.0360980921271,0.0374788934653,0.0382679228014,0.0380706654673,0.0382679228014,0.0392542094715,0.0388596948035,0.0384651801354,0.0394514668055,0.0400432388076,0.0410295254778,0.0414240401458,0.0410295254778,0.0414240401458,0.0408322681437,0.0400432388076,0.0406350108097,0.0404377534757,0.0408322681437,0.0412267828118,0.042410326816,0.0437911281541,0.0431993561521,0.042804841484,0.0437911281541,0.0443829001562,0.0451719294923,0.0443829001562,0.0439883854882,0.0435938708201,0.0439883854882,0.0445801574903,0.0453691868264,0.0447774148243,0.0449746721583,0.0447774148243,0.0451719294923,0.0443829001562,0.0441856428222,0.0447774148243,0.0443829001562,0.0457637014944,0.0463554734965,0.0475390175007,0.0469472454986,0.0469472454986,0.0463554734965,0.0461582161625,0.0467499881646,0.0473417601666,0.0467499881646,0.0467499881646,0.0465527308305,0.0465527308305,0.0455664441604,0.0459609588284,0.0447774148243,0.0435938708201,0.0441856428222,0.0439883854882,0.0435938708201,0.0433966134861,0.043002098818,0.043002098818,0.0433966134861,0.0433966134861,0.0431993561521,0.042804841484,0.043002098818,0.0445801574903,0.0441856428222,0.0449746721583,0.0443829001562,0.0451719294923,0.0445801574903,0.0437911281541,0.0443829001562,0.04260758415,0.042410326816,0.04260758415,0.0420158121479,0.0420158121479,0.0422130694819,0.0416212974798,0.0412267828118,0.0402404961416,0.0410295254778,0.0420158121479,0.042804841484,0.042410326816,0.043002098818,0.0420158121479,0.0418185548139,0.042804841484,0.04260758415,0.043002098818,0.0422130694819,0.04260758415,0.04260758415,0.042410326816,0.0416212974798,0.0412267828118,0.0420158121479,0.0418185548139,0.0408322681437,0.0394514668055,0.0400432388076,0.0396487241396,0.0404377534757,0.0398459814736,0.0400432388076,0.0406350108097,0.0406350108097,0.0412267828118,0.0414240401458,0.0410295254778,0.0412267828118,0.0414240401458,0.0416212974798,0.0420158121479,0.04260758415,0.0435938708201,0.0433966134861,0.043002098818,0.0418185548139,0.043002098818,0.04260758415,0.0437911281541,0.0447774148243,0.0435938708201,0.0433966134861,0.043002098818,0.0439883854882,0.0433966134861,0.0433966134861,0.0441856428222,0.0439883854882,0.0459609588284,0.0441856428222,0.0459609588284,0.0467499881646,0.0471445028326,0.0463554734965,0.0465527308305,0.0469472454986,0.0471445028326,0.0481307895028,0.0481307895028,0.0479335321687,0.0475390175007,0.0479335321687,0.0479335321687,0.0485253041708,0.0481307895028,0.0487225615048,0.0489198188389,0.0481307895028,0.0473417601666,0.0483280468368,0.0481307895028,0.0506951348451,0.0514841641812,0.0518786788493,0.0524704508514,0.0520759361833,0.0540485095236,0.0548375388597,0.0556265681958,0.0558238255298,0.0562183401979,0.0564155975319,0.0560210828639,0.0568101122,0.0568101122,0.0574018842021,0.0564155975319,0.0562183401979,0.0566128548659,0.057204626868,0.0577963988701,0.057007369534,0.0574018842021,0.0577963988701,0.0581909135382,0.0581909135382,0.0585854282062,0.0593744575423,0.0595717148764,0.0589799428743,0.0591772002083,0.0585854282062,0.0599662295444,0.0611497735486,0.0627278322208,0.0625305748868,0.0623333175527,0.0603607442125,0.0595717148764,0.0595717148764,0.0591772002083,0.0591772002083,0.0581909135382,0.0579936562041,0.0585854282062,0.0587826855402,0.0595717148764,0.0607552588805,0.0605580015465,0.0605580015465,0.0609525162146,0.0615442882166,0.0613470308826,0.0623333175527,0.0625305748868,0.064305890893,0.0637141188909,0.0648976628951,0.0645031482271,0.0647004055611,0.0637141188909,0.0650949202291,0.0648976628951,0.0660812068993,0.0658839495652,0.0674620082375,0.0686455522416,0.0706181255819,0.0694345815777,0.0690400669097,0.0688428095757,0.0704208682479,0.0725906989222,0.0731824709243,0.0725906989222,0.0747605295965,0.0755495589326,0.0767331029368,0.0779166469409,0.0777193896069,0.0765358456027,0.0769303602708,0.0775221322729,0.0779166469409,0.0789029336111,0.0806782496173,0.0808755069513,0.0816645362875,0.0816645362875,0.0810727642854,0.0812700216194,0.0818617936215,0.0828480802916,0.0832425949597,0.0840316242958,0.0836371096277,0.0846233962979,0.0828480802916,0.0830453376257,0.0822563082895,0.0836371096277,0.0836371096277,0.0830453376257,0.0838343669618,0.0844261389638,0.0844261389638,0.085609682968,0.0850179109659,0.0844261389638,0.085412425634,0.0875822563083,0.0865959696382,0.0865959696382,0.0865959696382,0.0865959696382,0.0885685429784,0.0899493443166,0.0903438589847,0.0911328883208,0.0909356309868,0.0917246603229,0.092908204327,0.092710946993,0.0921191749909,0.0934999763291,0.0954725496694,0.0962615790055,0.0968533510076,0.0968533510076,0.0964588363395,0.0966560936736,0.0974451230097,0.0968533510076,0.0990231816819,0.0988259243479,0.099614953684,0.0990231816819,0.0992204390159,0.100601240354,0.09941769635,0.100798497688,0.103165585696,0.102771071028,0.103954615033,0.103757357699,0.103757357699,0.103757357699,0.104349129701,0.105729931039,0.107505247045,0.109280563051,0.108886048383,0.109675077719,0.110858621724,0.11263393773,0.113225709732,0.113422967066,0.11164765106,0.111844908394,0.112042165728,0.112042165728,0.109675077719,0.110069592387,0.109280563051,0.111450393726,0.11263393773,0.112436680396,0.112239423062,0.1136202244,0.1136202244,0.115790055074,0.116973599078,0.118748915085,0.119537944421,0.119932459089,0.121116003093,0.121707775095,0.120524231091,0.121116003093,0.119537944421,0.121707775095,0.123088576433,0.122299547097,0.122299547097,0.122694061765,0.122102289763,0.122299547097,0.121510517761,0.122102289763,0.122299547097,0.121313260427,0.122102289763,0.121905032429,0.123285833767,0.125258407108,0.12782275245,0.128611781786,0.131965156465,0.133740472471,0.133740472471,0.131965156465,0.131570641796,0.132951443135,0.136699332481,0.136304817813,0.138277391153,0.138277391153,0.136896589815,0.136699332481,0.136699332481,0.138080133819,0.137882876485,0.138671905821,0.139658192492,0.140447221828,0.1420252805,0.140447221828,0.141236251164,0.142222537834,0.142814309836,0.143208824504,0.144195111174,0.142222537834,0.143208824504,0.14301156717,0.142814309836,0.141828023166,0.141630765832,0.144195111174,0.144392368508,0.142814309836,0.142222537834,0.142222537834,0.140644479162,0.14005270716,0.14005270716,0.142222537834,0.143406081838,0.14498414051,0.143800596506,0.145181397844,0.14498414051,0.146759456517,0.148929287191,0.150507345863,0.151690889867,0.151296375199,0.15326894854,0.15425523521,0.15721409522,0.158397639224,0.158989411226,0.160961984567,0.161751013903,0.164907131247,0.165301645915,0.164907131247,0.166090675251,0.167865991258,0.171811137938,0.174572740614,0.177926115293,0.177926115293,0.179306916631,0.180293203301,0.182463033976,0.18561915132,0.18660543799,0.186999952658,0.188183496662,0.189367040667,0.192325900677,0.194298474017,0.196271047358,0.19686281936,0.197454591362,0.1988353927,0.200216194038,0.199229907368,0.201202480708,0.201596995376,0.202386024712,0.202583282046,