# R script for Peak Model
#  -- generated by MACS
p <- c(0.0374749302696,0.0385516451547,0.0396283600398,0.0407050749249,0.0417292671327,0.0429110273725,0.0440140035962,0.045195763836,0.0461411720278,0.0473491936062,0.0485046925073,0.0493450553445,0.0503692475522,0.0516823144853,0.0527852907091,0.0535731308689,0.0548336751247,0.0559891740258,0.0571971956042,0.0582739104893,0.0592193186811,0.0601384655342,0.0611889190807,0.0624232019978,0.0631585194803,0.0644453250747,0.0653907332665,0.0665987548449,0.067596685714,0.0686996619378,0.0695400247749,0.0705379556441,0.0716409318678,0.072560078721,0.0736105322674,0.0736893162834,0.0736367936061,0.0737681002994,0.0740044523474,0.0744771564433,0.0745034177819,0.0746609858139,0.0748448151845,0.0743195884113,0.0744508951046,0.0747135084912,0.0744508951046,0.0742145430566,0.0740832363633,0.07395192967,0.0739781910087,0.074267065734,0.0746084631366,0.0746609858139,0.074267065734,0.074267065734,0.0740569750247,0.0738468843154,0.0740044523474,0.0740832363633,0.0740044523474,0.0739781910087,0.0740832363633,0.074188281718,0.0745559404592,0.0743983724273,0.0746084631366,0.0745822017979,0.0744508951046,0.074188281718,0.0741620203793,0.0739781910087,0.0739781910087,0.0741620203793,0.0741357590407,0.0739781910087,0.0738994069927,0.0739256683314,0.0738994069927,0.0736367936061,0.0737155776221,0.0738206229767,0.0739256683314,0.0736367936061,0.0736893162834,0.0735842709288,0.0733216575422,0.0730590441556,0.0727701694303,0.072481294705,0.0725863400597,0.0729802601396,0.0731640895102,0.0730065214782,0.0734004415581,0.0731115668329,0.0731640895102,0.0730065214782,0.0730853054942,0.0727964307689,0.0731115668329,0.0731903508489,0.0735317482515,0.0737943616381,0.0738206229767,0.0734004415581,0.0733216575422,0.0733479188808,0.0732428735262,0.0732166121875,0.0730327828169,0.0730590441556,0.0728226921076,0.0734529642355,0.0734004415581,0.0733479188808,0.0735317482515,0.0736367936061,0.0734529642355,0.0735317482515,0.0737681002994,0.0736893162834,0.0738468843154,0.0739781910087,0.0743721110886,0.0746084631366,0.0750811672325,0.0754750873124,0.0753700419577,0.0751599512485,0.0751074285711,0.0751336899098,0.0752912579418,0.0752649966031,0.0749761218778,0.0752124739258,0.0750023832165,0.0750023832165,0.0752912579418,0.0753175192804,0.0753175192804,0.0756063940057,0.0757639620377,0.075580132667,0.0754225646351,0.0754488259737,0.0755276099897,0.0756851780217,0.075895268731,0.0758427460536,0.075580132667,0.0759477914083,0.0760265754243,0.0763942341655,0.0765780635362,0.0767093702295,0.0767881542454,0.0770507676321,0.077208335664,0.0774709490506,0.077523471728,0.0771820743254,0.0768669382614,0.0769457222774,0.077208335664,0.07728711968,0.077365903696,0.0773921650347,0.07728711968,0.0776810397599,0.0778386077919,0.0777335624373,0.0774709490506,0.0773921650347,0.0774972103893,0.0777860851146,0.0780224371625,0.0778911304692,0.0782325278718,0.0780224371625,0.0780749598398,0.0779173918079,0.0779961758239,0.0778648691306,0.0779961758239,0.0778123464532,0.0777598237759,0.0777860851146,0.0780749598398,0.0780224371625,0.0779173918079,0.0776285170826,0.0772345970027,0.0774184263733,0.0774184263733,0.0774184263733,0.0771820743254,0.0767093702295,0.0766305862135,0.0766568475521,0.0768406769228,0.0768406769228,0.0765780635362,0.0762891888109,0.0762629274722,0.0757639620377,0.075816484715,0.0757114393603,0.0752649966031,0.0753963032964,0.0750549058938,0.0750811672325,0.0747135084912,0.0745559404592,0.0747135084912,0.0746872471525,0.0746084631366,0.0744508951046,0.0745296791206,0.0747397698299,0.0750811672325,0.0748973378618,0.0748973378618,0.0746872471525,0.0745559404592,0.0750811672325,0.0753437806191,0.0753437806191,0.0752387352644,0.075501348651,0.0753700419577,0.0757639620377,0.0760528367629,0.0763417114882,0.0761841434562,0.0762629274722,0.0761053594403,0.0762629274722,0.0763417114882,0.0762104047949,0.0760265754243,0.0762891888109,0.0761053594403,0.0763154501495,0.0767356315681,0.0769982449547,0.0773921650347,0.077365903696,0.0773921650347,0.0775497330666,0.0776810397599,0.0778911304692,0.0783375732265,0.0784163572424,0.0784163572424,0.0787052319677,0.0786789706291,0.0786264479517,0.0785739252744,0.078757754645,0.0787052319677,0.0790203680317,0.0792567200796,0.0794668107889,0.0795981174822,0.0796506401595,0.0797556855142,0.0800182989008,0.080464741658,0.0804910029967,0.0804122189807,0.0804910029967,0.08062230969,0.0810162297699,0.0811212751246,0.0818565926071,0.0816465018978,0.0818828539457,0.0819878993004,0.0821192059937,0.0828807848149,0.0833272275721,0.0838261930067,0.0844564651345,0.0847716011985,0.0847716011985,0.0850342145851,0.0849554305691,0.0847978625371,0.0847190785211,0.0848766465531,0.0850867372624,0.0849291692304,0.0848241238758,0.0849291692304,0.0849554305691,0.0850342145851,0.085191782617,0.0856644867129,0.0855331800196,0.0857695320676,0.085428134665,0.0854806573423,0.0854018733263,0.0854806573423,0.0854806573423,0.0859008387609,0.0862684975022,0.0870300763233,0.0874765190806,0.0877128711285,0.0877391324672,0.0877391324672,0.0874239964032,0.087135121678,0.0872401670326,0.086977553646,0.0873189510486,0.0872926897099,0.087135121678,0.0875027804192,0.0874239964032,0.0875815644352,0.0878704391605,0.0881855752244,0.0881067912084,0.0883694045951,0.0887895860136,0.088605756643,0.088842108691,0.0889208927069,0.0892360287709,0.0890259380616,0.0888158473523,0.0888158473523,0.0892885514482,0.0895249034961,0.0900238689307,0.0901814369627,0.090470311688,0.0906541410586,0.0909692771225,0.0911005838158,0.0912844131864,0.0916520719277,0.0916783332664,0.0924924347649,0.0927025254742,0.0930964455541,0.0933590589407,0.0931489682314,0.0930964455541,0.0930964455541,0.0927550481515,0.0929388775221,0.0929914001994,0.0932802749247,0.0936741950046,0.0940418537459,0.0941994217778,0.0938055016979,0.0939630697299,0.0940418537459,0.0943307284712,0.0943832511485,0.0946196031964,0.0947771712284,0.094882216583,0.094961000599,0.0950923072923,0.0953811820176,0.0959589314681,0.0961952835161,0.0958538861135,0.0958801474522,0.0960902381615,0.0963791128867,0.0962215448548,0.0960114541455,0.0956963180815,0.0958013634362,0.0960377154841,0.0964578969027,0.0969306009986,0.0969306009986,0.0970881690306,0.0969831236759,0.096825555644,0.0966942489507,0.0969568623373,0.0965366809187,0.0967730329666,0.0964841582414,0.0963003288707,0.0959589314681,0.0958801474522,0.0960639768228,0.0959589314681,0.0961164995001,0.0962215448548,0.0966154649347,0.0965366809187,0.0968780783213,0.0967992943053,0.096667987612,0.0964053742254,0.0961690221774,0.0957225794202,0.0957225794202,0.0960377154841,0.0963265902094,0.0960114541455,0.0960639768228,0.0960377154841,0.0958801474522,0.0957488407589,0.0956963180815,0.0958013634362,0.0957488407589,0.0958013634362,0.0955124887109,0.0953286593403,0.095118568631,0.0953811820176,0.0951710913083,0.0953023980016,0.0949084779217,0.0948034325671,0.0944882965031,0.0945933418578,0.0947771712284,0.0945145578418,0.0949084779217,0.0945933418578,0.0947771712284,0.0946196031964,0.0941994217778,0.0941731604392,0.0943307284712,0.0943044671325,0.0942782057938,0.0939630697299,0.0944620351645,0.095118568631,0.0955124887109,0.0953549206789,0.0949872619377,0.0946983872124,0.0945933418578,0.0948296939057,0.094882216583,0.0950135232763,0.094882216583,0.0948034325671,0.0945670805191,0.0943569898098,0.0946196031964,0.0950923072923,0.0953023980016,0.0953811820176,0.0958801474522,0.0956437954042,0.0958276247748,0.0961427608388,0.0963791128867,0.0969831236759,0.0968518169826,0.0965629422574,0.0969306009986,0.0966942489507,0.09690433966,0.0966942489507,0.0964578969027,0.096746771628,0.09690433966,0.0967992943053,0.0970619076919,0.0974820891105,0.0973507824172,0.0969831236759,0.0971406917079,0.0972719984012,0.0974295664332,0.0977184411585,0.0979022705291,0.0979285318677,0.098059838561,0.0980335772224,0.0983487132863,0.0986113266729,0.0988476787209,0.0991628147848,0.0994516895101,0.0992153374621,0.0993203828168,0.0998193482513,0.100607188411,0.100974847152,0.102025300699,