# R script for Peak Model
#  -- generated by MACS
p <- c(0.0134836397589,0.0139092943745,0.0142113718436,0.0145134493128,0.0148155267819,0.0151862582213,0.0154059509261,0.0157217591893,0.0161886061871,0.016682914773,0.0170948385945,0.0173969160637,0.0177264551209,0.0180697249722,0.0184953795878,0.0188523802331,0.0191407269082,0.0193741504071,0.0196624970822,0.0200057669335,0.0204863447253,0.0208570761647,0.0212689999863,0.0215848082495,0.0218731549245,0.0223537327164,0.0227244641558,0.0231638495654,0.0236169657691,0.0240151587966,0.024385890236,0.0247154292933,0.0252097378791,0.0256216617007,0.0260335855223,0.0261571626687,0.0261571626687,0.0260885086985,0.0262670090211,0.0261983550509,0.026225816639,0.0261983550509,0.0262532782271,0.0263631245795,0.0262807398152,0.026225816639,0.0261159702866,0.0263631245795,0.0264455093438,0.0264317785498,0.0265141633141,0.0266514712546,0.0267338560189,0.0268025099892,0.0268437023713,0.0268848947535,0.0268574331654,0.0267887791951,0.0267475868129,0.0268162407832,0.0268848947535,0.0268299715773,0.0269535487237,0.0269672795178,0.0269672795178,0.027022202694,0.0269672795178,0.0270084718999,0.0270908566642,0.0273105493691,0.0273242801631,0.0273380109572,0.0273654725453,0.027296818575,0.0273105493691,0.0272693569869,0.0275027804858,0.0275027804858,0.0273654725453,0.0273242801631,0.027296818575,0.0272556261929,0.0272144338107,0.0273242801631,0.0272693569869,0.027296818575,0.0274066649274,0.0276126268382,0.0277911271609,0.0278735119252,0.0277636655728,0.0277499347787,0.0277224731906,0.0278460503371,0.0278872427192,0.0277911271609,0.027832319543,0.0278048579549,0.0278735119252,0.0278048579549,0.0277911271609,0.0277911271609,0.0275851652501,0.0275165112798,0.0274478573096,0.0274478573096,0.0274341265155,0.0274341265155,0.027283087781,0.0273929341334,0.0273929341334,0.0271869722226,0.0270633950761,0.0270084718999,0.0270084718999,0.027022202694,0.0268986255475,0.0266789328427,0.0265416249022,0.0264592401379,0.0262670090211,0.026239547433,0.0260335855223,0.0260061239341,0.0260335855223,0.0258001620234,0.0257864312293,0.0257315080531,0.0258276236115,0.0259923931401,0.0260747779044,0.0262120858449,0.026239547433,0.0263493937854,0.0264592401379,0.0263905861676,0.0265141633141,0.0264455093438,0.0262670090211,0.0260061239341,0.0259923931401,0.0260473163163,0.0261708934628,0.0262670090211,0.0261983550509,0.0262120858449,0.026239547433,0.0263082014033,0.0263493937854,0.0263219321973,0.0264317785498,0.0264317785498,0.0266514712546,0.0266789328427,0.026775048401,0.0266514712546,0.026761317607,0.0266240096665,0.0265278941081,0.0265690864903,0.0265965480784,0.0266652020486,0.0267201252248,0.0267063944308,0.0268574331654,0.0268711639594,0.0268848947535,0.0269398179297,0.0268711639594,0.0269810103118,0.027035933488,0.0272007030167,0.0273517417512,0.0274615881036,0.027543972868,0.027543972868,0.0275027804858,0.0275988960442,0.0276263576323,0.0277362039847,0.0278735119252,0.0280245506598,0.0281343970122,0.0282442433646,0.0282991665408,0.0285875132159,0.028889590685,0.0290131678315,0.029150475772,0.0291092833899,0.029411360859,0.0294525532412,0.0296447843579,0.0298644770627,0.0299056694449,0.0301390929437,0.0301528237378,0.0303450548545,0.0303999780307,0.03019401612,0.0303175932664,0.0303587856486,0.030468632001,0.0305098243831,0.0305647475594,0.0307569786761,0.0308119018523,0.0310865177333,0.0311963640857,0.0313748644084,0.0316769418775,0.0318279806121,0.0318691729943,0.0321575196694,0.0323634815801,0.0326243666671,0.0326792898433,0.0327204822255,0.0329264441363,0.0329813673125,0.0329401749303,0.0333109063697,0.033393291134,0.0334482143102,0.0335992530448,0.0340523692485,0.0342034079831,0.0345054854522,0.0346977165689,0.0348487553035,0.0351233711846,0.0351920251548,0.0354117178596,0.0356451413585,0.0357549877109,0.0359884112098,0.0361669115325,0.0364827197957,0.0367847972648,0.0368946436172,0.0371692594983,0.0375262601436,0.0377047604663,0.0379381839652,0.0382265306403,0.0385011465213,0.0389130703429,0.0391602246358,0.0395446868692,0.0396957256038,0.0398055719562,0.0400527262492,0.0403410729242,0.0406431503934,0.0408491123042,0.0408903046863,0.041082535803,0.0412747669198,0.0415631135949,0.0420024990045,0.0421535377391,0.0425242691785,0.0427851542655,0.0430323085584,0.0432931936454,0.043732579055,0.0441719644647,0.0444191187576,0.0448585041673,0.045311620371,0.0455999670461,0.0460256216617,0.0463551607189,0.0468769308929,0.0471240851858,0.0474124318609,0.0479067404468,0.0482500102981,0.0488267036483,0.049279819852,0.0494720509687,0.0497192052616,0.0502821678178,0.0504469373464,0.0509412459323,0.05140809293,0.0520122478683,0.0525752104244,0.0528910186876,0.0534127888616,0.0540306745939,0.0544700600036,0.0549369070013,0.0555547927337,0.0559392549671,0.0564198327589,0.0569004105507,0.0575594886652,0.0581361820154,0.0587540677477,0.0592483763336,0.0600722239767,0.0606351865328,0.0611157643247,0.0614864957641,0.0621593046726,0.0629419599335,0.063340152961,0.0637520767826,0.064383693309,0.0650702330116,0.0655645415974,0.066237350506,0.0669376210026,0.0674731219706,0.0681184692911,0.0686539702591,0.0693679715498,0.0700133188702,0.0706312046026,0.071276551923,0.0718807068613,0.0725397849758,0.0732675170605,0.0740089799393,0.0748740199646,0.0758077139601,0.0768237927199,0.0775652555987,0.0782243337132,0.0792953356493,0.0802290296448,0.0812725699927,0.0822749179585,0.0829614576611,0.0837990360983,0.0848700380343,0.0857488088536,0.0867236952313,0.087698581609,0.0886185448104,0.0894149308655,0.0905683175658,0.0913784344149,0.0923945131747,0.0933007455821,0.0941657856074,0.0948935176921,0.0957722885114,0.0968844828296,0.0980927927062,0.0990814098779,0.10007002705,0.101237144544,0.102459185215,0.103379148416,0.104202996059,0.105122959261,0.106454846284,0.10752584822,0.108583119362,0.10962665971,0.110834969586,0.112043279463,0.11338889728,0.11454228398,0.115887901797,0.11664309547,0.117851405347,0.119155830782,0.120625025745,0.121599912123,0.122574798501,0.123796839171,0.125156187782,0.126227189718,0.127504153565,0.128643809472,0.130085542847,0.131321314312,0.132543354982,0.133669280094,0.134932513147,0.136278130964,0.137747325928,0.138832058658,0.140273792033,0.141509563498,0.142855181315,0.144750030894,0.14626041824,0.147509920499,0.149157615785,0.150503233602,0.152096005712,0.15364758544,0.155144241992,0.156228974722,0.157656977303,0.159345864971,0.16052671326,0.16174875393,0.162970794601,0.164371335594,0.166417223908,0.168106111576,0.169451729394,0.171154347856,0.172417580909,0.174092737783,0.175616855923,0.177278282003,0.178871054113,0.180628595752,0.182495983743,0.18434964094,0.18594241305,0.188070686128,0.189855689355,0.191393538288,0.193013771986,0.194949813948,0.196638701616,0.198382512461,0.200043938541,0.201842672562,0.203407983084,0.205508794574,0.207280067006,0.209353416908,0.211440497604,0.213376539565,0.214955580881,0.216534622197,0.218045009543,0.219733897211,0.221203092175,0.223248980489,0.224896675775,0.226489447885,0.227986104436,0.229853492427,0.232050419476,0.234041384613,0.235840118634,0.237721237419,0.239108047618,0.24111274355,0.242870285189,0.244847519532,0.2465364072,0.248486179956,0.250271183183,0.251630531794,0.253072265169,0.254417882986,0.256010655096,0.257383734501,0.258605775172,0.259772892666,0.261228356836,0.262738744182,0.264180477557,0.265402518228,0.267009021132,0.268107484656,0.26920594818,0.270826181878,0.272432684782,0.273819494981,0.275563305826,0.276785346497,0.278735119252,0.280369083744,0.281412624092,0.282497356822,0.283362396847,0.284241167667,0.285476939131,0.28679509536,0.287866097296,0.288840983674,0.289802139258,0.290777025635,0.291751912013,0.292699336803,0.29367422318,0.294964917821,0.296173227698,0.297161844869,0.298136731247,0.2993999643,0.300594543382,0.302255969463,0.303436817751,0.304727512392,0.30621043815,0.307569786761,0.309162558871,0.310288483983,0.311675294182,0.312979719617,0.314778453638,0.316728226393,0.31858188359,0.320435540787,0.322261736396,0.324252701534,0.325680704115,0.327287207019,