# R script for Peak Model
#  -- generated by MACS
p <- c(0.0145499892534,0.0149073574105,0.0153668307554,0.015639111256,0.0159964794131,0.0162687599138,0.0167282332586,0.0171196364783,0.0175620922919,0.0180215656367,0.0183108636686,0.0186512142945,0.0189575298577,0.0193659506087,0.0198594590161,0.0202678797671,0.0206252479242,0.0209145459561,0.0214761244887,0.021901562771,0.0223610361158,0.0226843692103,0.023194895149,0.0235352457748,0.0238755964007,0.0243010346829,0.02465840284,0.0251178761849,0.0256284021236,0.0259517352181,0.0263091033752,0.0267515591888,0.0270919098146,0.0274833130343,0.0278747162539,0.0282150668797,0.028232084411,0.0284362947865,0.0284873473804,0.0282661194736,0.0283001545362,0.0283852421927,0.0282491019423,0.0281980493485,0.0280789266294,0.0282150668797,0.0280789266294,0.028232084411,0.0283171720675,0.0281299792233,0.0280278740356,0.0277896285975,0.0275173480968,0.0275513831594,0.0275173480968,0.0275343656281,0.027466295503,0.027585418222,0.0276875234097,0.0276875234097,0.027585418222,0.0276024357533,0.0276364708159,0.0276875234097,0.0275343656281,0.027585418222,0.0275513831594,0.027466295503,0.0273982253778,0.027585418222,0.0277215584723,0.0278576987226,0.0279257688478,0.0278917337852,0.0278576987226,0.0278576987226,0.0280278740356,0.0281980493485,0.0280448915668,0.0281810318172,0.0281980493485,0.0281299792233,0.0280448915668,0.0280789266294,0.0281980493485,0.0281980493485,0.0280108565043,0.0279087513165,0.0279598039104,0.028112961692,0.0279768214417,0.0278236636601,0.0276534883472,0.0277896285975,0.027585418222,0.0276364708159,0.0276364708159,0.0276194532846,0.0276705058785,0.0276364708159,0.0275343656281,0.0276364708159,0.0276705058785,0.0276024357533,0.0276194532846,0.0276534883472,0.0277215584723,0.0277215584723,0.0273812078465,0.0270919098146,0.0270408572207,0.0270748922833,0.0271259448772,0.0271429624084,0.0272961201901,0.0273641903152,0.0273812078465,0.0273812078465,0.0273471727839,0.0272961201901,0.0273812078465,0.0274322604404,0.0274492779717,0.0274492779717,0.0274833130343,0.0274492779717,0.0274152429091,0.0274152429091,0.0276194532846,0.0275343656281,0.0275003305655,0.0274833130343,0.027585418222,0.0276364708159,0.0276534883472,0.027585418222,0.0276364708159,0.0276194532846,0.0275003305655,0.0274833130343,0.0276364708159,0.027585418222,0.0275684006907,0.0275173480968,0.027466295503,0.0274152429091,0.0274152429091,0.0276194532846,0.0275513831594,0.0276364708159,0.027704540941,0.0274492779717,0.0273812078465,0.0273641903152,0.0275513831594,0.0273812078465,0.0275173480968,0.0274833130343,0.0276194532846,0.0279087513165,0.0279257688478,0.0277555935349,0.0276705058785,0.0279598039104,0.0280448915668,0.0279768214417,0.0280959441607,0.0281299792233,0.0281640142859,0.0282150668797,0.0283512071301,0.0284533123178,0.028521382443,0.0284533123178,0.0285724350369,0.0286064700994,0.0286234876307,0.0286915577559,0.0286234876307,0.0287255928185,0.0290319083817,0.0292701538198,0.0293552414762,0.0295424343204,0.0297126096333,0.0299338375401,0.0299508550714,0.029984890134,0.0302571706346,0.0303422582911,0.0304954160727,0.0305975212604,0.0305464686666,0.0307676965733,0.0308527842298,0.0310740121366,0.0313803276998,0.031567520544,0.0319589237637,0.032095064014,0.0320610289514,0.0324694497024,0.0324864672337,0.0325885724214,0.0325545373588,0.0326055899527,0.0326906776092,0.0328608529221,0.0329969931724,0.0332352386105,0.0333713788608,0.0335245366424,0.0335415541737,0.0337287470179,0.0339499749247,0.0340350625811,0.0341371677689,0.034494535926,0.0345115534573,0.0346306761763,0.0346476937076,0.0347497988953,0.035022079396,0.0354475176782,0.0354985702721,0.0356176929911,0.0359069910231,0.0363324293053,0.0363154117741,0.0365196221495,0.0366727799312,0.0365026046183,0.0366727799312,0.0369450604318,0.0372173409325,0.0372003234012,0.0375066389644,0.0376087441521,0.0378810246528,0.0381362876221,0.0385447083731,0.0386978661547,0.0387829538112,0.0389871641867,0.0391573394996,0.0395827777818,0.0398890933451,0.0402294439709,0.0406378647219,0.0409271627538,0.0411654081919,0.0415908464741,0.0418631269748,0.0421864600693,0.0424587405699,0.0427820736645,0.0427820736645,0.0429522489774,0.0433606697283,0.043632950229,0.0440924235738,0.0444668092622,0.0447561072942,0.04509645792,0.0455559312648,0.0459132994219,0.0464238253606,0.0469513688307,0.0472576843939,0.047615052551,0.0477001402074,0.0481255784897,0.0484659291155,0.0485169817094,0.0491125953046,0.0495210160555,0.0500996121194,0.050661190652,0.0511376815281,0.0514610146227,0.0520736457491,0.0526011892191,0.0531117151578,0.0535541709714,0.0540136443162,0.0541838196291,0.054524170255,0.0549666260685,0.0555452221324,0.0559196078208,0.0564982038847,0.0569917122921,0.0575022382308,0.0578255713253,0.0583701323266,0.058744518015,0.0595953945795,0.0601739906434,0.0606674990508,0.061143989927,0.0616204808031,0.0622160943983,0.0627096028057,0.0633562689948,0.0638157423396,0.0645134611225,0.0654494253435,0.0657217058441,0.0662662668454,0.0670320557535,0.0675936342861,0.0679510024432,0.0685125809758,0.0692953874152,0.0698229308852,0.0704355620116,0.0712013509197,0.0716778417958,0.072273455391,0.0729371391113,0.0735667877691,0.0742304714894,0.0749622253349,0.0754727512736,0.0759492421498,0.0764938031511,0.0772085394653,0.077599942685,0.0786039770311,0.0791485380324,0.0797952042214,0.0809694138805,0.0813608171002,0.0820585358831,0.0827732721973,0.0835730961679,0.0841857272944,0.084866428546,0.0855301122664,0.0862448485806,0.0870106374886,0.0877764263967,0.0887464256803,0.0894441444632,0.0902609859651,0.0910097573419,0.0917585287187,0.0928136156587,0.0932901065349,0.0941580006307,0.0950939648517,0.0960469466039,0.0969488757623,0.0977657172643,0.0987357165478,0.0995185229872,0.100437469677,0.101645714399,0.102785888995,0.103926063591,0.10521939597,0.106308517972,0.107159394537,0.108214481477,0.10904834051,0.110511848201,0.111328689703,0.112809214925,0.113319740864,0.114527985585,0.115327809556,0.116655176997,0.117931491844,0.119003596315,0.120228858568,0.121505173415,0.122645348011,0.124074820639,0.124942714735,0.126389204895,0.127750607398,0.129009904714,0.130201131904,0.131409376626,0.132311305784,0.133468497912,0.13515323351,0.136514636013,0.13792709111,0.139475686457,0.140973229211,0.142521824558,0.1441214725,0.145670067847,0.146708137256,0.148018487165,0.149158661762,0.151081642798,0.152409010238,0.154093745836,0.155284973026,0.15691865603,0.158177953346,0.15942023313,0.160407249945,0.161785669979,0.163453388046,0.164593562642,0.166040052802,0.167571630618,0.169137243497,0.170566716125,0.17208127641,0.173323556194,0.174838116479,0.176590922202,0.178071447424,0.179705130428,0.180981445275,0.182410917904,0.184095653501,0.18579740663,0.187448107166,0.189643368702,0.190970736143,0.192315121115,0.194016874244,0.195888802686,0.197471433096,0.198696695349,0.19976879982,0.201045114667,0.202117219138,0.203750902142,0.205384585146,0.2071544084,0.208651951154,0.209911248469,0.211561949004,0.212855281382,0.214744227356,0.216139664921,0.217790365457,0.219168785491,0.22087053862,0.222640361874,0.22403579944,0.225295096756,0.226826674572,0.227711586199,0.229004918577,0.230774741831,0.232068074209,0.233871932526,0.235080177248,0.236526667407,0.237990175098,0.239249472414,0.240525787261,0.241648944326,0.242993329298,0.244252626613,0.24525666096,0.246175607649,0.247281747183,0.248455956842,0.250174727503,0.251825428038,0.253782444136,0.25488858367,0.256301038767,0.257032792613,0.258462265241,0.259704545025,0.261423315686,0.262155069531,0.263873840191,0.264962962194,0.266001031603,0.267328399043,0.268417521046,0.269761906018,0.270868045552,0.272365588305,0.273522780433,0.275037340718,0.276483830878,0.27782821585,0.279887337136,0.28126575717,0.283205755738,0.284499088116,0.286336981495,0.287783471655,0.289366102065,0.290693469505,0.293041888823,0.295441360735,0.297653639803,0.299729778621,0.302214338189,0.305294511353,0.30828959686,0.310893279147,0.314126610092,0.316849415099,0.319963623325,0.322584323144,0.325868706683,