# R script for Peak Model
#  -- generated by MACS
p <- c(0.00550869740602,0.00561429543936,0.00570229380048,0.00577269248938,0.00584309117827,0.00589589019494,0.0060894865894,0.0061598852783,0.00626548331164,0.00640628068943,0.00659987708389,0.00681107315057,0.00696947020059,0.0071278672506,0.00725106495617,0.0074270616784,0.00755025938397,0.00762065807286,0.00776145545065,0.00791985250067,0.00802545053401,0.00821904692847,0.00834224463404,0.0084654423396,0.00869423807851,0.00901103217854,0.0091342298841,0.00939822496746,0.00952142267302,0.00964462037859,0.00982061710083,0.00997901415084,0.0101726105453,0.0101726105453,0.0101726105453,0.0102606089064,0.0103134079231,0.010383806612,0.0104894046453,0.0105246039898,0.0104366056287,0.0104366056287,0.0104542053009,0.0104190059564,0.0102958082509,0.0103134079231,0.0102782085786,0.0102430092342,0.0101550108731,0.0102606089064,0.0102430092342,0.0102078098897,0.010225409562,0.0101726105453,0.010225409562,0.0103310075953,0.0103486072675,0.0102958082509,0.0103310075953,0.0103486072675,0.0104894046453,0.0105070043176,0.0103662069398,0.010383806612,0.0104014062842,0.0104190059564,0.0104366056287,0.010542203662,0.0105950026787,0.0105950026787,0.0106654013676,0.0108061987454,0.0108765974342,0.0108765974342,0.0108765974342,0.0108413980898,0.0107885990731,0.010858997762,0.0108413980898,0.0107885990731,0.0108413980898,0.010858997762,0.0108413980898,0.0109117967787,0.0109997951398,0.0109469961231,0.0109997951398,0.0109293964509,0.011017394812,0.0109997951398,0.0108941971065,0.0107358000565,0.0108237984176,0.0106302020231,0.0106654013676,0.010700600712,0.0106654013676,0.0106302020231,0.0105070043176,0.0104894046453,0.0104894046453,0.0103662069398,0.0103310075953,0.0101550108731,0.0100494128397,0.0100142134953,0.00992621513417,0.00983821677305,0.00983821677305,0.00985581644527,0.00996141447862,0.00994381480639,0.00996141447862,0.010067012512,0.010067012512,0.00999661382306,0.0100494128397,0.0100318131675,0.0100318131675,0.010067012512,0.0100318131675,0.00996141447862,0.0101022118564,0.0101198115286,0.010067012512,0.0101726105453,0.0102078098897,0.010225409562,0.0104190059564,0.0104542053009,0.0105070043176,0.0105774030064,0.0105246039898,0.0104718049731,0.0106302020231,0.0106830010398,0.010700600712,0.0106830010398,0.010542203662,0.0105774030064,0.0106830010398,0.0107358000565,0.0107358000565,0.0106830010398,0.0106830010398,0.0107182003842,0.0108413980898,0.0107709994009,0.0108237984176,0.0108061987454,0.0107533997287,0.0107709994009,0.0108061987454,0.0107709994009,0.010700600712,0.0107182003842,0.0107885990731,0.010700600712,0.0106302020231,0.0107885990731,0.0107885990731,0.0108237984176,0.010858997762,0.0108061987454,0.0109293964509,0.0110525941565,0.0111229928454,0.0111933915343,0.0110877935009,0.0111405925176,0.0111581921898,0.0110877935009,0.0111933915343,0.0112285908787,0.0112813898954,0.0112461905509,0.0111581921898,0.0110877935009,0.0110701938287,0.0109645957954,0.0108941971065,0.0108765974342,0.0108237984176,0.0108237984176,0.010858997762,0.0108237984176,0.0107533997287,0.0107709994009,0.010700600712,0.0108237984176,0.0108941971065,0.0108413980898,0.0107709994009,0.0108413980898,0.0107533997287,0.010858997762,0.010858997762,0.0108765974342,0.0109821954676,0.0110701938287,0.0109821954676,0.0110349944843,0.0111757918621,0.0111581921898,0.0112461905509,0.0112637902232,0.0112109912065,0.0112813898954,0.0113341889121,0.0113693882565,0.0114749862899,0.0115453849788,0.0115277853065,0.0116333833399,0.0117389813732,0.0118093800621,0.0117917803899,0.011879778751,0.0118973784232,0.012038175801,0.0120557754732,0.0122141725233,0.0122669715399,0.0125309666233,0.0125485662955,0.0125133669511,0.0126189649844,0.0126189649844,0.0129181594122,0.0131117558067,0.0131997541678,0.0132349535122,0.0131821544956,0.0131821544956,0.0132701528567,0.0132525531844,0.0134637492511,0.01353414794,0.0135693472845,0.0136397459734,0.0137629436789,0.0138685417123,0.0140445384345,0.0141325367956,0.0143261331901,0.0143789322068,0.0144493308957,0.014554928929,0.0148013243401,0.0149421217179,0.0149949207346,0.015030120079,0.0152061168013,0.0152413161457,0.015258915818,0.0153117148346,0.0153293145068,0.0154525122124,0.0155405105735,0.0155933095902,0.0157869059847,0.0159453030347,0.0159453030347,0.0160157017236,0.0160333013958,0.0161388994291,0.0162444974625,0.0163324958236,0.0162972964792,0.0163324958236,0.0164204941847,0.0167020889403,0.0167900873014,0.016913285007,0.0169308846792,0.0169484843514,0.0170540823848,0.0171420807459,0.0172124794348,0.017230079107,0.0173004777959,0.0175116738626,0.0177404696015,0.0180396640293,0.0182332604238,0.0183564581293,0.0185500545238,0.0185500545238,0.0187436509182,0.0187788502627,0.0190956443627,0.0194476378072,0.0196060348572,0.0197116328905,0.0197116328905,0.0198524302683,0.0200108273184,0.0202044237128,0.0204508191239,0.0208908109295,0.0212780037185,0.0216651965074,0.0220347896241,0.0224395820852,0.0226331784797,0.0230555706131,0.0233899643853,0.023917954552,0.024076351602,0.0243579463576,0.0246747404576,0.0248155378354,0.0251499316077,0.0253787273466,0.0256603221022,0.02611791358,0.0264875066967,0.0269802975189,0.027297091619,0.0276314853912,0.027930679819,0.0281946749024,0.0285642680191,0.0288810621191,0.0293562532691,0.0299898414692,0.0304826322915,0.0307290277026,0.0310810211471,0.0313802155749,0.031943405086,0.0319962041027,0.0324185962361,0.0329817857472,0.0334569768973,0.0340553657529,0.0346009555918,0.0350585470696,0.0357273346141,0.0362025257642,0.0366777169142,0.0373113051143,0.0377864962643,0.0384200844643,0.0390536726644,0.0395992625033,0.0401976513589,0.0408664389034,0.0415176267757,0.0419928179258,0.0425208080925,0.0433127933425,0.0439463815426,0.0447031674482,0.0453543553205,0.046023142865,0.0468151281151,0.0474135169707,0.0482583012374,0.0491030855041,0.049877471082,0.0508102537098,0.0514966409266,0.0524470232266,0.0534326048712,0.0540309937268,0.0549285770102,0.0557909609491,0.0564597484936,0.0573749314493,0.0583253137494,0.0592932957217,0.0600676812995,0.0610004639274,0.0618980472108,0.0632356222998,0.0643092023054,0.06561157805,0.0668083557612,0.0680579324891,0.069465906267,0.0708738800449,0.0721234567727,0.0729154420228,0.0741298194062,0.0758193879397,0.0770689646676,0.0784241394288,0.0799553109123,0.0816272797735,0.0829472551903,0.0840560345404,0.085675204385,0.0876639673463,0.0894063348964,0.0912894998244,0.0927326729467,0.0950734293525,0.0967981972304,0.0984525664194,0.100546927414,0.102236495947,0.103697268742,0.105281239242,0.107393199909,0.109276364837,0.111194729109,0.112620302559,0.114433068799,0.116527429793,0.118445794066,0.120645753093,0.122564117366,0.125028071477,0.1271048328,0.129216793466,0.131328754133,0.133493513817,0.135799070878,0.137981430234,0.140674180084,0.142891738784,0.14507409814,0.147573251596,0.149931607674,0.152360362441,0.15464831983,0.157217871974,0.160209816252,0.162620971347,0.165049726114,0.167812874653,0.170435225814,0.17309277632,0.175873524531,0.178372677987,0.18155821866,0.184039772443,0.187084515738,0.189918062966,0.193138802983,0.195761154144,0.198858696456,0.201639444667,0.204244196156,0.207324138795,0.210351282418,0.213184829646,0.216669564746,0.220154299846,0.223498237569,0.226366984141,0.229798920225,0.233125258275,0.236592393703,0.240006730115,0.243949056693,0.24812017901,0.251745711488,0.255036850194,0.258398387588,0.261795124328,0.265966246645,0.269116587973,0.272918117173,0.276754845718,0.280450776885,0.283917912313,0.288071434958,0.292312955964,0.295744892047,0.300092011086,0.304016737992,0.308645451787,0.312429381315,0.316160511827,0.31975084496,0.323464375799,0.326931511228,0.329835457144,0.333108996178,0.337280118495,0.341064048023,0.345006374601,0.348931101507,0.352785429724,0.356463761219,0.360494086158,0.364137218308,0.367657152753,0.37166987802,0.375858600009,0.379994522982,0.383760852838,0.387351185972,0.391751104027,0.395711030278,0.399741355217,0.403190890973,0.406816423451,0.410600352979,0.414278684474,0.417517024163,0.421248154674,