# R script for Peak Model
#  -- generated by MACS
p <- c(0.0058789087119,0.00605680076226,0.00624316386264,0.00636175856288,0.00651423746318,0.00665824531348,0.00680225316377,0.00692084786401,0.00709026886435,0.00726816091471,0.00747993716514,0.00764088711547,0.00778489496576,0.00794584491608,0.00808138171636,0.0082508027167,0.00837786846696,0.0084964631672,0.00862352891745,0.00882683411787,0.00898778406819,0.00917414716857,0.00936898131896,0.00951298916925,0.00965699701955,0.00977559171979,0.00990265747004,0.0100212521703,0.0102076152707,0.0103346810209,0.0105210441213,0.0106735230216,0.010851415072,0.0110123650223,0.0111479018226,0.0113003807229,0.0114189754231,0.0115545122234,0.0116900490237,0.011842527924,0.0119865357743,0.0121220725745,0.0121474857246,0.0121644278246,0.0122237251747,0.0122321962248,0.0122152541247,0.0121813699247,0.0121983120247,0.0122321962248,0.0121728988746,0.0122152541247,0.0122067830747,0.0122237251747,0.0121983120247,0.0122067830747,0.0121644278246,0.0121728988746,0.0122237251747,0.0122491383248,0.0122914935749,0.012333848825,0.012350790925,0.012333848825,0.012367733025,0.012367733025,0.0124016172251,0.0124016172251,0.0124016172251,0.012350790925,0.012333848825,0.0122321962248,0.0121898409747,0.0121983120247,0.0121813699247,0.0122406672748,0.0122152541247,0.0122576093748,0.012350790925,0.0124016172251,0.0124355014252,0.0124609145752,0.0124693856252,0.0124778566753,0.0124863277253,0.0125117408753,0.0124863277253,0.0125286829754,0.0125540961254,0.0125117408753,0.0125625671754,0.0126133934755,0.0126049224255,0.0125964513755,0.0125117408753,0.0124693856252,0.0124524435252,0.0125202119253,0.0125286829754,0.0125540961254,0.0125964513755,0.0126811618757,0.0127065750257,0.0127150460757,0.0127743434259,0.0127319881758,0.0127065750257,0.0127235171258,0.0127489302758,0.0128844670761,0.0129352933762,0.0130369459764,0.0129945907263,0.0130538880764,0.0130877722765,0.0130793012265,0.0130793012265,0.0131216564766,0.0131385985766,0.0131555406766,0.0132317801268,0.0132656643268,0.0133080195769,0.013341903777,0.013324961677,0.0133842590271,0.0133842590271,0.0134181432272,0.0134435563772,0.0134774405773,0.0135536800274,0.0135960352775,0.0136383905276,0.0136892168277,0.0137485141778,0.0137231010278,0.0138078115279,0.013824753628,0.0139009930781,0.0139518193782,0.0141212403786,0.0141212403786,0.0141466535286,0.0142652482289,0.0142737192789,0.0142652482289,0.014307603479,0.0143584297791,0.014349958729,0.0143838429291,0.0145109086794,0.0145617349795,0.0146295033796,0.0147057428298,0.01479892438,0.0148751638301,0.0149429322302,0.0149429322302,0.0150445848305,0.0151292953306,0.0151801216307,0.0152648321309,0.0152733031809,0.0152478900309,0.0152902452809,0.0153580136811,0.0154935504814,0.0155020215314,0.0155867320315,0.0156629714817,0.0157392109319,0.0157561530319,0.015798508282,0.0159594582323,0.0159848713824,0.0160780529325,0.0161373502827,0.0161458213327,0.0162644160329,0.0163830107332,0.0164677212333,0.0164592501833,0.0166032580336,0.0166794974838,0.0167387948339,0.016806563234,0.0169336289843,0.0170268105345,0.0170861078846,0.0172131736348,0.0173825946352,0.0174757761854,0.0175858998356,0.0175520156355,0.0176113129856,0.0176960234858,0.017797676086,0.0179077997362,0.0178739155362,0.0179247418363,0.0180179233865,0.0180518075865,0.0181449891367,0.0181619312368,0.0182296996369,0.0182466417369,0.0183482943371,0.0184160627373,0.0185007732374,0.0185261863875,0.0186447810877,0.0187125494879,0.0188226731381,0.0188734994382,0.0189751520384,0.0190683335886,0.0191530440888,0.0192038703889,0.019271638789,0.0193817624392,0.0194580018894,0.0195342413395,0.0196189518397,0.0197036623399,0.0197206044399,0.01977143074,0.0198391991402,0.0198476701902,0.0199577938404,0.0200594464406,0.0201356858908,0.020237338491,0.0203559331912,0.0204321726414,0.0205507673416,0.0206185357417,0.0206608909918,0.0207879567421,0.020754072542,0.0208980803923,0.0209489066924,0.0210590303426,0.0211183276927,0.0210251461426,0.0211267987428,0.0211437408428,0.0212962197431,0.0214063433933,0.0215418801936,0.0217028301439,0.0216858880439,0.0218214248442,0.0219061353443,0.0219484905944,0.0221179115948,0.0223466299452,0.0225668772457,0.0226770008959,0.0227532403461,0.0228803060963,0.0229819586965,0.0231852638969,0.0233123296472,0.0234309243474,0.0235749321977,0.0237697663481,0.0238375347482,0.0238714189483,0.0240408399487,0.024193318849,0.0242865003992,0.0244389792995,0.0245491029497,0.0246676976499,0.024726995,0.0247947634002,0.0248964160004,0.0250573659507,0.025209844851,0.0253030264012,0.0254724474016,0.0256164552518,0.0259214130525,0.0261162472029,0.0262517840031,0.0264042629034,0.026675336504,0.0269379390545,0.0271412442549,0.0275054994057,0.027683391456,0.0278358703563,0.0280730597568,0.0283187202073,0.0285135543577,0.0286999174581,0.0289032226585,0.0292081804591,0.0295554935098,0.0298265671104,0.030156938061,0.0304110695616,0.0306652010621,0.0309532167626,0.031148050913,0.0314275955636,0.0317240823142,0.0319951559148,0.0321561058651,0.0324610636657,0.0327575504163,0.0331556897671,0.0335284159679,0.0337994895684,0.0341806868192,0.0345195288199,0.0348075445205,0.0351040312711,0.0353666338216,0.0357647731724,0.0362645651234,0.0364593992738,0.0368405965246,0.0372980332255,0.0377554699264,0.0381790224273,0.0385093933779,0.039009185329,0.0394581509799,0.0398986455808,0.0402205454814,0.0406779821823,0.0410591794331,0.0413133109336,0.0418893423348,0.0422959527356,0.0427025631364,0.0432108261375,0.0437614443886,0.0441765258394,0.0446000783403,0.0451761097414,0.0457267279926,0.0462519330936,0.0468957328949,0.0475734168963,0.0481409772474,0.0487085375986,0.0494370479001,0.0501570871515,0.050894068503,0.0516818761546,0.0524019154061,0.0531050125575,0.0538843491591,0.0545027358103,0.0552990145119,0.0560783511135,0.0568746298151,0.0577471479669,0.0586874345188,0.0594837132204,0.0604578839724,0.0614151126243,0.0623723412762,0.0632702725781,0.0642020880799,0.0651508456819,0.0662774953341,0.0673872028864,0.0683274894383,0.0692423628401,0.0704028966925,0.0717074383951,0.0729103274976,0.0741725139501,0.0752059820522,0.0764512264047,0.0776710576072,0.0789332440598,0.0801615463122,0.0814322038148,0.0826350929173,0.0842276503205,0.0855830183232,0.0870908652263,0.0885309437292,0.0901319721824,0.0918092400858,0.0935288632393,0.0951637758926,0.0968833990461,0.0984336011992,0.100254876953,0.101949086956,0.10361788381,0.105337506963,0.107235022167,0.10893770322,0.110750507924,0.112461660028,0.114376117331,0.116129624685,0.118010197789,0.119797589342,0.121940764997,0.123999230151,0.125854390105,0.127938268409,0.129827312563,0.131801067217,0.133952713921,0.136138244826,0.13818823893,0.140356827734,0.142483061288,0.144660121143,0.146930362547,0.149132835552,0.151606382157,0.154079928762,0.156468764867,0.158823716771,0.161407387027,0.163779281031,0.166125761886,0.168675547941,0.171072855096,0.173605699051,0.176036890406,0.178442668611,0.181094107267,0.183567653872,0.185956489976,0.188506276032,0.190945938436,0.193800682292,0.196596128798,0.199230625353,0.202153137609,0.204880815715,0.207871096371,0.210497121876,0.213360336782,0.216232022738,0.219281600744,0.222017749899,0.224635304355,0.22747310611,0.230285494716,0.233191064872,0.236164403428,0.239137741984,0.24209413844,0.245126774346,0.248269533902,0.251124277758,0.253623237513,0.256300089319,0.259146362125,0.262195940131,0.264991386636,0.268024022542,0.271039716349,0.274097765405,0.277062632911,0.280078326717,0.283094020523,0.286126656429,0.289193176535,0.292573125492,0.295427869348,0.298477447354,0.30128136491,0.304186935066,0.307134860472,0.310480925228,0.313310255934,0.31632594974,0.319434825097,0.322213329502,0.324991833908,0.327990585614,0.33107404782,0.334115154776,0.336952956532,0.339943237188,0.342814923144,0.34572896435,0.348414287205,0.351455394161,0.354259311717,0.357003931923,0.359672312678,0.362772716984,0.365297089889,0.367702868094,0.370269596249,0.372793969155,0.375199747359,0.377605525564,0.380070601119,0.382501792474,0.384416249778,