# R script for Peak Model
#  -- generated by MACS
p <- c(0.0344429077544,0.0353144004698,0.03611011121,0.0368679309626,0.037853096641,0.0384972434307,0.039482409109,0.0404675747873,0.0411875035523,0.0422105602183,0.0428547070079,0.043764090711,0.044787147377,0.0456965310801,0.0467574787337,0.0476289714491,0.0483867912017,0.0492961749048,0.0504329045337,0.0515317431749,0.0524790178656,0.0535020745316,0.054373567247,0.0552829509501,0.0560786616903,0.0570638273687,0.0579353200841,0.0591099407006,0.0600951063789,0.0609287081068,0.0622927836614,0.063353731315,0.0645283519315,0.0657408635356,0.0665365742758,0.0675596309418,0.0685069056325,0.0689237064964,0.0688100335335,0.0691131614346,0.0692268343974,0.0691510524222,0.0695678532861,0.0695299622985,0.0694541803232,0.0693405073603,0.0697194172366,0.0700604361253,0.0703635640263,0.0705151279768,0.0702498910634,0.070704582915,0.0711971657541,0.0712350567418,0.0711213837789,0.0711213837789,0.0710456018036,0.0711592747665,0.0711971657541,0.0712350567418,0.0712729477294,0.0709319288407,0.0705151279768,0.0701741090882,0.0702120000758,0.0698330901995,0.0694162893356,0.0694162893356,0.0691131614346,0.0691889434098,0.0689237064964,0.0689237064964,0.0688100335335,0.068658469583,0.0687342515583,0.0689237064964,0.0687721425459,0.0688479245212,0.0686205785954,0.0687342515583,0.0688100335335,0.068658469583,0.0687342515583,0.0687342515583,0.0687721425459,0.068658469583,0.0684690146449,0.0682416687191,0.0683174506944,0.068355341682,0.0682416687191,0.0682416687191,0.0679764318057,0.0674080669913,0.0674838489665,0.067332285016,0.0671049390902,0.0672186120531,0.0672565030408,0.0671049390902,0.0669912661274,0.0666881382263,0.0666881382263,0.0669912661274,0.0662334463748,0.0660439914366,0.0660818824243,0.0656271905727,0.0658166455109,0.0658166455109,0.0658924274861,0.0658166455109,0.065702972548,0.0652103897088,0.0647935888449,0.0645283519315,0.0642252240305,0.0638842051418,0.0641115510676,0.0639599871171,0.0637705321789,0.0630884944016,0.0629369304511,0.0629748214387,0.0631263853892,0.0628611484758,0.0622927836614,0.0624822385995,0.0628990394635,0.0632400583521,0.0631642763769,0.0633158403274,0.063353731315,0.0634295132903,0.0633916223026,0.0634295132903,0.063656859216,0.0640736600799,0.0642252240305,0.0644904609439,0.0645283519315,0.064376787981,0.0647935888449,0.0645662429191,0.0646041339068,0.064679915882,0.0648314798325,0.0648693708202,0.0647935888449,0.0646420248944,0.0647935888449,0.0651724987212,0.0654377356346,0.065399844647,0.0652103897088,0.0652103897088,0.0657787545232,0.0655135176098,0.066006100449,0.0662334463748,0.0661576643995,0.0664229013129,0.0660439914366,0.0659682094614,0.0661955553872,0.06630922835,0.06630922835,0.0665365742758,0.0665744652634,0.0665744652634,0.0667639202016,0.0664986832882,0.0661197734119,0.066006100449,0.0658166455109,0.0657408635356,0.0655514085975,0.065399844647,0.0657408635356,0.0656271905727,0.0651724987212,0.0652482806964,0.0649072618078,0.0648693708202,0.0646420248944,0.0642631150181,0.0642252240305,0.0642631150181,0.0642631150181,0.0645662429191,0.0641494420552,0.0642631150181,0.0641115510676,0.064376787981,0.0643010060057,0.0647556978573,0.0647935888449,0.0645662429191,0.064376787981,0.0643388969934,0.0644146789686,0.0643010060057,0.0639599871171,0.0638084231665,0.0639978781047,0.0635052952655,0.0629748214387,0.0628990394635,0.0627474755129,0.0628990394635,0.0630127124263,0.063050603414,0.0625959115624,0.0627095845253,0.0629748214387,0.0627095845253,0.0625580205748,0.0627474755129,0.0626716935377,0.0624443476119,0.0624064566243,0.0622548926738,0.0621033287233,0.0619138737851,0.0618002008222,0.0613076179831,0.0611181630449,0.0613076179831,0.0613076179831,0.0613076179831,0.0606634711934,0.0603603432923,0.0597919784779,0.059678305515,0.0597540874903,0.059375177614,0.0596025235398,0.0596025235398,0.0595267415645,0.0594888505769,0.059678305515,0.0597540874903,0.0595646325521,0.0597919784779,0.0596404145274,0.0599435424284,0.0603224523047,0.0608529261315,0.0613076179831,0.061724418847,0.0623685656367,0.0623685656367,0.0623685656367,0.0627474755129,0.0628232574882,0.0628611484758,0.0630127124263,0.0624064566243,0.062330674649,0.0625959115624,0.0629369304511,0.0630884944016,0.0631642763769,0.0630884944016,0.0634295132903,0.0635052952655,0.0636947502037,0.0633916223026,0.0637705321789,0.0638084231665,0.0639599871171,0.0639599871171,0.0640357690923,0.0645283519315,0.064679915882,0.0650588257583,0.0654756266222,0.0656650815604,0.0656650815604,0.066006100449,0.0664986832882,0.067029157115,0.0675975219294,0.0678627588428,0.0677869768676,0.0679764318057,0.0689237064964,0.0691889434098,0.0694920713108,0.0700983271129,0.0704393460016,0.0704393460016,0.0710834927912,0.0713866206923,0.0718034215562,0.0718034215562,0.0721444404448,0.0723717863706,0.0728264782222,0.0733190610613,0.0735842979747,0.0738495348881,0.0744557906902,0.0746452456283,0.0754788473562,0.0757440842696,0.0765776859974,0.0768429229108,0.0771081598242,0.0775628516757,0.0780554345149,0.0783585624159,0.0785101263664,0.0783585624159,0.0782069984654,0.0786995813046,0.0790027092056,0.0791921641438,0.0794952920448,0.079987874884,0.0802531117974,0.0801773298221,0.0803288937726,0.0802531117974,0.0797226379706,0.0796847469829,0.0798363109334,0.0801394388345,0.0801773298221,0.0804046757479,0.0805562396984,0.0811246045128,0.0816550783396,0.0818824242654,0.0817308603149,0.081617187352,0.0817687513025,0.0816929693272,0.0817308603149,0.0820339882159,0.0818066422901,0.0821097701912,0.0819582062406,0.081617187352,0.0818066422901,0.0819582062406,0.0818824242654,0.0817687513025,0.0823371161169,0.0819582062406,0.081920315253,0.081920315253,0.0818066422901,0.0817687513025,0.0818066422901,0.0818445332778,0.0813898414262,0.0811624955004,0.0814277324138,0.0812761684633,0.0809351495747,0.0807456946365,0.0806320216736,0.0805562396984,0.0802531117974,0.0801773298221,0.0797605289582,0.07957107402,0.0791921641438,0.0788890362427,0.078661690317,0.0785859083417,0.0786237993293,0.078661690317,0.0786237993293,0.0784343443912,0.0780933255025,0.0777144156262,0.0772218327871,0.0774870697005,0.076918704886,0.0766534679726,0.0765397950098,0.0766534679726,0.0761608851335,0.076312449084,0.076312449084,0.0766913589603,0.076918704886,0.0766534679726,0.0767292499479,0.076615576985,0.0767292499479,0.0765397950098,0.0764261220469,0.076009321183,0.0757819752572,0.0757819752572,0.0758198662448,0.0761987761211,0.076009321183,0.0755167383438,0.0755546293314,0.0753651743933,0.0754409563685,0.0756304113067,0.0757061932819,0.0752136104428,0.0751757194551,0.0752515014304,0.0756683022943,0.0759335392077,0.0762366671087,0.0758577572324,0.0762366671087,0.0759714301953,0.0761987761211,0.0765776859974,0.0765397950098,0.0764640130345,0.0767671409355,0.0768808138984,0.0768050319232,0.0766913589603,0.0768050319232,0.0765019040221,0.0765019040221,0.0765397950098,0.0768808138984,0.076615576985,0.0767292499479,0.076918704886,0.0767292499479,0.076615576985,0.0766534679726,0.0765397950098,0.0762366671087,0.076312449084,0.076312449084,0.076312449084,0.0765019040221,0.0770702688366,0.0771081598242,0.077638633651,0.0777901976015,0.0781312164902,0.078244889453,0.0780933255025,0.0780554345149,0.077941761552,0.0781312164902,0.0786237993293,0.0783585624159,0.0786995813046,0.0791921641438,0.0791542731561,0.0790027092056,0.0792300551314,0.0791542731561,0.0788511452551,0.0791163821685,0.0789269272304,0.0791163821685,0.079267946119,0.0790406001932,0.0789269272304,0.0783585624159,0.0781691074778,0.0781691074778,0.0788132542675,0.0788890362427,0.0784722353788,0.0786995813046,0.0782827804407,0.0783585624159,0.0789269272304,0.0791163821685,0.079267946119,0.0794195100695,0.0799499838963,0.0798363109334,0.0801773298221,0.0806320216736,0.0810109315499,0.0811624955004,0.0815792963644,0.081920315253,0.0825265710551,0.082640244018,0.083966428585,0.0846484663623,0.0853683951272,0.0860883238922,0.0869598166076,0.0879828732736,0.0886270200633,0.0896500767292,0.0913551711725,0.0929087016653,0.0949169240096,