# R script for Peak Model
#  -- generated by MACS
p <- c(0.0362419859088,0.0374166546609,0.037934890875,0.0389713633033,0.0396968940031,0.0409061118361,0.0420462315072,0.0428754094498,0.0436700383115,0.0443264708494,0.0454320414395,0.0464339647869,0.0471940445676,0.0484032624006,0.0492669894242,0.0500961673668,0.0512362870379,0.0521691122234,0.0528255447613,0.0538965662705,0.0546911951322,0.0551403331844,0.0557967657223,0.0567641399887,0.0575933179314,0.0584915940359,0.0594589683023,0.0602535971639,0.0613591677541,0.0623956401824,0.0632593672059,0.0641576433105,0.0652286648197,0.0659541955195,0.0667488243811,0.0679234931332,0.0689599655615,0.0690290637234,0.0690981618852,0.0693400054518,0.0693054563709,0.0693400054518,0.0694436526947,0.0696163980994,0.069858241666,0.0703073797182,0.070445576042,0.0707219686895,0.0707910668514,0.0706874196086,0.0707910668514,0.0708601650133,0.0709983613371,0.0707565177705,0.0709638122561,0.0711020085799,0.071067459499,0.0709983613371,0.0712402049037,0.0708601650133,0.0708947140943,0.0707910668514,0.070480125123,0.0701346343135,0.0701000852326,0.0698927907469,0.069858241666,0.069823692585,0.0699273398279,0.0699618889088,0.0699273398279,0.0697891435041,0.0696163980994,0.0698927907469,0.0695472999375,0.0691672600471,0.0695472999375,0.0693054563709,0.0695127508566,0.069236358209,0.0689945146424,0.0693400054518,0.0699273398279,0.0702037324754,0.0700655361516,0.0698927907469,0.0702382815564,0.0697545944232,0.069858241666,0.0697545944232,0.0695472999375,0.069236358209,0.0694782017756,0.0691672600471,0.06927090729,0.0696163980994,0.069858241666,0.069823692585,0.0696854962613,0.0694782017756,0.0691327109662,0.0694091036137,0.069236358209,0.0690636128043,0.0690636128043,0.0689599655615,0.0691327109662,0.069236358209,0.0696509471803,0.0695472999375,0.0696854962613,0.0694782017756,0.0690981618852,0.0689599655615,0.0690290637234,0.0687872201568,0.0685108275092,0.0684762784283,0.0683380821045,0.0679580422141,0.0675089041619,0.067439806,0.0677161986475,0.0679234931332,0.0683035330236,0.0682344348617,0.0678198458904,0.0679234931332,0.0672670605953,0.0670597661096,0.0671288642715,0.0671634133525,0.0670252170287,0.0669906679477,0.0666797262193,0.066852471624,0.0673016096762,0.0674052569191,0.0673707078381,0.0676471004857,0.0678543949713,0.0678543949713,0.0677507477285,0.0676816495666,0.0675780023238,0.0675434532428,0.0678198458904,0.0673707078381,0.0675780023238,0.0679580422141,0.0681307876189,0.0683380821045,0.0684762784283,0.0681653366998,0.0683726311855,0.068027140376,0.0676471004857,0.0675434532428,0.0674743550809,0.0676471004857,0.0675780023238,0.0676471004857,0.0675089041619,0.0674052569191,0.0676125514047,0.0678889440523,0.0678889440523,0.0677507477285,0.0678889440523,0.0677852968094,0.0677852968094,0.0677161986475,0.0678198458904,0.0678889440523,0.0682689839426,0.0680962385379,0.0679580422141,0.0681653366998,0.0681653366998,0.068061689457,0.0676125514047,0.0677161986475,0.0675434532428,0.0671634133525,0.0667488243811,0.0666106280574,0.0667142753002,0.0664033335717,0.0665760789764,0.0668870207049,0.0667488243811,0.066817922543,0.0665760789764,0.0664033335717,0.0666451771383,0.0667142753002,0.0662996863289,0.0660232936814,0.06560870471,0.065643253791,0.0661269409242,0.0660232936814,0.0662996863289,0.0665760789764,0.0665760789764,0.0665069808145,0.0666106280574,0.0669561188668,0.0671288642715,0.0672670605953,0.0671634133525,0.0669561188668,0.0670597661096,0.0667488243811,0.0665760789764,0.0665069808145,0.0667142753002,0.0666451771383,0.0665069808145,0.0664724317336,0.0666106280574,0.0665760789764,0.0666451771383,0.066265137248,0.0659196464385,0.0654705083863,0.0652632139006,0.0653668611434,0.0650904684959,0.065055919415,0.0647104286055,0.0648140758484,0.0648140758484,0.0645722322818,0.0642612905533,0.0643303887152,0.0641576433105,0.0642612905533,0.0642267414723,0.0639503488248,0.0640885451486,0.064399486877,0.0640194469867,0.0645722322818,0.0648140758484,0.0649868212531,0.0651250175768,0.0649522721721,0.065055919415,0.065021370334,0.0652286648197,0.0651250175768,0.0648140758484,0.065055919415,0.0656778028719,0.0658159991957,0.0658850973576,0.0661269409242,0.0666797262193,0.0665415298955,0.066265137248,0.0666106280574,0.0661269409242,0.0658850973576,0.0660232936814,0.06560870471,0.0659541955195,0.066265137248,0.0661614900051,0.0658850973576,0.0661269409242,0.0661614900051,0.066265137248,0.0659887446004,0.0657469010338,0.0658159991957,0.0659541955195,0.0660232936814,0.0661960390861,0.0660232936814,0.066265137248,0.0661614900051,0.0665415298955,0.0661960390861,0.0664378826527,0.0668870207049,0.0670597661096,0.0674743550809,0.0676816495666,0.0678543949713,0.0680962385379,0.0682344348617,0.0687526710758,0.0688217692377,0.0687181219949,0.0693054563709,0.0697891435041,0.0700309870707,0.0702728306373,0.0711711067418,0.0712747539846,0.0716202447941,0.0717929901988,0.072276677332,0.0729331098699,0.0731749534365,0.0732786006793,0.0738659350553,0.0744878185123,0.074660563917,0.0750406038074,0.0758352326691,0.0758352326691,0.0765953124498,0.0765262142879,0.0769753523402,0.0775972357971,0.0775626867162,0.0775972357971,0.0775626867162,0.07770088304,0.0783227664969,0.0779081775256,0.0780809229303,0.0784609628207,0.0788064536301,0.0793246898443,0.0797738278965,0.0792555916824,0.0791173953586,0.0787028063873,0.0790137481158,0.0787028063873,0.0790137481158,0.0796701806537,0.0795665334109,0.0796010824918,0.0799811223822,0.0799120242203,0.0801193187059,0.0800502205441,0.0805339076773,0.0808448494057,0.0812594383771,0.0810175948105,0.0811212420533,0.0809484966486,0.0813285365389,0.0813285365389,0.0818122236721,0.0817776745912,0.0821577144816,0.0824341071291,0.0828832451814,0.0825723034529,0.0826068525338,0.0825377543719,0.0828832451814,0.0823995580482,0.0823304598863,0.0819504199959,0.0819849690768,0.0820195181578,0.0822959108053,0.0823304598863,0.08246865621,0.0820540672387,0.0819849690768,0.0820886163197,0.0817085764293,0.0815703801055,0.0817085764293,0.0823650089672,0.081915870915,0.0818122236721,0.0819849690768,0.0822268126434,0.0820195181578,0.081881321834,0.081881321834,0.0817085764293,0.0814321837818,0.0813976347008,0.081293987458,0.0815012819436,0.0810175948105,0.0808103003248,0.0804993585963,0.080672104001,0.0806030058391,0.0801193187059,0.0803957113535,0.0802229659488,0.0804302604344,0.080672104001,0.0806375549201,0.0812248892961,0.081293987458,0.0812248892961,0.0812594383771,0.0813285365389,0.0814667328627,0.0817085764293,0.0819504199959,0.0821922635625,0.0821231654006,0.0821577144816,0.081881321834,0.0820195181578,0.0822268126434,0.0827104997766,0.0826068525338,0.0828141470195,0.0832978341527,0.0832632850717,0.0831596378289,0.0832978341527,0.0831596378289,0.0835742268002,0.0837469722049,0.0843343065809,0.0843688556619,0.0847143464713,0.0847834446332,0.0849907391189,0.084887091876,0.0848525427951,0.0846106992285,0.0848525427951,0.0848179937141,0.0847143464713,0.084887091876,0.0855780734949,0.0854744262521,0.0857508188996,0.0856471716568,0.0854398771711,0.0853362299283,0.0852671317664,0.0853362299283,0.0858890152234,0.0859581133852,0.0863036041947,0.0863727023566,0.0864072514375,0.0865454477613,0.0861999569518,0.0863727023566,0.0863727023566,0.0861999569518,0.0860272115471,0.0863381532756,0.0864072514375,0.0863036041947,0.0866145459232,0.086718193166,0.0863727023566,0.0866145459232,0.0866145459232,0.0872018802992,0.0870982330564,0.0870636839754,0.0867872913279,0.0864763495994,0.0870636839754,0.0867527422469,0.0869254876516,0.0869254876516,0.0866490950041,0.0865799968422,0.0861654078709,0.0860272115471,0.0859581133852,0.0857508188996,0.085508975333,0.0850598372807,0.0854744262521,0.085508975333,0.0859926624662,0.0858199170615,0.0859235643043,0.0863036041947,0.0864072514375,0.0867872913279,0.0870982330564,0.0875473711086,0.0881001564037,0.088514745375,0.0890329815891,0.089136628832,0.0893439233176,0.0901385521793,0.0911750246076,0.0920733007121,0.0925569878453,0.0936971075164,0.0950099725922,0.0959773468586,0.0973247610154,0.0990867641434,