# R script for Peak Model
#  -- generated by MACS
p <- c(0.0366923537703,0.0396395307799,0.0420709518129,0.0441339757197,0.0473021910051,0.0503967268652,0.0527544684729,0.0548174923797,0.0569541957117,0.0593119373194,0.0613749612262,0.0649115736378,0.067416674096,0.067711391797,0.0678587506475,0.0691849803018,0.0693323391523,0.069848095129,0.0694796980028,0.0691849803018,0.0694060185775,0.0690376214513,0.069258659727,0.0697007362785,0.0691849803018,0.0701428128299,0.0696270568533,0.0689639420261,0.0691849803018,0.0699954539795,0.0690376214513,0.0686692243251,0.0691849803018,0.0702164922552,0.0707322482319,0.0706585688066,0.0720584778862,0.0711006453581,0.0712480042086,0.0707322482319,0.0708796070824,0.0710269659328,0.0708059276571,0.0708796070824,0.0713953630591,0.0713216836338,0.0715427219095,0.0704375305309,0.0701428128299,0.0696270568533,0.0694060185775,0.069848095129,0.0700691334047,0.0702901716804,0.0705112099562,0.0697007362785,0.0702164922552,0.0705848893814,0.0693323391523,0.0680061094979,0.0676377123717,0.0676377123717,0.067121956395,0.0681534683484,0.0680061094979,0.0678587506475,0.0678587506475,0.0668272386941,0.0666062004184,0.0662378032921,0.0655010090397,0.0654273296145,0.0648378942126,0.0657220473155,0.0668272386941,0.0680061094979,0.0683008271989,0.0679324300727,0.0680061094979,0.0682271477737,0.0684481860494,0.0694060185775,0.069258659727,0.0677850712222,0.0696270568533,0.0711006453581,0.0711006453581,0.0715427219095,0.0718374396105,0.0705112099562,0.0705112099562,0.0706585688066,0.0705848893814,0.0708059276571,0.0710269659328,0.0707322482319,0.0707322482319,0.0710269659328,0.0723531955872,0.0725742338629,0.0713953630591,0.0706585688066,0.0704375305309,0.0705112099562,0.0703638511057,0.0700691334047,0.069553377428,0.0687429037504,0.0691113008766,0.069258659727,0.0680061094979,0.0676377123717,0.0678587506475,0.0676377123717,0.0674903535213,0.0675640329465,0.067416674096,0.0671956358203,0.0667535592688,0.0667535592688,0.0664588415679,0.0669009181193,0.0673429946708,0.0669745975446,0.0663114827174,0.0664588415679,0.0665325209931,0.0670482769698,0.0673429946708,0.0662378032921,0.067121956395,0.0675640329465,0.0675640329465,0.0677850712222,0.0669745975446,0.067416674096,0.0680061094979,0.0672693152455,0.0685955448999,0.0688165831756,0.0682271477737,0.0680061094979,0.0686692243251,0.0699217745542,0.0714690424843,0.0711006453581,0.0711006453581,0.0703638511057,0.0697744157037,0.0696270568533,0.069848095129,0.0694796980028,0.0704375305309,0.0694796980028,0.0688165831756,0.0702164922552,0.0691849803018,0.0691113008766,0.0684481860494,0.0688902626008,0.0693323391523,0.0704375305309,0.0704375305309,0.0708796070824,0.0694060185775,0.0699954539795,0.069553377428,0.0699954539795,0.0694796980028,0.0680061094979,0.0671956358203,0.0676377123717,0.0681534683484,0.0685955448999,0.069258659727,0.0696270568533,0.0686692243251,0.0693323391523,0.0693323391523,0.069553377428,0.0704375305309,0.0697744157037,0.0703638511057,0.0706585688066,0.07169008076,0.072279516162,0.0719111190357,0.0719111190357,0.0723531955872,0.0721321573115,0.0730163104144,0.0727215927134,0.0739741429425,0.074121501793,0.0745635783444,0.0755950902978,0.0755214108726,0.075963487424,0.0747109371949,0.0755214108726,0.0760371668493,0.0764055639755,0.0775107553541,0.0763318845502,0.0758898079988,0.0752266931716,0.0749319754706,0.0758898079988,0.0752266931716,0.0754477314473,0.0751530137464,0.0744898989192,0.0747846166202,0.0747109371949,0.073826784092,0.0744898989192,0.0737531046668,0.0745635783444,0.0736794252415,0.0742688606435,0.074416219494,0.0737531046668,0.0742688606435,0.073826784092,0.0740478223677,0.0744898989192,0.0747109371949,0.0749319754706,0.074121501793,0.0750056548959,0.0752266931716,0.0766266022512,0.0770686788027,0.0755214108726,0.0755214108726,0.0751530137464,0.0753003725969,0.0760371668493,0.0769213199522,0.0764792434007,0.0767002816764,0.076258205125,0.0767002816764,0.0755214108726,0.0763318845502,0.0753740520221,0.0752266931716,0.0755214108726,0.0753740520221,0.0756687697231,0.0760371668493,0.0751530137464,0.074416219494,0.0747846166202,0.0750056548959,0.0753003725969,0.0751530137464,0.0740478223677,0.0732373486901,0.0731636692648,0.0730899898396,0.0728689515639,0.0734583869658,0.0734583869658,0.0730899898396,0.0727215927134,0.0729426309891,0.0727215927134,0.0730163104144,0.0728689515639,0.0724268750124,0.0725742338629,0.0724268750124,0.0719111190357,0.0721321573115,0.0715427219095,0.0718374396105,0.0715427219095,0.072279516162,0.0717637601853,0.0725742338629,0.0725005544377,0.0728689515639,0.0733110281153,0.074121501793,0.0755214108726,0.0754477314473,0.0761108462745,0.0755950902978,0.0750056548959,0.075963487424,0.0770686788027,0.0773633965036,0.078689626158,0.0786159467327,0.0791317027094,0.0796474586861,0.0814157648919,0.0814894443171,0.082668315121,0.082963032822,0.0837735064996,0.0855418127054,0.0866470040841,0.0859102098316,0.0865733246588,0.0871627600607,0.0882679514394,0.0887100279908,0.0895941810937,0.0902572959209,0.0899625782199,0.0909204107481,0.0914361667248,0.0926887169539,0.0943096643092,0.0932781523558,0.0943096643092,0.093941267183,0.0928360758043,0.0929097552296,0.0930571140801,0.0940886260334,0.0929097552296,0.0940886260334,0.0934255112063,0.093646549482,0.0940149466082,0.0929097552296,0.093351831781,0.093351831781,0.093351831781,0.0929097552296,0.0926150375286,0.0932044729305,0.0943833437344,0.0946043820101,0.0952674968373,0.0955622145383,0.0949727791363,0.0944570231597,0.0929097552296,0.0923939992529,0.0918782432762,0.0925413581034,0.093646549482,0.0948254202859,0.0946043820101,0.0938675877577,0.0944570231597,0.0944570231597,0.0946043820101,0.0946780614354,0.0948254202859,0.0946780614354,0.0945307025849,0.0946043820101,0.0941623054587,0.0937202289072,0.0929834346548,0.0921729609772,0.0921729609772,0.0923203198276,0.0926887169539,0.091804563851,0.0915835255752,0.0916572050005,0.0929834346548,0.0937939083325,0.093351831781,0.0928360758043,0.0926887169539,0.0920992815519,0.0931307935053,0.0929834346548,0.0934255112063,0.0926887169539,0.0930571140801,0.0924676786781,0.0929834346548,0.0929834346548,0.0931307935053,0.093646549482,0.0947517408606,0.0951201379868,0.0963726882159,0.0961516499402,0.0954148556878,0.0943096643092,0.0934255112063,0.0943096643092,0.0948254202859,0.0947517408606,0.0942359848839,0.0937202289072,0.0940886260334,0.0953411762626,0.0965937264917,0.0959306116645,0.0964463676412,0.0969621236179,0.0965937264917,0.0969621236179,0.0973305207441,0.0974778795946,0.0972568413188,0.0971094824683,0.0965200470664,0.0970358030431,0.0970358030431,0.0970358030431,0.0967410853421,0.0977725972955,0.0974778795946,0.0975515590198,0.0978462767208,0.0988041092489,0.0981409944217,0.0981409944217,0.0985830709732,0.0999829800528,0.0993198652256,0.0984357121227,0.0977725972955,0.0990251475246,0.0985093915479,0.0977725972955,0.0985830709732,0.0985830709732,0.0994672240761,0.0993935446508,0.0990988269499,0.0996145829266,0.100056659478,0.0999829800528,0.099761941777,0.0999829800528,0.0990988269499,0.0990251475246,0.0993198652256,0.100277697754,0.0998356212023,0.0986567503984,0.100719774305,0.100130338903,0.100351377179,0.0999093006275,0.10064609488,0.101898645109,0.101751286259,0.10234072166,0.102488080511,0.103519592464,0.103445913039,0.103887989591,0.10374063074,0.10514053982,0.106761487175,0.108014037404,0.108677152231,0.108308755105,0.107792999128,0.108308755105,0.109340267058,0.109487625909,0.109413946484,0.109856023035,0.110813855563,0.112140085218,0.111624329241,0.113982070849,0.113982070849,0.115897735905,0.115529338779,0.115234621078,0.114866223952,0.113982070849,0.114718865101,0.116118774181,0.116413491882,0.116192453606,0.117297644985,0.117150286134,0.116339812456,0.116339812456,0.115897735905,0.117002927284,0.118402836363,0.117813400961,0.118771233489,0.119655386592,0.12061321912,0.121497372223,0.121718410499,0.122381525326,0.123928793256,0.123928793256,0.124444549233,0.123339357854,0.124149831532,0.124149831532,0.125402381761,0.12665493199,