# R script for Peak Model
#  -- generated by MACS
p <- c(0.0359469064192,0.0374446941867,0.0388093452637,0.0406399747573,0.0422376150426,0.0437686869827,0.0450334855419,0.0467642625176,0.0484284711481,0.0497931222251,0.05125762582,0.0528552661053,0.054586043081,0.0563168200568,0.0581141653777,0.0599780790439,0.0613760142936,0.0630402229241,0.0632399279597,0.0631067912693,0.0626075286801,0.0619418452279,0.0621415502636,0.0617754243649,0.0624411078171,0.0620084135732,0.061509150984,0.0612761617757,0.0610098883948,0.0605771941509,0.0603442049426,0.0599115106987,0.0596452373178,0.0589129855204,0.0585135754491,0.0582473020682,0.058180733723,0.0582140178956,0.0585135754491,0.0585468596217,0.0586134279669,0.0587132804847,0.059112690556,0.059112690556,0.0595453848,0.0595453848,0.0595121006274,0.0598449423535,0.0595453848,0.0593123955917,0.0592458272465,0.0589129855204,0.0592791114191,0.0593456797643,0.058946269693,0.0593789639369,0.0596785214904,0.06031092077,0.0599447948713,0.0598449423535,0.0595786689726,0.060144499907,0.0609766042222,0.0607103308413,0.0607103308413,0.0606770466687,0.0611430250853,0.0614758668114,0.0615757193292,0.0625076761623,0.0626740970254,0.0629403704062,0.0632732121323,0.0637059063763,0.0633397804776,0.0631067912693,0.0631400754419,0.0637391905489,0.0635394855132,0.0634063488228,0.0628072337158,0.0631733596145,0.0635062013406,0.0637059063763,0.0643383056559,0.064671147382,0.0650039891081,0.0655032516972,0.0653368308342,0.0653035466616,0.0652369783164,0.0649707049355,0.0648042840724,0.0641053164476,0.0642717373107,0.064671147382,0.0645712948642,0.0644048740011,0.0638057588941,0.0638723272393,0.0636060538585,0.0636393380311,0.0640054639298,0.0637724747215,0.0638723272393,0.0634063488228,0.0631733596145,0.0632066437871,0.0631067912693,0.0626075286801,0.0632399279597,0.0634063488228,0.0632066437871,0.0624411078171,0.0629736545789,0.062707381198,0.0628405178884,0.0630402229241,0.0628405178884,0.062108266091,0.0619085610553,0.0614092984662,0.0615424351566,0.0613760142936,0.061509150984,0.0614092984662,0.0613427301209,0.0614425826388,0.0617088560197,0.0620416977458,0.0620416977458,0.0623079711266,0.0621748344362,0.0621415502636,0.0619751294005,0.0618419927101,0.0623745394719,0.0625409603349,0.061675571847,0.0614425826388,0.061509150984,0.061509150984,0.0617088560197,0.0618087085375,0.0613427301209,0.0616090035018,0.0619751294005,0.062108266091,0.0623412552993,0.0628405178884,0.0625742445075,0.0632399279597,0.0629070862336,0.0627739495432,0.0634396329954,0.0643050214833,0.0643715898285,0.0648042840724,0.0642051689654,0.0639056114119,0.0636726222037,0.063472917168,0.0636393380311,0.0632399279597,0.0631400754419,0.063306496305,0.0634396329954,0.0633730646502,0.0636393380311,0.0632066437871,0.0635394855132,0.0638390430667,0.0629070862336,0.062873802061,0.0630069387515,0.0632732121323,0.0631067912693,0.0627739495432,0.0629403704062,0.062707381198,0.0629736545789,0.0629403704062,0.0625409603349,0.0626740970254,0.0626408128527,0.062274686954,0.0624078236445,0.0619418452279,0.0624411078171,0.0625076761623,0.0621748344362,0.0613427301209,0.060743615014,0.0609433200496,0.0616090035018,0.0620749819184,0.0623079711266,0.0625409603349,0.0626740970254,0.0629403704062,0.0630069387515,0.0626740970254,0.0627739495432,0.0625742445075,0.0626740970254,0.0632066437871,0.0633730646502,0.0635394855132,0.0639721797572,0.0640387481024,0.0642717373107,0.0647044315546,0.0650039891081,0.0650372732807,0.0650372732807,0.0651371257985,0.0652369783164,0.0652369783164,0.065270262489,0.0647377157272,0.0651371257985,0.0651704099711,0.0653368308342,0.0657695250781,0.0661023668042,0.0663353560125,0.0663020718399,0.0663686401851,0.0667014819112,0.0669344711195,0.066634913566,0.0665350610482,0.0668346186017,0.0669344711195,0.0665350610482,0.0667347660838,0.0665350610482,0.0669344711195,0.0671341761552,0.0673671653634,0.067234028673,0.0673671653634,0.0674670178813,0.0672673128456,0.067400449536,0.0677998596074,0.06783314378,0.0675668703991,0.0676334387443,0.0682658380239,0.0687983847857,0.0687651006131,0.06936421572,0.069796909964,0.0696637732735,0.069796909964,0.0697303416188,0.0703627408984,0.0702296042079,0.070562445934,0.070995140178,0.0709285718327,0.0705291617614,0.0709618560053,0.0714944027671,0.0712614135588,0.0714944027671,0.0715609711123,0.0716275394576,0.0720602337015,0.0729256221894,0.0728590538441,0.0738575790225,0.0738242948498,0.0734914531237,0.0739241473677,0.0740572840581,0.0745232624747,0.0745898308199,0.0750558092364,0.0759211977243,0.0759211977243,0.0759877660695,0.0765535970039,0.0766867336943,0.0767200178669,0.0766534495217,0.0771527121109,0.07688643873,0.0772858488013,0.0775188380096,0.0781179531166,0.0785173631879,0.0784507948427,0.0786172157057,0.0789167732592,0.0788169207414,0.0792828991579,0.0799152984375,0.0810802444789,0.0812799495146,0.0812133811693,0.0816793595859,0.0825114639012,0.0823450430381,0.0822451905203,0.0822451905203,0.0829441581451,0.083376852389,0.0840092516686,0.0849079243291,0.0849079243291,0.0854404710909,0.0857400286444,0.0852740502278,0.0855403236087,0.0846749351208,0.0847082192934,0.085773312817,0.0858398811622,0.0865055646144,0.0866719854774,0.0873376689297,0.0876705106558,0.0879700682093,0.087737079001,0.0884360466258,0.0892348667684,0.0890351617328,0.0891682984232,0.0899338343933,0.0899338343933,0.0896675610124,0.0899005502207,0.0905329495003,0.0901335394289,0.0906328020181,0.0907992228811,0.0907659387085,0.0904996653276,0.0908325070537,0.0917311797142,0.0920307372677,0.0915980430238,0.091065496262,0.090899075399,0.0907326545359,0.0902333919468,0.0902001077742,0.090299960292,0.0912984854703,0.0918643164047,0.0925965682021,0.0927629890652,0.0925632840295,0.0930625466186,0.0929294099282,0.0934952408626,0.0932289674817,0.093628377553,0.0940277876243,0.0941942084874,0.0936949458982,0.0937282300709,0.0945936185587,0.0958251329453,0.0953924387014,0.095425722874,0.0960914063262,0.0962911113619,0.0965573847427,0.0970233631593,0.0972563523676,0.0978221833019,0.0984212984089,0.0985544350994,0.099186834379,0.099353255242,0.0995196761051,0.0998525178312,0.0998858020038,0.100684622146,0.101084032218,0.101716431497,0.101916136533,0.101716431497,0.102348830777,0.10238211495,0.102548535813,0.102681672503,0.102481967467,0.102548535813,0.10328078761,0.103813334372,0.104345881134,0.104612154514,0.105078132931,0.105843668901,0.106742341562,0.10697533077,0.107075183288,0.106808909907,0.107141751633,0.107774150912,0.107607730049,0.107674298395,0.10787400343,0.108306697674,0.108306697674,0.108739391918,0.108473118537,0.108772676091,0.109238654507,0.10927193868,0.110104042995,0.110836294793,0.111668399108,0.111135852346,0.111768251626,0.112700208459,0.113299323566,0.114830395506,0.114896963851,0.115163237232,0.116195046583,0.116061909892,0.117193571761,0.117260140106,0.117592981833,0.117992391904,0.118125528594,0.118624791183,0.118624791183,0.119157337945,0.119956158088,0.120056010606,0.120821546576,0.121320809165,0.122419186861,0.123584132902,0.124382953045,0.12508192067,0.125348194051,0.125448046569,0.126080445848,0.12737852858,0.127877791169,0.128377053758,0.12890960052,0.129841557353,0.129941409871,0.130706945841,0.130240967424,0.131605618501,0.131938460228,0.132271301954,0.132371154472,0.131938460228,0.132337870299,0.13273728037,0.132870417061,0.134035363102,0.134601194036,0.135699571733,0.136232118494,0.136498391875,0.137297212018,0.137430348708,0.137796474607,0.13872843144,0.138562010577,0.13936083072,0.139527251583,0.140093082517,0.140559060934,0.140026514172,0.140925186832,0.141557586112,0.142522827118,0.143754341504,0.143920762367,0.144519877474,0.145584970998,0.146550212004,0.148114568116,0.148214420634,0.149512503366,0.149545787538,0.151509553722,0.153040625663,0.153440035734,0.154338708394,0.156002917025,0.156602032132,0.157667125655,0.158632366661,0.160230006946,0.161860931404,0.162493330684,0.163325434999,0.164390528523,0.164690086076,0.166254442189,0.167485956575,0.168917175998,0.169183449379,0.170847658009,0.172145740741,