# R script for Peak Model
#  -- generated by MACS
p <- c(0.0384784131197,0.0395139511499,0.0406039911816,0.0414215212054,0.0425660632387,0.0438741112767,0.0452366613164,0.046599211356,0.047525745383,0.0492153074322,0.0502508454623,0.0509048694813,0.0516133955019,0.0526489335321,0.0536844715622,0.0548835155971,0.0559190536272,0.0575541136748,0.0585351497034,0.0597341937383,0.0605517237621,0.0617507677969,0.0626227998223,0.0635493338493,0.0645848718794,0.065565907908,0.066873955946,0.0682910079873,0.0690540360095,0.0704165860491,0.0715066260808,0.0723786581062,0.0736322041427,0.0745042361681,0.0752672641903,0.075703280203,0.0761392962157,0.0770658302426,0.0767933202347,0.076357304222,0.0757577822046,0.0758122842061,0.0764118062236,0.0755942761998,0.075703280203,0.0758667862077,0.0757577822046,0.0756487782014,0.0751582601871,0.0748312481776,0.0752672641903,0.0752672641903,0.0751037581855,0.0749947541823,0.0754852721966,0.0756487782014,0.0757577822046,0.0761392962157,0.0761937982172,0.0758667862077,0.0763028022204,0.0765208102268,0.076357304222,0.0761392962157,0.0763028022204,0.076357304222,0.0759212882093,0.0758667862077,0.0753762681934,0.0754852721966,0.0755397741982,0.075430770195,0.0752127621887,0.0753217661919,0.0751582601871,0.0749402521808,0.0745587381697,0.0739592161522,0.0739047141506,0.0733596941348,0.0734141961364,0.0737957101475,0.0746677421728,0.0744497341665,0.0741772241586,0.0739047141506,0.0732506901316,0.0727056701157,0.072269654103,0.0718881400919,0.0719971440951,0.0717246340872,0.0721061480983,0.0719426420935,0.0720516460967,0.0719426420935,0.0718881400919,0.0714521240793,0.0713976220777,0.0712886180745,0.0708526020618,0.0711251120697,0.0706890960571,0.070961606065,0.0713976220777,0.0712886180745,0.0706890960571,0.0700895740396,0.0699260680348,0.0699260680348,0.0696535580269,0.0694900520222,0.0688360280031,0.0692720440158,0.069381048019,0.0692720440158,0.0689995340079,0.069381048019,0.069381048019,0.0695445540237,0.0690540360095,0.0692720440158,0.0696535580269,0.0696535580269,0.0692720440158,0.0688905300047,0.0689450320063,0.0682910079873,0.0680184979793,0.0680184979793,0.0676914859698,0.0676914859698,0.0680184979793,0.0677459879714,0.0675824819667,0.0674189759619,0.0674189759619,0.0672554699571,0.067800489973,0.0680184979793,0.067800489973,0.067800489973,0.0681275019825,0.0685635179952,0.0685090159936,0.0683455099889,0.0683455099889,0.0686725219984,0.068454513992,0.0679639959778,0.0678549919746,0.0679639959778,0.0674189759619,0.067800489973,0.0679639959778,0.0681275019825,0.0688905300047,0.0685635179952,0.0690540360095,0.0691630400126,0.069381048019,0.0692175420142,0.0691085380111,0.0694355500206,0.0694900520222,0.0701985780428,0.0700895740396,0.0699260680348,0.0704165860491,0.0701985780428,0.0704710880507,0.0705800920539,0.0707981000602,0.0705255900523,0.070307582046,0.0698715660333,0.0696535580269,0.0697625620301,0.0699260680348,0.0701440760412,0.070307582046,0.0704710880507,0.0704710880507,0.0707435980586,0.0707981000602,0.0709071040634,0.0708526020618,0.0707981000602,0.0710706100682,0.0710706100682,0.0711796140713,0.0712341160729,0.0707981000602,0.0707435980586,0.0709071040634,0.0706890960571,0.0700895740396,0.0702530800444,0.0705800920539,0.0706890960571,0.0707435980586,0.0707981000602,0.0711796140713,0.071615630084,0.071615630084,0.0718336380904,0.072269654103,0.0723241561046,0.0719426420935,0.0714521240793,0.0719971440951,0.072269654103,0.0723241561046,0.0721606500999,0.0721606500999,0.0721606500999,0.0720516460967,0.0719426420935,0.0718881400919,0.0721606500999,0.0723786581062,0.0719971440951,0.0717791360888,0.0715066260808,0.0713431200761,0.0710161080666,0.0706890960571,0.0706890960571,0.0707435980586,0.0706890960571,0.0707435980586,0.0710706100682,0.0704710880507,0.0702530800444,0.0700895740396,0.0695445540237,0.0692175420142,0.0695990560253,0.0694900520222,0.0695445540237,0.0694900520222,0.0691085380111,0.0687815260015,0.0688905300047,0.069381048019,0.0696535580269,0.0704710880507,0.0699805700364,0.0696535580269,0.0694355500206,0.0696535580269,0.0696535580269,0.0698170640317,0.069381048019,0.0692175420142,0.0692720440158,0.0689995340079,0.068454513992,0.0685090159936,0.0689450320063,0.0691085380111,0.0694900520222,0.0695445540237,0.069381048019,0.0690540360095,0.0691085380111,0.0697080600285,0.0700895740396,0.0704710880507,0.0706345940555,0.0712341160729,0.0714521240793,0.0713431200761,0.0714521240793,0.0718336380904,0.0721061480983,0.0723241561046,0.0723786581062,0.0723786581062,0.0724331601078,0.0724876621094,0.072542164111,0.0724331601078,0.072269654103,0.0723241561046,0.072269654103,0.072542164111,0.0726511681141,0.0732506901316,0.0735232001395,0.0735777021411,0.0741772241586,0.0747222441744,0.0749947541823,0.0755397741982,0.0758122842061,0.0759757902109,0.0765208102268,0.0769023242379,0.0775563482569,0.0775563482569,0.0779923642696,0.0791369063029,0.0794094163108,0.0796819263187,0.0799544363267,0.0803904523394,0.0808264683521,0.0810444763584,0.0812079823632,0.0818075043806,0.082407026398,0.0835515684314,0.0842055924504,0.0840965884472,0.0844781024583,0.0844236004567,0.0851866284789,0.0857861504964,0.0867126845233,0.0869851945313,0.0870941985344,0.0872577045392,0.0880207325614,0.0886202545788,0.08900176859,0.0898192986137,0.0905278246344,0.0910183426486,0.0913453546581,0.0913453546581,0.0915633626645,0.091890374674,0.0922718886851,0.092816908701,0.0939069487327,0.0939614507343,0.0941794587406,0.0940159527359,0.0946699767549,0.0942339607422,0.0940704547375,0.094124956739,0.0939614507343,0.0936889407263,0.0935799367232,0.0935254347216,0.0940159527359,0.0939614507343,0.0943429647454,0.094397466747,0.0945064707501,0.0942339607422,0.0951059927676,0.0960870287961,0.0967410528152,0.0970680648247,0.0973950768342,0.0971770688279,0.0968500568183,0.0971225668263,0.0974495788358,0.0976130848405,0.0976130848405,0.097558582839,0.0981036028548,0.098866630877,0.0990301368818,0.0991391408849,0.0989756348802,0.0995206548961,0.0990846388834,0.0983761128627,0.0984851168659,0.0989211328786,0.0990301368818,0.0996841609008,0.0994661528945,0.0993571488913,0.0992481448881,0.0989756348802,0.0991936428865,0.0989211328786,0.0990301368818,0.0991936428865,0.0995751568976,0.0997386629024,0.0995206548961,0.0996841609008,0.0997386629024,0.0991391408849,0.0993026468897,0.0992481448881,0.0993026468897,0.0991936428865,0.0993026468897,0.0990846388834,0.0993026468897,0.0991936428865,0.0986486228707,0.0987576268738,0.098866630877,0.0993571488913,0.0996841609008,0.10033818492,0.0997386629024,0.100120176913,0.0999566709087,0.100392686921,0.100283682918,0.100828702934,0.10104671094,0.100774200933,0.101210216945,0.101973244967,0.102300256977,0.102572766985,0.102681770988,0.102845276993,0.10273627299,0.102681770988,0.102899778994,0.103717309018,0.103335795007,0.102790774991,0.102572766985,0.102463762982,0.102191252974,0.103172289002,0.103281293005,0.103117787001,0.102518264983,0.101864240964,0.101864240964,0.102082248971,0.101591730956,0.101591730956,0.101210216945,0.101264718947,0.101101212942,0.100883204936,0.101155714944,0.101864240964,0.101809738963,0.10137372295,0.101319220948,0.100774200933,0.100883204936,0.101264718947,0.101646232958,0.102136750972,0.101864240964,0.101155714944,0.10104671094,0.100719698931,0.10001117291,0.0994661528945,0.0993026468897,0.0989756348802,0.0983216108612,0.0985396188675,0.098866630877,0.0991936428865,0.0984851168659,0.0982671088596,0.0979945988516,0.0976130848405,0.097286072831,0.0974495788358,0.097558582839,0.0983761128627,0.0982671088596,0.0972315708294,0.0968500568183,0.0965775468104,0.0969590608215,0.0966865508136,0.0969045588199,0.0970680648247,0.0971225668263,0.0968500568183,0.0980491008532,0.098212606858,0.0984851168659,0.0982671088596,0.098212606858,0.0979945988516,0.0977220888437,0.0981581048564,0.0981036028548,0.0980491008532,0.0981581048564,0.0976130848405,0.0979945988516,0.0981581048564,0.0986486228707,0.0990846388834,0.0994661528945,0.0994661528945,0.100174678915,0.100719698931,0.10104671094,0.101482726953,