# R script for Peak Model
#  -- generated by MACS
p <- c(0.034364252316,0.0354719456066,0.0363735564245,0.0372236466242,0.0381252574421,0.0392071904236,0.0404436852595,0.0416544197864,0.0425817909134,0.043406120804,0.0443592522401,0.0452608630579,0.0461882341849,0.0470898450028,0.0479914558207,0.0486869841659,0.0497946774565,0.0507220485834,0.0517524609467,0.0529116748554,0.0538390459824,0.0551013011275,0.0561574737998,0.0572394067813,0.0582440588355,0.0591971902716,0.0600988010895,0.0610519325255,0.0616959402526,0.0622111464342,0.0632930794157,0.0642977314699,0.0653023835241,0.066203994342,0.0672859273235,0.0673374479416,0.0676208113415,0.0681360175232,0.0682648190686,0.0679041747415,0.0681102572141,0.067749612887,0.0676723319597,0.0675692907234,0.067440489178,0.0672601670144,0.0670025639236,0.0668480020691,0.0669768036145,0.0664873577419,0.0663843165056,0.066513118051,0.0666161592873,0.0663843165056,0.066513118051,0.0665646386692,0.0666934402146,0.0665388783601,0.0667964814509,0.0667449608327,0.067131365469,0.0667964814509,0.066513118051,0.0667964814509,0.066513118051,0.0661782340329,0.0664358371237,0.0660236721784,0.0654569453786,0.0651993422878,0.064967499506,0.0646841361061,0.064632615488,0.0647356567243,0.0645295742516,0.0642204505427,0.0638855665246,0.0636279634338,0.0635506825065,0.063396120652,0.0632930794157,0.0634218809611,0.0635249221974,0.0634991618883,0.0634991618883,0.0640401283791,0.0640401283791,0.0640916489972,0.0638082855973,0.0639628474518,0.0640916489972,0.0639628474518,0.0638855665246,0.063705244361,0.0636279634338,0.0637567649792,0.0638340459064,0.0639886077609,0.0642977314699,0.0646841361061,0.0647356567243,0.0647871773425,0.0648644582697,0.0649932598151,0.0645553345607,0.0642719711608,0.0641946902336,0.0641174093063,0.0640658886882,0.064323491779,0.0642719711608,0.0640916489972,0.0641174093063,0.0641431696154,0.0641174093063,0.064323491779,0.0647356567243,0.0650447804333,0.0651993422878,0.0653281438332,0.0654827056877,0.0650963010515,0.0650963010515,0.0650705407424,0.0646583757971,0.0644522933244,0.0641946902336,0.0641946902336,0.0640916489972,0.0640916489972,0.0637567649792,0.0641689299245,0.0642977314699,0.0641689299245,0.0643492520881,0.0644265330153,0.0644007727062,0.0645295742516,0.0646841361061,0.0646841361061,0.064941739197,0.0650190201242,0.0650447804333,0.0648902185788,0.064941739197,0.0650705407424,0.064941739197,0.0647356567243,0.0648902185788,0.0650963010515,0.0650705407424,0.0650447804333,0.0651220613605,0.0650705407424,0.0650447804333,0.0646841361061,0.0640401283791,0.0639113268337,0.0640658886882,0.0635764428156,0.0636022031247,0.0633188397248,0.0632673191066,0.0632930794157,0.063396120652,0.0630097160158,0.0629066747794,0.0626748319977,0.0625975510705,0.0626748319977,0.062468749525,0.0622884273615,0.0621081051979,0.0619535433434,0.0623399479796,0.0624945098341,0.062442989216,0.062442989216,0.0623399479796,0.0623141876705,0.0623141876705,0.0628036335431,0.0629066747794,0.0627263526159,0.0628293938522,0.062752112925,0.0626233113795,0.0628293938522,0.0626748319977,0.0627263526159,0.0626490716886,0.0628036335431,0.0628551541613,0.0628551541613,0.0630612366339,0.0631642778703,0.0636022031247,0.0637825252883,0.0638855665246,0.0639370871427,0.0639113268337,0.0638598062155,0.0639370871427,0.0642462108517,0.0643492520881,0.0644522933244,0.0642977314699,0.0644522933244,0.0644007727062,0.0645038139426,0.0645810948698,0.0648644582697,0.064941739197,0.0650447804333,0.065276623215,0.0653281438332,0.0656887881604,0.0660236721784,0.0657918293967,0.066203994342,0.0662812752693,0.0660236721784,0.0657403087785,0.0659463912512,0.0657660690876,0.0660494324875,0.066513118051,0.0668737623782,0.0670283242326,0.0672086463962,0.0669510433054,0.0670283242326,0.0671056051599,0.0669252829963,0.0668737623782,0.0672344067053,0.0671571257781,0.067131365469,0.0672601670144,0.067440489178,0.0675435304143,0.0680587365959,0.0682905793777,0.0684709015413,0.0688573061775,0.0691921901956,0.0691664298865,0.0691406695774,0.0693725123592,0.0692437108137,0.0692952314319,0.069320991741,0.0694497932864,0.06963011545,0.0696558757591,0.0698361979226,0.0698104376136,0.0696558757591,0.0700165200862,0.0705574865769,0.0707120484314,0.0710984530677,0.0710469324495,0.0713045355403,0.0714075767767,0.0717167004857,0.0717167004857,0.0717167004857,0.0716394195584,0.0717167004857,0.0720773448128,0.0720773448128,0.0721803860491,0.0723349479036,0.0723349479036,0.0725667906854,0.0729531953216,0.0731592777943,0.073391120576,0.0739578473758,0.0741896901576,0.0741124092303,0.0742412107757,0.0743957726302,0.0745503344847,0.0747564169574,0.0746018551029,0.0747048963392,0.0751428215936,0.0750397803573,0.0753489040663,0.0759413911752,0.0761474736478,0.0765853989023,0.0772809272475,0.0774097287929,0.0774870097201,0.077435489102,0.0774870097201,0.0779249349745,0.0784143808471,0.0788780664106,0.0791099091923,0.0792902313559,0.0794447932104,0.0796766359921,0.0801145612466,0.0804494452646,0.0804752055737,0.0803721643374,0.0805009658828,0.0805267261919,0.0804752055737,0.0805009658828,0.0803206437192,0.0803464040283,0.080887370519,0.0812222545371,0.0813510560825,0.0816601797915,0.0818662622642,0.0818920225732,0.0820465844277,0.0821496256641,0.0825617906094,0.0827936333911,0.0832057983365,0.0834634014273,0.0836694838999,0.0835922029727,0.0840558885362,0.0841331694634,0.0845453344087,0.0849832596631,0.0854211849175,0.0855242261539,0.0859621514083,0.0863227957354,0.0869152828443,0.0875850508805,0.0876880921168,0.0879456952076,0.0879456952076,0.0882032982985,0.0888473060255,0.0892337106618,0.0894913137526,0.0898004374616,0.0907278085885,0.0905990070431,0.0907020482795,0.0908050895158,0.0911142132248,0.0914233369338,0.0916551797155,0.0920415843517,0.0922219065153,0.0925052699152,0.0928659142424,0.0929689554787,0.0930204760969,0.0931235173332,0.0935872028967,0.0940766487693,0.0938963266057,0.0939736075329,0.0942569709328,0.0946948961872,0.0950297802053,0.0947206564963,0.0945660946418,0.0943600121692,0.0948752183508,0.0954934657688,0.0958025894778,0.0960086719504,0.0963177956594,0.0965496384412,0.0975027698772,0.098069496677,0.0984816616224,0.0985847028587,0.0989453471859,0.0996923961492,0.0999757595492,0.100336403876,0.100387924494,0.100671287894,0.100954651294,0.101521378094,0.101856262112,0.102113865203,0.102629071385,0.102654831694,0.102732112621,0.102809393548,0.103195798184,0.103504921893,0.103711004366,0.103968607457,0.103968607457,0.104097409002,0.104071648693,0.10417468993,0.104638375493,0.105230862602,0.105153581675,0.105076300747,0.105153581675,0.10499901982,0.105308143529,0.105900630638,0.107059844547,0.10698256362,0.107085604856,0.107008323929,0.107188646092,0.107317447638,0.106673439911,0.106802241456,0.107034084238,0.107420488874,0.108012975983,0.108193298146,0.108682744019,0.108734264637,0.109300991437,0.109661635764,0.109532834219,0.10979043731,0.110511725964,0.110872370291,0.111026932146,0.110949651218,0.110949651218,0.111104213073,0.111233014618,0.111413336782,0.111619419254,0.112366468218,0.112907434709,0.113190798108,0.113551442436,0.113551442436,0.11398936769,0.114040888308,0.114504573872,0.114942499126,0.114736416653,0.115431944999,0.115689548089,0.116204754271,0.116410836744,0.116075952726,0.11623051458,0.116204754271,0.116436597053,0.11623051458,0.116565398598,0.116282035198,0.116719960453,0.116823001689,0.116926042925,0.117286687253,0.117724612507,0.118007975907,0.118111017143,0.118317099616,0.118523182089,0.118729264561,0.119270231052,0.119579354761,0.120558246506,0.120532486197,0.120532486197,0.120429444961,0.120970411451,0.12156289856,0.121794741342,0.122361468142,0.122799393396,0.123056996487,0.123185798032,0.123494921741,0.123881326378,0.124551094414,0.124989019668,0.125272383068,0.125581506777,0.126251274813,0.12635431605,0.126818001613,0.127049844395,0.12746200934,0.127719612431,0.128080256758,0.128518182013,0.129007627885,0.129394032521,0.130501725812,0.130759328903,0.131635179412,0.132279187139,0.132614071157,0.134030888156,0.135241622683,0.136529638137,