# R script for Peak Model
#  -- generated by MACS
p <- c(0.0353270616095,0.0360652927645,0.0367855182815,0.0375957719881,0.0384240313327,0.0391802681256,0.0399905218322,0.0407827699009,0.0415210010559,0.0421511983832,0.0429974633657,0.0437356945207,0.0445999651411,0.0453201906581,0.0461304443647,0.0468686755197,0.0477329461401,0.048489182933,0.049191402812,0.0499116283291,0.0505238200185,0.0512800568114,0.0522343556214,0.0529365755005,0.0539088799485,0.0548451731206,0.055709443741,0.0567717763786,0.0575100075336,0.0583202612402,0.0592385487744,0.0601028193948,0.0609310787394,0.0617053211702,0.062479563601,0.063433862411,0.0642261104797,0.0651443980139,0.0660986968239,0.0669449618064,0.0677372098752,0.0686554974093,0.0693397116505,0.0693397116505,0.0694477454781,0.0693577172884,0.0689976045299,0.0690156101679,0.0694477454781,0.0696097962194,0.0695917905815,0.069465751116,0.0696458074952,0.0696097962194,0.0696458074952,0.0699879146158,0.0702219879089,0.0703480273743,0.0705460893915,0.0706001063053,0.0708521852362,0.0709962303396,0.0708521852362,0.071140275443,0.0710322416155,0.0711942923568,0.0712843205464,0.071140275443,0.0712303036327,0.0713203318223,0.0713383374602,0.0712663149085,0.0711942923568,0.0711942923568,0.0713563430982,0.071158281081,0.071392354374,0.071644433305,0.0718064840463,0.0717524671325,0.0717704727704,0.0716804445808,0.0715724107533,0.0715904163912,0.0714823825636,0.0715724107533,0.0717884784084,0.0719865404255,0.0722566249944,0.0724906982874,0.0724726926495,0.0726347433909,0.0726347433909,0.0726347433909,0.0728147997701,0.0731389012528,0.0730308674252,0.0731208956148,0.0733549689079,0.0734449970975,0.0736430591147,0.0738771324077,0.0739671605973,0.0740751944249,0.0741832282524,0.0740932000628,0.0743632846317,0.0743812902696,0.0740932000628,0.0740751944249,0.0738771324077,0.0736970760284,0.073571036563,0.0732289294424,0.0733729745458,0.0734630027354,0.0733009519941,0.0733909801837,0.0733729745458,0.0735170196492,0.0736430591147,0.0735350252871,0.0735350252871,0.0734630027354,0.0732649407182,0.0732469350803,0.0733369632699,0.0731569068907,0.0732289294424,0.0733369632699,0.0735170196492,0.0737510929422,0.0737150816664,0.0736610647526,0.073318957632,0.073318957632,0.0732109238045,0.0732289294424,0.073318957632,0.073553030925,0.073571036563,0.0731208956148,0.0727787884943,0.0725447152012,0.0724186757357,0.0724006700978,0.072346653184,0.0722926362703,0.0724006700978,0.0721665968048,0.072364658822,0.072364658822,0.072364658822,0.072364658822,0.0725267095633,0.0722566249944,0.0722566249944,0.0722386193565,0.0724186757357,0.0725267095633,0.0726527490288,0.0726527490288,0.072598732115,0.072364658822,0.0721485911669,0.0718965122359,0.0718064840463,0.0720045460635,0.0722026080806,0.0721305855289,0.0722926362703,0.0723286475461,0.0722386193565,0.0722206137186,0.071878506598,0.0718064840463,0.0719145178738,0.0718244896842,0.0717884784084,0.0716084220291,0.0715904163912,0.0715183938395,0.0715363994774,0.071644433305,0.0713743487361,0.0713023261844,0.0710682528913,0.0709242077879,0.0705640950294,0.0703480273743,0.070438055564,0.0707261457708,0.0706541232191,0.0706361175811,0.0709962303396,0.0711942923568,0.071392354374,0.0713563430982,0.0714643769257,0.0715183938395,0.071626427667,0.0718064840463,0.0717344614946,0.0717704727704,0.0719325235118,0.0717524671325,0.0715544051153,0.071626427667,0.0717524671325,0.0716984502187,0.0719505291497,0.0718965122359,0.0719505291497,0.0720945742531,0.0725087039254,0.0725627208391,0.0726707546667,0.0727607828563,0.0729768505114,0.0731028899769,0.0733909801837,0.0735890422009,0.0737330873043,0.0737510929422,0.0736790703905,0.0737150816664,0.0736970760284,0.0740211775111,0.0743092677179,0.0746153635626,0.0746333692006,0.074759408666,0.0747414030281,0.0750474988728,0.0751555327004,0.0751195214245,0.0751555327004,0.0753175834417,0.07524556089,0.0755696623727,0.0755516567348,0.0758937638553,0.0760738202346,0.0761998597001,0.0763078935276,0.0763439048035,0.0763078935276,0.0767400288378,0.0768660683033,0.0768300570275,0.077172164148,0.0775682881824,0.0775862938203,0.0774062374411,0.0776042994582,0.0777483445616,0.0779284009409,0.0778743840271,0.0780724460443,0.0779824178547,0.0784685700787,0.0786666320958,0.0787386546475,0.0789187110268,0.0792428125095,0.0796569421817,0.07958491963,0.0797289647334,0.0798009872851,0.079836998561,0.0799810436644,0.080323150785,0.0806652579056,0.0808453142848,0.0812954552329,0.0817455961811,0.0819436581983,0.081997675112,0.0821417202154,0.0823217765947,0.0823217765947,0.0823757935085,0.0822677596809,0.0825378442498,0.0826278724394,0.082735906267,0.0826638837153,0.0826098668015,0.0830960190255,0.0830420021117,0.0831320303013,0.0835101486978,0.083690205077,0.0838702614563,0.0837442219908,0.0841223403872,0.084176357301,0.0846264982491,0.0846084926112,0.0848425659042,0.0846805151629,0.0849145884559,0.0849325940939,0.0850226222835,0.0852927068524,0.0853107124903,0.0852566955765,0.0853287181282,0.0854007406799,0.0855988026971,0.085616808335,0.0856888308867,0.0857428478005,0.0856528196109,0.0858148703522,0.0859589154556,0.0862109943866,0.0864450676796,0.0866071184209,0.086589112783,0.0865711071451,0.0869492255415,0.0871472875587,0.0873633552138,0.087561417231,0.0877774848861,0.0880835807308,0.0879755469032,0.0883176540238,0.0884616991272,0.0884616991272,0.0885517273169,0.0884797047652,0.0883896765755,0.0886057442306,0.0888938344374,0.0888758287995,0.0886597611444,0.0887317836961,0.0888758287995,0.0889658569891,0.0889478513512,0.0890198739029,0.0893439753856,0.0895060261269,0.0897400994199,0.0897581050579,0.089956167075,0.0901002121784,0.0901902403681,0.0903162798335,0.0904063080232,0.0904963362128,0.0905323474886,0.0907304095058,0.0907484151437,0.0909464771609,0.0909464771609,0.0910004940747,0.0911985560919,0.0914686406608,0.0919547928847,0.0920448210744,0.0920808323502,0.0923149056433,0.0926930240397,0.0926930240397,0.0929811142465,0.093341227005,0.0933952439188,0.0934492608326,0.0938453848669,0.0940074356082,0.0940794581599,0.0939354130565,0.0940794581599,0.0942054976254,0.0941154694358,0.0941874919875,0.0940794581599,0.0944215652805,0.0943315370909,0.0944215652805,0.0944935878322,0.0944035596426,0.0943675483667,0.0945115934701,0.0944395709184,0.0945295991081,0.0946736442115,0.0946016216598,0.0945656103839,0.094547604746,0.0946376329356,0.094547604746,0.0942235032633,0.0942775201771,0.0945295991081,0.0947276611253,0.0951417907975,0.0949797400562,0.0951417907975,0.0953758640906,0.0953758640906,0.0954658922802,0.0955919317457,0.095753982487,0.0958800219525,0.0957719881249,0.0953758640906,0.0954838979181,0.0954298810043,0.0953038415389,0.0953218471768,0.0949977456941,0.0949257231424,0.0951057795217,0.0953218471768,0.0954658922802,0.0955559204698,0.095267830263,0.0954298810043,0.0953578584526,0.0954838979181,0.0958079994008,0.0959340388662,0.0959700501421,0.0963121572627,0.096240134711,0.096006061418,0.0958800219525,0.0960600783317,0.0960960896076,0.0959340388662,0.0958079994008,0.0957899937628,0.0956999655732,0.0958260050387,0.0960240670559,0.0961140952455,0.0961501065214,0.0964021854523,0.0962581403489,0.0963661741765,0.0962581403489,0.0963301629006,0.0962041234351,0.0959700501421,0.0959340388662,0.0961140952455,0.0960960896076,0.0960960896076,0.0962041234351,0.0962761459868,0.0963481685385,0.0965462305557,0.0968523264004,0.0966722700212,0.0969423545901,0.0970683940555,0.0969783658659,0.0970143771418,0.0970503884176,0.0973024673486,0.0975185350037,0.0978966534001,0.0978966534001,0.0979686759518,0.0985268507275,0.0986168789171,0.099139042417,0.0990490142273,0.099121036779,0.0994091269858,0.0995171608134,0.0998052510202,0.100507470899,0.100795561106,0.101137668227,0.101551797899,0.102254017778,0.102956237657,0.103532418071,0.103694468812,0.103964553381,0.104450705605,0.105062897294,0.105350987501,0.105459021329,0.105819134087,0.10623326376,0.106809444173,0.107421635863,0.107691720432,0.10814186138,0.108970120724,0.10961832369,0.109816385707,0.110410571758,0.110896723982,0.111490910034,