# R script for Peak Model
#  -- generated by MACS
p <- c(0.0375246807083,0.0384705282104,0.0392526713371,0.040125761339,0.0409260938408,0.0419446988431,0.0426904632197,0.0435635532217,0.0444184538486,0.0453461119756,0.0460736869772,0.0470922919795,0.0480381394816,0.0488748507334,0.0496206151101,0.050457326362,0.0512576588637,0.0522580744909,0.0532221113681,0.0540588226199,0.055004670122,0.0556776769985,0.0565325776254,0.0573692888773,0.0581878107541,0.0590790901311,0.0600795057583,0.0610617320105,0.0618802538873,0.0627715332643,0.0636810020163,0.0644267663929,0.06535442452,0.0663730295223,0.0674643920247,0.0683374820266,0.0692833295287,0.0701018514055,0.0708658051572,0.0717207057841,0.0726847426613,0.0735578326632,0.07437635454,0.0740853245394,0.0739761882891,0.0738670520389,0.0739398095391,0.0738306732888,0.0738306732888,0.0740307564143,0.0739761882891,0.0738670520389,0.0738670520389,0.0739943776642,0.0738488626639,0.073903430789,0.0739761882891,0.0743035970399,0.0745764376655,0.074812899541,0.0751039295416,0.0754495276674,0.0758315045433,0.0759770195436,0.0761407239189,0.0761952920441,0.0763589964194,0.0763953751695,0.0763044282943,0.0763771857945,0.0761407239189,0.076177102669,0.0761952920441,0.0763044282943,0.0760679664188,0.0759770195436,0.0758860726684,0.0759224514185,0.0762134814191,0.0761225345439,0.0758133151682,0.0759042620434,0.0757951257932,0.0757587470431,0.0755222851676,0.0754313382924,0.0753403914172,0.075285823292,0.0755040957925,0.0756132320428,0.0755950426677,0.0755040957925,0.075740557668,0.0758133151682,0.0755768532927,0.0753767701672,0.0754313382924,0.075285823292,0.0751948764168,0.0754859064175,0.0753403914172,0.0756678001679,0.0756496107928,0.0754859064175,0.0753585807922,0.0753767701672,0.0751584976668,0.0752130657919,0.0751221189167,0.0750493614165,0.0750675507916,0.0750311720415,0.074812899541,0.0747037632907,0.0747765207909,0.0746673845407,0.0746673845407,0.0749220357912,0.074794710166,0.0745582482904,0.0743945439151,0.0744854907903,0.0743399757899,0.0741580820395,0.0741217032895,0.0742308395397,0.0741580820395,0.0742308395397,0.0742308395397,0.07437635454,0.0743035970399,0.0741398926645,0.0740489457893,0.0739398095391,0.0740307564143,0.0741944607896,0.0741035139144,0.07437635454,0.0744854907903,0.0741217032895,0.0741217032895,0.0741398926645,0.0741762714146,0.0742490289147,0.0741035139144,0.0742490289147,0.0742126501647,0.0737942945387,0.0735032645381,0.073485075163,0.0732849920376,0.0732304239125,0.0731212876622,0.0731212876622,0.0731940451624,0.0732668026626,0.0731576664123,0.0730849089122,0.073012151412,0.073012151412,0.0733213707877,0.0733395601627,0.0733031814126,0.0732122345374,0.0732122345374,0.0731576664123,0.0733941282878,0.0733213707877,0.0736305901634,0.0736124007883,0.0737942945387,0.0737942945387,0.0736851582885,0.0736305901634,0.0735032645381,0.0734305070379,0.0733941282878,0.0734123176629,0.0732668026626,0.0731758557874,0.0734123176629,0.0736487795384,0.0735396432882,0.0735032645381,0.073485075163,0.0733577495378,0.0736851582885,0.0733213707877,0.0734305070379,0.0734123176629,0.073466885788,0.073448696413,0.073466885788,0.0735578326632,0.0737215370386,0.0737942945387,0.0737215370386,0.0736487795384,0.0736851582885,0.073485075163,0.0733577495378,0.0735578326632,0.0734305070379,0.0731940451624,0.0734305070379,0.0735942114133,0.0736669689134,0.0735396432882,0.0737579157887,0.0738852414139,0.0740307564143,0.0738306732888,0.0737942945387,0.0735942114133,0.0735760220382,0.0733213707877,0.073448696413,0.073466885788,0.0736124007883,0.0738124839138,0.0738124839138,0.0737579157887,0.0738670520389,0.0738124839138,0.0738306732888,0.0741217032895,0.0740853245394,0.0741762714146,0.0742308395397,0.0740853245394,0.0743035970399,0.0742490289147,0.0743035970399,0.0746491951656,0.0749038464162,0.0750311720415,0.075285823292,0.0755040957925,0.0755586639176,0.0756678001679,0.075704178918,0.0758315045433,0.0760679664188,0.0763589964194,0.0763226176693,0.0762316707941,0.0764135645445,0.0764317539196,0.0765954582949,0.0767773520453,0.0765590795449,0.0768137307954,0.07661364767,0.0769410564207,0.0768137307954,0.0769956245458,0.0770138139209,0.0774139801718,0.0776686314223,0.0776686314223,0.0777050101724,0.0779232826729,0.0778687145478,0.0780687976732,0.0780324189231,0.0780869870483,0.0782870701737,0.0783234489238,0.0785599107993,0.0786872364246,0.0788327514249,0.0787963726748,0.0787963726748,0.0789600770502,0.07888731955,0.0790692133004,0.0791965389257,0.0794148114262,0.0796694626768,0.0800150608025,0.0798877351773,0.0801423864278,0.0802515226781,0.0803242801782,0.0804334164285,0.0807062570541,0.0808881508045,0.0809245295546,0.0813792639306,0.081561157681,0.0814884001808,0.081561157681,0.081561157681,0.0818339983066,0.0817066726813,0.082015892057,0.0823251114327,0.0825070051831,0.0827252776835,0.0829799289341,0.0832527695597,0.0835074208103,0.0837802614359,0.0840894808116,0.0840167233114,0.0842349958119,0.0844896470625,0.0847624876881,0.0848534345633,0.0849807601886,0.0852536008142,0.0853809264394,0.0857083351902,0.0855810095649,0.0857992820654,0.0858356608154,0.0859084183156,0.0862722058164,0.0865996145671,0.0865996145671,0.0868360764427,0.086999780818,0.0870725383182,0.0870179701931,0.0872362426936,0.087436325819,0.0875454620692,0.0875454620692,0.0873817576939,0.0873999470689,0.0876182195694,0.0878001133198,0.0877637345697,0.0877091664446,0.0880183858203,0.0881457114456,0.0884185520712,0.0884913095713,0.0887095820718,0.0886186351966,0.0886913926968,0.0888914758222,0.0889642333224,0.0887277714469,0.0887277714469,0.0891643164478,0.089237073948,0.0894189676984,0.0897281870741,0.0894371570734,0.0898191339493,0.0898918914494,0.0899100808245,0.0899464595746,0.0902920577003,0.0904193833256,0.0904921408258,0.090583087701,0.0907831708264,0.0909104964517,0.0912197158274,0.0913288520776,0.0916016927032,0.0915835033282,0.0915289352031,0.0912560945775,0.091492556453,0.091474367078,0.0916198820783,0.0918745333288,0.0918745333288,0.0920200483292,0.091965480204,0.0920200483292,0.0918563439538,0.0919836695791,0.0920928058293,0.0921837527045,0.0922201314546,0.0921655633295,0.0923474570799,0.092402025205,0.0922928889548,0.0925475402053,0.0925657295804,0.0925293508303,0.0924747827052,0.0928203808309,0.0926566764556,0.0926384870805,0.0927840020809,0.0927112445807,0.0926384870805,0.0926384870805,0.0928021914559,0.0928203808309,0.0926930552057,0.0927112445807,0.0924565933301,0.0926384870805,0.0925657295804,0.0925293508303,0.0923474570799,0.0921291845794,0.091929101454,0.0919836695791,0.0918199652037,0.0917835864536,0.0917835864536,0.0917472077036,0.0917108289535,0.0916562608284,0.0918017758287,0.0918927227039,0.0918927227039,0.0921473739545,0.0922746995797,0.0922928889548,0.0922928889548,0.0927294339557,0.0927294339557,0.0925839189554,0.0926384870805,0.092402025205,0.0924929720802,0.0923474570799,0.0922565102047,0.0923110783298,0.0926202977055,0.0928749489561,0.0929477064562,0.0925839189554,0.0927840020809,0.0924929720802,0.0925475402053,0.0926748658306,0.0926566764556,0.0928749489561,0.0927840020809,0.0928021914559,0.0927112445807,0.0926384870805,0.0927840020809,0.0926202977055,0.0927658127058,0.092856759581,0.0927658127058,0.0927476233308,0.0924384039551,0.0925657295804,0.0927658127058,0.0931477895817,0.0935115770825,0.0936570920828,0.0936207133327,0.0936934708329,0.0938389858332,0.0938571752082,0.0944938033347,0.094639318335,0.0949667270857,0.0954032720867,0.0954942189619,0.0957488702124,0.0959671427129,0.0962217939635,0.0963673089638,0.0966401495894,0.0968584220899,0.0968584220899,0.0972585883408,0.0976769439667,0.0980225420925,0.0980952995926,0.0984772764685,0.0988228745943,0.0993503664704,0.0995140708458,0.0998596689716,0.100114320222,0.100459918348,0.100732758974,0.101169303974,0.101842310851,0.102497128352,0.102970052103,0.103151945854,0.103879520855,0.104352444607,0.104661663982,0.104916315233,0.105498375234,0.10598948836,0.106116813985,0.106535169611,0.106935335862,0.107353691488,0.107717478989,0.108099455865,0.108390485865,0.109008924617,