# R script for Peak Model
#  -- generated by MACS
p <- c(0.0207777212074,0.0223638067957,0.0234740667076,0.0242671095018,0.0256945865313,0.0261704122078,0.0282323234726,0.0293425833845,0.0304528432963,0.0314044946493,0.031721711767,0.0323561460024,0.0329905802377,0.0342594487084,0.0350524915025,0.0356869257379,0.0361627514144,0.0366385770909,0.0361627514144,0.0360041428556,0.0367971856497,0.0374316198851,0.0371144027674,0.0372730113262,0.0374316198851,0.0383832712381,0.0377488370027,0.0383832712381,0.0385418797969,0.0391763140323,0.0387004883558,0.0387004883558,0.0393349225911,0.0394935311499,0.0401279653853,0.0402865739441,0.0417140509736,0.0415554424148,0.0415554424148,0.0425070937678,0.0421898766501,0.0426657023266,0.0409210081794,0.0417140509736,0.0426657023266,0.0428243108855,0.0437759622385,0.0448862221503,0.045203439268,0.0450448307092,0.0450448307092,0.0455206563857,0.0459964820622,0.0467895248563,0.0477411762094,0.0474239590917,0.0469481334152,0.0464723077387,0.0463136991798,0.0458378735033,0.0459964820622,0.0459964820622,0.0466309162975,0.0466309162975,0.0463136991798,0.0459964820622,0.0463136991798,0.0448862221503,0.0458378735033,0.0456792649445,0.0445690050326,0.0444103964738,0.0437759622385,0.0431415280031,0.0436173536796,0.0431415280031,0.0428243108855,0.042348485209,0.0434587451208,0.0428243108855,0.0415554424148,0.0415554424148,0.0409210081794,0.0406037910618,0.0409210081794,0.0406037910618,0.0404451825029,0.0402865739441,0.0401279653853,0.0396521397088,0.0383832712381,0.0394935311499,0.0387004883558,0.0387004883558,0.0385418797969,0.0379074455616,0.0374316198851,0.0364799685321,0.0371144027674,0.0361627514144,0.0361627514144,0.0355283171791,0.0360041428556,0.0361627514144,0.0356869257379,0.0355283171791,0.0360041428556,0.0358455342967,0.0355283171791,0.0363213599732,0.0358455342967,0.0355283171791,0.0360041428556,0.0369557942086,0.0367971856497,0.0364799685321,0.0364799685321,0.0361627514144,0.0372730113262,0.0377488370027,0.0379074455616,0.0382246626792,0.0383832712381,0.0388590969146,0.0390177054734,0.0402865739441,0.0413968338559,0.0409210081794,0.0410796167383,0.0417140509736,0.0417140509736,0.0421898766501,0.042348485209,0.0434587451208,0.0426657023266,0.0434587451208,0.0436173536796,0.0434587451208,0.043300136562,0.0440931793561,0.0444103964738,0.0448862221503,0.0447276135915,0.0458378735033,0.0458378735033,0.0456792649445,0.0456792649445,0.0466309162975,0.0464723077387,0.0455206563857,0.0459964820622,0.0456792649445,0.0455206563857,0.046155090621,0.0459964820622,0.0448862221503,0.0447276135915,0.0445690050326,0.0444103964738,0.0439345707973,0.0440931793561,0.0431415280031,0.0421898766501,0.0415554424148,0.0420312680913,0.0420312680913,0.0420312680913,0.0429829194443,0.0436173536796,0.0440931793561,0.0444103964738,0.0445690050326,0.0444103964738,0.044251787915,0.0439345707973,0.0434587451208,0.0425070937678,0.042348485209,0.0421898766501,0.042348485209,0.0428243108855,0.043300136562,0.0429829194443,0.0417140509736,0.0421898766501,0.043300136562,0.0437759622385,0.0445690050326,0.0463136991798,0.0459964820622,0.045203439268,0.0458378735033,0.0453620478268,0.0463136991798,0.0466309162975,0.0472653505328,0.0488514361212,0.0483756104447,0.0493272617977,0.0496444789154,0.0491686532389,0.0485342190035,0.0493272617977,0.048058393327,0.0477411762094,0.0469481334152,0.0475825676505,0.047106741974,0.0469481334152,0.047106741974,0.0463136991798,0.0469481334152,0.0474239590917,0.0472653505328,0.048058393327,0.0472653505328,0.0459964820622,0.0453620478268,0.046155090621,0.0463136991798,0.0453620478268,0.0453620478268,0.0450448307092,0.0447276135915,0.0431415280031,0.043300136562,0.0436173536796,0.0428243108855,0.0426657023266,0.0417140509736,0.0425070937678,0.0421898766501,0.0412382252971,0.0421898766501,0.0426657023266,0.0436173536796,0.0434587451208,0.0447276135915,0.0448862221503,0.0455206563857,0.0464723077387,0.0472653505328,0.0475825676505,0.0469481334152,0.0474239590917,0.048058393327,0.0485342190035,0.0486928275624,0.0493272617977,0.0496444789154,0.0496444789154,0.0494858703565,0.0504375217095,0.0509133473861,0.0512305645037,0.0526580415332,0.0529752586509,0.0526580415332,0.0526580415332,0.0523408244156,0.0531338672097,0.0523408244156,0.0520236072979,0.0529752586509,0.0537683014451,0.0550371699158,0.0548785613569,0.0550371699158,0.0548785613569,0.0547199527981,0.0545613442393,0.0540855185628,0.0553543870334,0.0544027356804,0.0537683014451,0.0553543870334,0.0550371699158,0.0540855185628,0.0544027356804,0.0547199527981,0.0550371699158,0.0559888212688,0.0564646469453,0.0569404726218,0.0561474298276,0.0561474298276,0.0569404726218,0.058685166769,0.0593196010043,0.0594782095631,0.0594782095631,0.0593196010043,0.0601126437985,0.0602712523573,0.0604298609162,0.0621745550633,0.0629675978575,0.06534672624,0.0667742032696,0.0669328118284,0.0670914203872,0.0670914203872,0.0669328118284,0.0675672460637,0.0678844631814,0.0683602888579,0.0697877658874,0.0708980257993,0.0699463744463,0.0710566343581,0.0715324600346,0.0708980257993,0.0721668942699,0.0721668942699,0.0726427199465,0.073118545623,0.073118545623,0.0729599370641,0.074070196976,0.0745460226525,0.0761321082408,0.076925151035,0.0780354109468,0.0770837595938,0.0767665424762,0.0775595852703,0.077876802388,0.0775595852703,0.0775595852703,0.0785112366234,0.0786698451822,0.0785112366234,0.0777181938292,0.0770837595938,0.0764493253585,0.0770837595938,0.0775595852703,0.078828453741,0.079780105094,0.0799387136529,0.0805731478882,0.0818420163589,0.080731756447,0.0804145393294,0.0816834078001,0.0824764505942,0.0821592334766,0.0820006249177,0.0812075821235,0.0824764505942,0.0826350591531,0.0843797533002,0.0853314046533,0.0853314046533,0.0856486217709,0.0856486217709,0.0858072303298,0.0853314046533,0.0837453190649,0.0829522762707,0.0821592334766,0.0820006249177,0.0829522762707,0.0845383618591,0.0850141875356,0.0848555789768,0.0845383618591,0.0837453190649,0.0843797533002,0.0835867105061,0.0842211447414,0.0848555789768,0.0853314046533,0.0848555789768,0.0839039276237,0.0835867105061,0.0840625361826,0.0832694933884,0.0831108848296,0.0835867105061,0.0834281019472,0.0834281019472,0.0851727960944,0.0853314046533,0.0851727960944,0.0853314046533,0.0846969704179,0.0845383618591,0.0842211447414,0.0856486217709,0.0851727960944,0.0845383618591,0.0837453190649,0.0848555789768,0.0862830560063,0.0875519244769,0.0888207929476,0.089455227183,0.08850357583,0.0888207929476,0.08850357583,0.089455227183,0.0907240956536,0.092310181242,0.0919929641243,0.0926273983597,0.0926273983597,0.0918343555655,0.0919929641243,0.0929446154773,0.0948479181834,0.0962753952129,0.0962753952129,0.0956409609775,0.096116786654,0.0970684380071,0.0967512208894,0.0956409609775,0.0948479181834,0.0954823524187,0.096116786654,0.0972270465659,0.0980200893601,0.0970684380071,0.0978614808012,0.0969098294482,0.0975442636836,0.0994475663896,0.101350869096,0.103571388919,0.103729997478,0.103571388919,0.105633300184,0.106109125861,0.107853820008,0.108012428567,0.10896407992,0.109915731273,0.110391556949,0.110550165508,0.11166042542,0.112612076773,0.113246511008,0.114673988038,0.116418682185,0.117846159214,0.117687550656,0.117528942097,0.118163376332,0.120066679038,0.120225287597,0.120701113273,0.122445807421,0.125459370039,0.127045455627,0.128472932656,0.129900409686,0.129741801127,0.131010669598,0.133231189421,0.133548406539,0.134341449333,0.134975883569,0.135451709245,0.135134492127,0.133707015098,0.135927534922,0.137989446186,0.140368574569,0.140527183128,0.142113268716,0.142747702952,0.143223528628,0.146078482687,0.145761265569,0.149092045305,0.151471173687,0.15385030207,0.154960561982,0.1579741246,0.159401601629,0.158608558835,0.159877427306,0.162415164247,0.164001249835,0.165587335424,0.168600898042,0.170662809307,0.173517763366,0.17431080616,0.17700715166,0.178593237248,0.180655148513,0.183351494013,0.185254796719,0.186682273749,0.189061402131,0.193026616102,0.197309047191,0.198102089985,0.203018955309,0.206349735044,0.209046080545,0.209997731898,