# R script for Peak Model
#  -- generated by MACS
p <- c(0.0358292473078,0.0369891869688,0.0381307148892,0.0390697136625,0.0401007711389,0.040837240765,0.0419051217228,0.0427336500521,0.0435805901221,0.0447037063018,0.0457163520376,0.0469499386613,0.0479994078784,0.0489384066516,0.0499510523875,0.0508900511607,0.0518842851559,0.0528416956698,0.0540936940341,0.0552536336951,0.0558980446179,0.0570763960196,0.0581995121993,0.0591200992319,0.0599670393019,0.0611822141849,0.0622132716614,0.0631522704346,0.0640544457265,0.065085503203,0.0661533841608,0.0671844416373,0.0682707343357,0.0690624391837,0.0700566731789,0.0700750849196,0.0699830262163,0.0702223788448,0.0704433197326,0.0704433197326,0.0705353784358,0.0704801432139,0.0706642606204,0.0708483780269,0.0707563193237,0.0705537901765,0.0705169666952,0.0708299662863,0.070682672361,0.0708667897676,0.0709220249895,0.0708483780269,0.0711245541367,0.0710693189147,0.0708852015082,0.0710509071741,0.071106142396,0.0710140836928,0.0713454950245,0.0714927889497,0.0718794355034,0.0719714942067,0.0720819646506,0.0722108468351,0.0723581407603,0.0726159051295,0.0728552577579,0.0727079638327,0.0732419043116,0.0730577869051,0.0727816107953,0.0729104929799,0.0729473164612,0.0730025516831,0.0730209634238,0.0729657282018,0.0730025516831,0.073113022127,0.0733155512742,0.0733339630149,0.0733155512742,0.0732787277929,0.0734444334588,0.0735549039027,0.0737758447905,0.0737758447905,0.073959962197,0.0738126682718,0.0736653743466,0.0737390213092,0.0741624913442,0.073959962197,0.0738494917531,0.0740520209003,0.0743097852694,0.0742545500474,0.0742545500474,0.0745123144166,0.0746043731198,0.0745859613792,0.0744754909353,0.0743466087507,0.0742361383068,0.0744202557133,0.0747884905263,0.0747884905263,0.0748805492296,0.0746596083418,0.0746227848605,0.0748437257483,0.0747148435637,0.0747884905263,0.0746411966011,0.0745491378979,0.0746596083418,0.0746596083418,0.0747700787857,0.074751667045,0.0750278431548,0.0749541961922,0.0750278431548,0.0751567253394,0.0747884905263,0.0746780200824,0.0746411966011,0.0746780200824,0.0748253140076,0.0747884905263,0.0747332553044,0.0747332553044,0.0744754909353,0.0744570791946,0.0746227848605,0.0743650204913,0.0742361383068,0.0738494917531,0.0738863152344,0.0739783739377,0.0736101391246,0.0735549039027,0.0737574330498,0.0736653743466,0.0736837860872,0.073591727384,0.073591727384,0.0740520209003,0.0739231387157,0.0737021978279,0.0737021978279,0.0734260217181,0.073591727384,0.0734444334588,0.0733155512742,0.0732419043116,0.0734076099775,0.0734260217181,0.0733339630149,0.0733707864962,0.0735180804214,0.0731314338677,0.0730393751644,0.0729657282018,0.0730946103864,0.0726711403514,0.072800022536,0.0727263755734,0.0726159051295,0.072376552501,0.0721924350945,0.0722292585758,0.0722108468351,0.0724317877229,0.0724501994636,0.0723029055384,0.0721371998725,0.0722108468351,0.0720635529099,0.0719899059473,0.0720451411693,0.0720267294286,0.0720635529099,0.0719346707254,0.0722476703164,0.0722108468351,0.0722476703164,0.0722292585758,0.0721371998725,0.0721003763912,0.0721556116132,0.0721371998725,0.071953082466,0.0720267294286,0.0720451411693,0.0719714942067,0.0720267294286,0.0717505533188,0.0715480241717,0.0716953180969,0.0714559654684,0.0712902598025,0.0716032593936,0.0718057885408,0.0717873768001,0.0718057885408,0.0719899059473,0.0722660820571,0.0721003763912,0.0720267294286,0.0721371998725,0.0722660820571,0.0721556116132,0.0722292585758,0.0720635529099,0.0721556116132,0.071953082466,0.072008317688,0.0722660820571,0.0725054346855,0.072321317279,0.0723949642416,0.0718794355034,0.072008317688,0.0723029055384,0.0724686112042,0.0718242002814,0.0720819646506,0.0721924350945,0.0724133759823,0.0720635529099,0.0721371998725,0.0724133759823,0.0725790816482,0.0724686112042,0.0730393751644,0.0730025516831,0.0730209634238,0.0733155512742,0.0737206095685,0.0738863152344,0.0738863152344,0.074015197419,0.0741440796035,0.0741993148255,0.0744939026759,0.074383432232,0.0744754909353,0.0748437257483,0.07517513708,0.0753408427459,0.075653842337,0.0758011362622,0.0761693710752,0.0760404888906,0.0762246062971,0.0763534884817,0.0765560176289,0.0767401350354,0.0769978994045,0.0770899581078,0.0773293107362,0.077605486846,0.0776975455493,0.077660722068,0.0779921333997,0.0783235447314,0.0787838382477,0.0788022499884,0.0788022499884,0.0791704848014,0.0795939548364,0.079667601799,0.0798517192055,0.0802199540185,0.0804408949063,0.0805881888315,0.0807354827568,0.0811221293104,0.0811405410511,0.0809748353852,0.0812325997544,0.0816376580487,0.0814535406422,0.0817665402332,0.0820611280837,0.0826318920439,0.0825766568219,0.0826318920439,0.0827607742284,0.0834604203732,0.0838838904082,0.0846571835155,0.0847676539594,0.0848044774407,0.0850070065879,0.0854304766229,0.085743476214,0.0858171231766,0.0864615340994,0.0871611802441,0.0873084741693,0.0872164154661,0.0876214737604,0.087750355945,0.087695120723,0.0879160616108,0.0881554142393,0.0880633555361,0.0881370024987,0.0883027081645,0.0884684138304,0.0888366486434,0.088965530828,0.0893521773817,0.089389000863,0.0897756474166,0.0899781765638,0.0899965883045,0.0899781765638,0.0898677061199,0.0898124708979,0.0900702352671,0.0903648231175,0.0903279996362,0.0902543526736,0.0902359409329,0.0906962344492,0.0910828810029,0.0910276457809,0.0910644692622,0.0910460575216,0.0911381162248,0.0913222336314,0.0917825271477,0.0916352332224,0.0916904684444,0.0915063510379,0.091708880185,0.0921507619607,0.0923901145892,0.092555820255,0.0926662906989,0.0924637615518,0.0922980558859,0.0924453498111,0.0926478789583,0.0927399376615,0.092611055477,0.093034525512,0.0932738781404,0.0932002311778,0.0932554663998,0.0934395838063,0.0935868777315,0.093770995138,0.0938814655819,0.0940655829884,0.0942865238763,0.094617935208,0.0944706412828,0.0944154060608,0.0944522295421,0.0946915821706,0.0948388760958,0.0950229935023,0.0952991696121,0.0953359930934,0.0955753457219,0.095354404834,0.0952623461308,0.0956121692032,0.0959067570536,0.0957042279064,0.0963486388292,0.0966064031983,0.0966800501609,0.0968825793081,0.0972876376024,0.0971587554179,0.0977295193781,0.0979136367846,0.0982266363757,0.0985580477074,0.0984107537822,0.0985948711887,0.098686929892,0.098576459448,0.0987053416326,0.0988342238172,0.0990735764456,0.0991288116676,0.0994049877774,0.0992024586302,0.0997548108497,0.0998836930343,0.100123045663,0.0999573399969,0.0996811638871,0.0999205165156,0.100509692216,0.100583339179,0.100749044845,0.100933162251,0.101080456177,0.101614396656,0.101872161025,0.102553395429,0.103124159389,0.103308276795,0.103418747239,0.103418747239,0.103418747239,0.103879040756,0.103879040756,0.104063158162,0.104394569494,0.104541863419,0.104818039529,0.105370391748,0.105738626561,0.10627256704,0.106438272706,0.106769684038,0.107045860148,0.107358859739,0.107506153664,0.107727094552,0.108168976327,0.108574034622,0.108942269435,0.109402562951,0.109715562542,0.11023109128,0.110415208687,0.110746620019,0.110801855241,0.110580914353,0.110893913944,0.111041207869,0.111519913126,0.111888147939,0.112274794493,0.11277191149,0.112219559271,0.112606205824,0.112956028897,0.113103322822,0.113269028488,0.113784557226,0.113821380707,0.114079145077,0.113913439411,0.113784557226,0.114318497705,0.114539438593,0.114300085964,0.114778791221,0.11529431996,0.115515260847,0.116012377845,0.116380612658,0.116325377436,0.116896141396,0.116859317915,0.117245964469,0.117595787541,0.117816728429,0.11842431587,0.118608433277,0.118571609796,0.118903021127,0.119381726384,0.119621079013,0.119897255122,0.120044549048,0.120026137307,0.119989313826,0.120191842973,0.120504842564,0.120707371711,0.12124131219,0.121701605706,0.121443841337,0.121922546594,0.122456487073,0.122198722704,0.122677427961,0.123027251033,0.122511722295,0.122493310554,0.122714251442,0.122953604071,0.123248191921,0.123119309736,0.123285015402,0.123561191512,0.123763720659,0.123634838475,0.12407672025,0.123892602844,0.123874191103,0.124113543732,0.123579603253,0.123855779363,0.123855779363,0.12435289636,0.124757954654,