# R script for Peak Model
#  -- generated by MACS
p <- c(0.033574937225,0.0368306887135,0.039882955734,0.0411038625422,0.0427317382864,0.0455805208388,0.0482258189232,0.0512780859437,0.0539233840281,0.0571791355166,0.059620949133,0.0620627627493,0.0636906384936,0.0636906384936,0.0645045763657,0.0651150297698,0.0647080608337,0.0638941229616,0.0638941229616,0.0626732161534,0.0620627627493,0.0630801850895,0.0616557938133,0.0610453404092,0.0618592782813,0.0622662472173,0.0626732161534,0.0616557938133,0.0610453404092,0.0618592782813,0.0645045763657,0.0634871540255,0.0628767006214,0.0608418559411,0.060027918069,0.059620949133,0.0590104957289,0.0586035267928,0.0579930733887,0.0584000423248,0.0592139801969,0.0590104957289,0.0584000423248,0.060027918069,0.060027918069,0.059824433601,0.0594174646649,0.0594174646649,0.059620949133,0.059620949133,0.0584000423248,0.0584000423248,0.0581965578567,0.0588070112608,0.059620949133,0.0604348870051,0.0575861044526,0.0565686821125,0.0579930733887,0.0586035267928,0.0604348870051,0.060231402537,0.0610453404092,0.060231402537,0.0614523093452,0.060231402537,0.059620949133,0.0604348870051,0.0608418559411,0.059824433601,0.0608418559411,0.0614523093452,0.0620627627493,0.0628767006214,0.0628767006214,0.0640976074296,0.0647080608337,0.0638941229616,0.0638941229616,0.0628767006214,0.0622662472173,0.0614523093452,0.0630801850895,0.0647080608337,0.0643010918977,0.0651150297698,0.0634871540255,0.0636906384936,0.0640976074296,0.0653185142378,0.066742905514,0.066539421046,0.066539421046,0.0655219987058,0.0655219987058,0.0649115453017,0.0647080608337,0.0634871540255,0.0643010918977,0.0624697316854,0.0630801850895,0.0624697316854,0.0628767006214,0.0630801850895,0.0630801850895,0.0636906384936,0.0643010918977,0.0651150297698,0.0634871540255,0.0632836695575,0.0626732161534,0.0620627627493,0.0634871540255,0.0638941229616,0.0632836695575,0.0638941229616,0.0624697316854,0.0640976074296,0.0643010918977,0.0649115453017,0.0659289676419,0.0669463899821,0.0659289676419,0.0669463899821,0.0659289676419,0.066335936578,0.0661324521099,0.066539421046,0.0657254831739,0.0655219987058,0.066335936578,0.0651150297698,0.0638941229616,0.0630801850895,0.0643010918977,0.0636906384936,0.0649115453017,0.0645045763657,0.0634871540255,0.0624697316854,0.0618592782813,0.0616557938133,0.0618592782813,0.0594174646649,0.0581965578567,0.0584000423248,0.0577895889207,0.0573826199846,0.0590104957289,0.0581965578567,0.0594174646649,0.060027918069,0.060231402537,0.0616557938133,0.0632836695575,0.0630801850895,0.0626732161534,0.0636906384936,0.0645045763657,0.0651150297698,0.0659289676419,0.0673533589181,0.066335936578,0.066742905514,0.066335936578,0.066539421046,0.0673533589181,0.0673533589181,0.0671498744501,0.0695916880664,0.0708125948746,0.0706091104066,0.0704056259386,0.0702021414705,0.0691847191304,0.0702021414705,0.0685742657263,0.0683707812583,0.0687777501943,0.0661324521099,0.0669463899821,0.0669463899821,0.0675568433861,0.0675568433861,0.066539421046,0.0673533589181,0.0671498744501,0.0677603278542,0.0675568433861,0.0689812346624,0.0689812346624,0.0693882035984,0.0681672967902,0.0685742657263,0.0697951725345,0.0695916880664,0.0695916880664,0.0706091104066,0.0720335016828,0.0716265327468,0.0728474395549,0.0726439550869,0.0748822842352,0.0754927376393,0.0752892531713,0.0767136444475,0.0740683463631,0.0758997065754,0.0765101599795,0.0775275823196,0.0779345512557,0.0775275823196,0.0781380357237,0.0777310667877,0.0775275823196,0.0765101599795,0.0767136444475,0.0765101599795,0.0781380357237,0.0777310667877,0.0775275823196,0.0769171289155,0.0758997065754,0.0754927376393,0.0740683463631,0.0756962221074,0.0750857687033,0.0748822842352,0.0744753152992,0.0744753152992,0.0736613774271,0.0736613774271,0.0756962221074,0.0754927376393,0.0736613774271,0.0736613774271,0.0750857687033,0.0746787997672,0.073457892959,0.0736613774271,0.0740683463631,0.0742718308312,0.0748822842352,0.0740683463631,0.073254408491,0.0724404706189,0.0716265327468,0.0712195638107,0.0746787997672,0.0740683463631,0.0746787997672,0.0748822842352,0.0746787997672,0.0746787997672,0.0736613774271,0.0728474395549,0.0746787997672,0.0754927376393,0.0746787997672,0.0744753152992,0.0750857687033,0.0740683463631,0.0738648618951,0.0748822842352,0.0758997065754,0.0750857687033,0.0752892531713,0.0752892531713,0.0750857687033,0.0763066755115,0.0767136444475,0.0775275823196,0.0771206133836,0.0781380357237,0.0769171289155,0.0783415201918,0.0773240978516,0.0769171289155,0.0779345512557,0.0769171289155,0.0771206133836,0.0785450046598,0.0785450046598,0.0785450046598,0.079765911468,0.0795624269999,0.079969395936,0.0803763648721,0.0807833338081,0.0809868182762,0.0803763648721,0.0807833338081,0.0826146940204,0.0846495387007,0.0858704455089,0.0877018057212,0.0897366504015,0.0911610416777,0.093399370826,0.0950272465703,0.0954342155063,0.0952307310383,0.0972655757186,0.0988934514628,0.0986899669948,0.101538749547,0.101335265079,0.100521327207,0.100114358271,0.0990969359309,0.0988934514628,0.099707389335,0.100521327207,0.101742234015,0.101335265079,0.101131780611,0.102149202951,0.101335265079,0.100114358271,0.100114358271,0.100521327207,0.0988934514628,0.0976725446547,0.0970620912506,0.0966551223145,0.0952307310383,0.0964516378465,0.0980795135907,0.0980795135907,0.0970620912506,0.0978760291227,0.0960446689104,0.0982829980588,0.0986899669948,0.0995039048669,0.100114358271,0.0993004203989,0.100114358271,0.100724811675,0.100724811675,0.101742234015,0.101945718483,0.101538749547,0.102759656355,0.102759656355,0.102963140823,0.10337010976,0.102963140823,0.102556171887,0.102759656355,0.10337010976,0.103166625291,0.101945718483,0.100724811675,0.100521327207,0.102352687419,0.102149202951,0.103980563164,0.10337010976,0.10337010976,0.104794501036,0.106015407844,0.106625861248,0.105811923376,0.104591016568,0.104794501036,0.10337010976,0.101945718483,0.102149202951,0.104184047632,0.104997985504,0.10642237678,0.10642237678,0.107846768056,0.109881612736,0.111916457417,0.113544333161,0.113747817629,0.114968724437,0.114561755501,0.113951302097,0.112730395289,0.113747817629,0.111916457417,0.111916457417,0.111916457417,0.109881612736,0.109271159332,0.110492066141,0.112119941885,0.114154786565,0.115172208905,0.116596600182,0.117207053586,0.11781750699,0.11680008465,0.115986146777,0.112730395289,0.113340848693,0.113747817629,0.113544333161,0.111102519545,0.107032830184,0.110492066141,0.109881612736,0.111306004013,0.113340848693,0.112119941885,0.111509488481,0.114154786565,0.114968724437,0.116189631245,0.11680008465,0.11781750699,0.117614022522,0.117003569118,0.116189631245,0.115782662309,0.116189631245,0.116596600182,0.115782662309,0.115782662309,0.11781750699,0.119038413798,0.119241898266,0.117614022522,0.11781750699,0.118427960394,0.121073258478,0.118224475926,0.119038413798,0.121073258478,0.12188719635,0.124125525499,0.123108103158,0.122090680818,0.12086977401,0.119038413798,0.119445382734,0.119648867202,0.120055836138,0.12086977401,0.121276742946,0.12086977401,0.120055836138,0.121480227414,0.122294165286,0.123922041031,0.124125525499,0.125142947839,0.124735978903,0.126974308051,0.128195214859,0.128398699327,0.128602183795,0.130637028476,0.129212637199,0.125956885711,0.126567339115,0.127991730391,0.131654450816,0.13226490422,0.133485811028,0.135520655708,0.135927624644,0.135520655708,0.134910202304,0.134503233368,0.133892779964,0.13531717124,0.135520655708,0.135724140176,0.137148531453,0.136131109112,0.134706717836,0.135113686772,0.135520655708,0.13531717124,0.132671873156,0.134910202304,0.13633459358,0.135927624644,0.136538078049,0.139590345069,0.137962469325,0.13633459358,0.135113686772,0.135113686772,0.133689295496,0.13531717124,0.136131109112,0.135520655708,0.136131109112,0.135927624644,0.138165953793,0.137555500389,0.138979891665,0.140607767409,0.140404282941,0.142642612089,0.146915785918,0.146915785918,0.148543661662,0.149357599534,0.150781990811,0.150781990811,0.149968052939,0.151392444215,0.153223804427,0.153020319959,0.155665618043,