# R script for Peak Model
#  -- generated by MACS
p <- c(0.0171559475634,0.0178707787118,0.0191322454444,0.0201414188305,0.0210244455433,0.0217813255829,0.0234212323353,0.0243463079392,0.0250611390876,0.0259441658005,0.0267851436222,0.027668170335,0.0283409525924,0.029602419325,0.0304854460378,0.0314105216417,0.032041255008,0.0328401839387,0.03250379281,0.0325878905921,0.0323776461367,0.0324617439189,0.0324617439189,0.0325458417011,0.0327981350476,0.0330504283941,0.0333027217406,0.0334288684139,0.0337652595426,0.0337232106515,0.0336811617604,0.0333447706317,0.0330924772852,0.0331765750674,0.0335550150871,0.0335550150871,0.0339334551069,0.0343539440178,0.0343539440178,0.0341016506713,0.0341857484534,0.0342277973445,0.0332186239584,0.0333868195228,0.0342277973445,0.0340596017802,0.0341016506713,0.0342277973445,0.0345641884732,0.033975503998,0.0340175528891,0.0340175528891,0.0345221395821,0.0346903351465,0.0347323840376,0.0347744329287,0.0349005796019,0.034942628493,0.0351108240573,0.0349846773841,0.0350687751663,0.034942628493,0.0347744329287,0.0352790196217,0.0352369707306,0.0350267262752,0.0351949218395,0.035447215186,0.0355733618593,0.035909752988,0.0353210685128,0.0352790196217,0.0347744329287,0.0345641884732,0.0341857484534,0.034942628493,0.0347323840376,0.0348585307108,0.0351108240573,0.0351108240573,0.0349846773841,0.0354892640771,0.0358256552058,0.0355313129682,0.0357415574236,0.0365404863543,0.0367086819186,0.0369609752652,0.0366666330276,0.0371712197206,0.0371712197206,0.0379701486512,0.0380121975423,0.038348588671,0.038811126473,0.0390213709284,0.0391054687106,0.0390213709284,0.0390213709284,0.0385167842354,0.0389793220373,0.0392316153838,0.0392736642749,0.0393577620571,0.0399043976412,0.0399043976412,0.0403248865521,0.0406192287897,0.0408715221362,0.0410817665917,0.041249962156,0.0406192287897,0.0410397177006,0.0412920110471,0.0413340599382,0.0418386466312,0.0414602066114,0.0417965977401,0.0415022555025,0.0421329888688,0.0418386466312,0.0414181577203,0.0410397177006,0.0410397177006,0.0415022555025,0.0408715221362,0.040787424354,0.0406612776808,0.040745375463,0.0404510332254,0.0402407887699,0.0408294732451,0.0409556199184,0.0410397177006,0.041249962156,0.0420909399777,0.0419647933045,0.042217086651,0.0423011844332,0.0423011844332,0.0423432333243,0.0423432333243,0.0422591355421,0.0427637222351,0.0429319177995,0.0428478200173,0.0431001133638,0.0433944556014,0.0438149445123,0.0441092867499,0.0442354334231,0.044151335641,0.044151335641,0.0439410911855,0.044151335641,0.0440251889677,0.0440251889677,0.0447400201162,0.0454548512647,0.0455389490468,0.0453287045914,0.0453707534825,0.0458332912844,0.0454128023736,0.0458332912844,0.046127633522,0.0458332912844,0.0456650957201,0.046127633522,0.0466322202151,0.0465481224329,0.0460435357399,0.0459173890666,0.046127633522,0.0464219757597,0.046590171324,0.0464219757597,0.0462958290864,0.0466322202151,0.0462958290864,0.0462537801953,0.0463799268686,0.0468845135616,0.0469686113438,0.0468424646705,0.0468004157794,0.047094758017,0.0468845135616,0.0472629535814,0.0471368069081,0.0469265624527,0.0472209046903,0.0479777847299,0.0478095891655,0.0478936869477,0.0481459802942,0.0482300780764,0.0486926158783,0.049029007007,0.0499540826109,0.0498699848288,0.0501643270664,0.0505427670861,0.0507950604327,0.0505848159772,0.0502904737396,0.0507109626505,0.0512155493435,0.0519724293831,0.0515098915811,0.0516360382544,0.0521826738385,0.0525611138583,0.0530236516603,0.0535282383533,0.053864629482,0.0544533139572,0.0551260962146,0.0549579006502,0.0549999495413,0.0551260962146,0.0552101939968,0.0559250251452,0.0563875629472,0.0565978074026,0.0569762474224,0.0581536163728,0.0582797630461,0.0585741052837,0.0586161541748,0.058700251957,0.0586582030659,0.0595832786698,0.0603401587093,0.0603401587093,0.0600458164717,0.0601299142539,0.0604242564915,0.0602560609272,0.0604663053826,0.0607606476202,0.0608867942935,0.0610129409667,0.0605504031648,0.0600458164717,0.060676549838,0.0602140120361,0.0605083542737,0.0608447454024,0.0612652343132,0.0609288431845,0.0607185987291,0.0605924520559,0.0605504031648,0.0603822076004,0.0605504031648,0.0613493320954,0.0617277721152,0.0619380165706,0.0616857232241,0.0613913809865,0.0614754787687,0.0608867942935,0.0609708920756,0.0608447454024,0.0608447454024,0.0611811365311,0.0611811365311,0.0609288431845,0.0612231854222,0.061643674333,0.0613913809865,0.0612231854222,0.0610970387489,0.062106212135,0.0620641632439,0.0620641632439,0.0623585054815,0.0624005543726,0.0629051410656,0.0634938255408,0.0637881677784,0.0648393900556,0.064545047818,0.0638302166695,0.0633676788676,0.0636620211052,0.0634517766497,0.0638722655606,0.0636199722141,0.064040461125,0.0644609500358,0.0637881677784,0.0639984122339,0.0631994833032,0.0638722655606,0.0642927544715,0.0645029989269,0.0649234878378,0.0650916834021,0.0651337322932,0.0656383189863,0.0656803678773,0.0662270034615,0.0662690523526,0.0658485634417,0.0656803678773,0.0661429056793,0.0668156879367,0.0672782257386,0.0670259323921,0.0675305190852,0.0677407635406,0.0681612524515,0.0690022302732,0.0690022302732,0.0699273058771,0.0704739414612,0.0700955014414,0.070389843679,0.0714831148473,0.0722820437779,0.0729127771442,0.0735435105105,0.0732071193818,0.0738799016392,0.0740480972036,0.0746367816788,0.0750152216986,0.0753936617184,0.0758141506292,0.0759402973025,0.0762766884312,0.076697177342,0.0772017640351,0.0776222529459,0.0785052796588,0.0784211818766,0.0785052796588,0.0787155241142,0.0794724041538,0.0794724041538,0.0799769908468,0.0801451864111,0.0796826486092,0.0796405997181,0.0797667463914,0.0795144530448,0.0795565019359,0.0799349419557,0.0794303552627,0.0798928930646,0.0797667463914,0.0792201108072,0.0797246975003,0.0798928930646,0.0796405997181,0.0797667463914,0.0793042085894,0.079598550827,0.0801451864111,0.080061088629,0.0802292841933,0.0805236264309,0.0805236264309,0.0803133819755,0.0806918219953,0.0805236264309,0.0801872353022,0.080061088629,0.0803133819755,0.0803974797577,0.0802292841933,0.0806077242131,0.0809861642329,0.0812384575794,0.0813646042527,0.0820794354011,0.0822476309655,0.0827522176585,0.0840977821733,0.0843921244109,0.084434173302,0.0846023688663,0.0851490044505,0.0857376889257,0.086368422292,0.0867889112028,0.0865786667474,0.0874616934602,0.0880924268265,0.0887231601928,0.0894379913413,0.0893538935591,0.0896902846878,0.0896061869056,0.0902369202719,0.0909517514204,0.0917927292421,0.0916665825689,0.0921711692619,0.0928019026282,0.0943997604895,0.0958294227865,0.0968806450636,0.0970908895191,0.0974272806478,0.0986046495982,0.0987307962714,0.098983089618,0.0996979207664,0.099950214113,0.100496849697,0.10100143639,0.101421925301,0.102136756449,0.102136756449,0.103482320964,0.10449149435,0.105879107756,0.106678036687,0.106930330033,0.108275894548,0.108864579023,0.10949531239,0.109831703518,0.110924974687,0.112102343637,0.112943321459,0.114709374884,0.115970841617,0.117820992825,0.119292704013,0.120301877399,0.121142855221,0.122572517518,0.123287348666,0.124548815399,0.124674962072,0.125095450983,0.125642086567,0.127744531121,0.12808092225,0.128963948963,0.12963673122,0.13157098021,0.132790398052,0.134178011457,0.134514402586,0.135565624863,0.13813060722,0.138887487259,0.140022807319,0.141158127378,0.142503691893,0.143428767497,0.144816380902,0.146876776566,0.147843901061,0.14973610116,0.151249861239,0.153562550248,0.154655821417,0.15633777706,0.158482270506,0.159533492783,0.161215448426,0.162771257396,0.164158870802,0.166345413139,0.167438684307,0.168868346604,0.171769720089,0.173199382386,0.174586995792,0.176184853653,0.17917032492,0.180347693871,0.182702431771,0.18417414296,0.186360685296,0.188294934286,0.190145085494,0.191448601117,0.193887436801,0.196116028028,0.196368321375,0.199017401513,0.200783454939,0.203180241731,0.205661126305,0.207889717532,0.210160357651,0.21129567771,0.212935584463,0.214785735671,0.217687109156,0.218401940304,0.221135118225,0.222564780522,0.224709273967,0.22676966963,0.22908235864,0.231857585452,0.233960030006,