# R script for Peak Model
#  -- generated by MACS
p <- c(0.0296452331018,0.031486551928,0.033880266402,0.0357215852282,0.0368263765239,0.0386676953501,0.0403248822937,0.0425344648851,0.0458488387723,0.0475060257159,0.0486108170116,0.0510045314856,0.052293454664,0.0533982459597,0.0552395647859,0.0567126198468,0.058553938673,0.060026993734,0.0607635212645,0.0611317850297,0.0611317850297,0.0618683125602,0.0616841806776,0.0626048400907,0.0627889719733,0.0620524444428,0.0627889719733,0.0631572357385,0.0642620270342,0.0631572357385,0.063893763269,0.0633413676211,0.0616841806776,0.0622365763254,0.0618683125602,0.062420708208,0.0618683125602,0.0607635212645,0.0602111256166,0.0603952574992,0.0605793893819,0.0609476531471,0.0607635212645,0.0603952574992,0.0596587299688,0.0602111256166,0.0613159169123,0.0598428618514,0.0607635212645,0.0616841806776,0.0613159169123,0.062420708208,0.0631572357385,0.0637096313864,0.0637096313864,0.0642620270342,0.0640778951516,0.0631572357385,0.062420708208,0.0618683125602,0.0622365763254,0.0637096313864,0.0620524444428,0.0615000487949,0.0616841806776,0.0631572357385,0.0629731038559,0.063893763269,0.0646302907995,0.06536681833,0.0662874777431,0.0657350820952,0.0659192139778,0.0673922690388,0.0672081371562,0.0672081371562,0.0672081371562,0.0668398733909,0.0668398733909,0.0675764009214,0.0670240052735,0.0661033458604,0.0655509502126,0.0661033458604,0.06536681833,0.0651826864473,0.0657350820952,0.0659192139778,0.0651826864473,0.0649985545647,0.063893763269,0.0631572357385,0.063893763269,0.0631572357385,0.0635254995038,0.0631572357385,0.0631572357385,0.0620524444428,0.0631572357385,0.0626048400907,0.0620524444428,0.0615000487949,0.0627889719733,0.0626048400907,0.0626048400907,0.0620524444428,0.0616841806776,0.0615000487949,0.0615000487949,0.0605793893819,0.0602111256166,0.0615000487949,0.0618683125602,0.0603952574992,0.0603952574992,0.060026993734,0.0594745980861,0.060026993734,0.0605793893819,0.060026993734,0.0613159169123,0.0611317850297,0.0615000487949,0.0603952574992,0.060026993734,0.0618683125602,0.0627889719733,0.0627889719733,0.0622365763254,0.0629731038559,0.062420708208,0.0635254995038,0.0626048400907,0.0626048400907,0.0620524444428,0.0629731038559,0.0633413676211,0.0646302907995,0.0640778951516,0.0644461589169,0.0644461589169,0.0649985545647,0.0649985545647,0.06536681833,0.0657350820952,0.0659192139778,0.06536681833,0.0635254995038,0.0637096313864,0.0655509502126,0.06536681833,0.0648144226821,0.0644461589169,0.0644461589169,0.06536681833,0.0664716096257,0.0661033458604,0.0675764009214,0.0666557415083,0.0666557415083,0.0675764009214,0.0659192139778,0.0659192139778,0.0666557415083,0.0672081371562,0.0673922690388,0.0675764009214,0.067760532804,0.0684970603345,0.0683129284519,0.0699701153955,0.0701542472781,0.0696018516302,0.0679446646866,0.0683129284519,0.0679446646866,0.0679446646866,0.0675764009214,0.0675764009214,0.0672081371562,0.0673922690388,0.0684970603345,0.0697859835128,0.0699701153955,0.0699701153955,0.0701542472781,0.0703383791607,0.0703383791607,0.0703383791607,0.0705225110433,0.0688653240997,0.0690494559824,0.0681287965693,0.0673922690388,0.0690494559824,0.0688653240997,0.067760532804,0.0672081371562,0.0675764009214,0.0672081371562,0.0668398733909,0.0673922690388,0.0672081371562,0.0662874777431,0.0664716096257,0.0675764009214,0.0666557415083,0.0664716096257,0.0666557415083,0.0672081371562,0.0659192139778,0.0655509502126,0.0657350820952,0.0655509502126,0.0655509502126,0.0666557415083,0.0672081371562,0.0666557415083,0.0666557415083,0.0662874777431,0.0661033458604,0.0657350820952,0.0661033458604,0.0666557415083,0.0675764009214,0.0679446646866,0.0688653240997,0.0684970603345,0.0696018516302,0.0690494559824,0.069233587865,0.069233587865,0.0694177197476,0.0694177197476,0.0686811922171,0.0675764009214,0.0684970603345,0.0683129284519,0.0688653240997,0.0703383791607,0.0710749066912,0.0703383791607,0.0714431704564,0.0712590385738,0.0712590385738,0.0714431704564,0.0719955661043,0.0725479617521,0.0729162255174,0.0731003574,0.0743892805783,0.0742051486957,0.0732844892826,0.0727320936347,0.0734686211652,0.0740210168131,0.0751258081088,0.075494071874,0.0760464675219,0.0760464675219,0.0764147312871,0.0756782037567,0.0751258081088,0.0762305994045,0.0756782037567,0.0760464675219,0.0765988631698,0.076967126935,0.0773353907002,0.076967126935,0.0771512588176,0.0767829950524,0.0765988631698,0.0765988631698,0.0765988631698,0.0749416762262,0.0747575443436,0.075494071874,0.0749416762262,0.0764147312871,0.0773353907002,0.076967126935,0.0782560501133,0.078440181996,0.0782560501133,0.0793608414091,0.0797291051743,0.0799132370569,0.0821228196483,0.082306951531,0.0821228196483,0.0830434790614,0.0821228196483,0.0839641384745,0.084700666005,0.086173721066,0.0865419848312,0.0870943804791,0.0878309080096,0.0880150398922,0.0891198311879,0.0881991717748,0.0883833036574,0.0893039630705,0.090040490601,0.0929866007229,0.0937231282534,0.0966692383753,0.0968533702579,0.0979581615536,0.100167744145,0.101824931089,0.102745590502,0.10329798615,0.102745590502,0.102745590502,0.102561458619,0.103666249915,0.103482118032,0.106059964389,0.107164755685,0.107348887567,0.106428228154,0.106612360037,0.105875832506,0.107348887567,0.10753301945,0.108637810746,0.109558470159,0.108085415098,0.107717151332,0.106244096272,0.105323436858,0.106428228154,0.106428228154,0.106428228154,0.106428228154,0.109006074511,0.108085415098,0.109006074511,0.109742602041,0.108637810746,0.109926733924,0.109190206393,0.110294997689,0.110294997689,0.109558470159,0.109558470159,0.109558470159,0.109926733924,0.112504580281,0.112504580281,0.113425239694,0.112872844046,0.11176805275,0.109558470159,0.110663261454,0.11103152522,0.110847393337,0.113056975928,0.112872844046,0.112136316515,0.112688712163,0.111399788985,0.110847393337,0.110663261454,0.109374338276,0.110479129572,0.111583920867,0.11103152522,0.111215657102,0.109926733924,0.110294997689,0.109374338276,0.110663261454,0.110479129572,0.109926733924,0.109190206393,0.108085415098,0.109926733924,0.110479129572,0.110294997689,0.110479129572,0.109558470159,0.11103152522,0.109926733924,0.109006074511,0.108453678863,0.108453678863,0.11103152522,0.112688712163,0.113056975928,0.112136316515,0.110847393337,0.111399788985,0.109742602041,0.109374338276,0.109558470159,0.110294997689,0.108821942628,0.109374338276,0.110847393337,0.111583920867,0.11103152522,0.110294997689,0.11103152522,0.111215657102,0.111583920867,0.11176805275,0.111215657102,0.109558470159,0.110294997689,0.110847393337,0.111399788985,0.112136316515,0.110110865807,0.110294997689,0.110663261454,0.109926733924,0.111399788985,0.110294997689,0.111399788985,0.110663261454,0.110663261454,0.109190206393,0.105875832506,0.105323436858,0.105691700624,0.106244096272,0.106059964389,0.106612360037,0.106612360037,0.107901283215,0.10826954698,0.109374338276,0.11103152522,0.11176805275,0.111215657102,0.112136316515,0.112688712163,0.113241107811,0.113425239694,0.113241107811,0.114345899107,0.114898294755,0.116555481698,0.115634822285,0.116555481698,0.116555481698,0.117844404877,0.119869855585,0.123184229473,0.121895306294,0.122263570059,0.123920757003,0.124841416416,0.124657284533,0.125025548299,0.124473152651,0.129076449716,0.130365372895,0.132574955486,0.134600406195,0.135152801843,0.135889329373,0.137546516317,0.138651307613,0.13920370326,0.13846717573,0.13846717573,0.137546516317,0.138283043847,0.137914780082,0.137730648199,0.137362384434,0.136257593139,0.137914780082,0.138835439495,0.13920370326,0.138835439495,0.139019571378,0.138098911965,0.140676758321,0.140124362674,0.140676758321,0.140676758321,0.13920370326,0.136809988786,0.138098911965,0.139019571378,0.137730648199,0.136809988786,0.138651307613,0.138835439495,0.139387835143,0.135889329373,0.137546516317,0.138283043847,0.135521065608,0.136257593139,0.136073461256,0.137546516317,0.136994120669,0.135705197491,0.135705197491,0.136994120669,0.136625856904,0.136994120669,0.137362384434,0.137914780082,0.139940230791,0.140860890204,0.140492626439,