# R script for Peak Model
#  -- generated by MACS
p <- c(0.0349004552745,0.0364690150621,0.0372532949559,0.0396061346373,0.0427432542126,0.0454882338409,0.0482332134692,0.0525467528852,0.0548995925666,0.0560760124073,0.0588209920356,0.061565971664,0.0643109512923,0.0662716510268,0.0650952311861,0.0658795110799,0.0658795110799,0.0627423915047,0.0607816917702,0.0619581116109,0.0627423915047,0.0611738317171,0.0607816917702,0.0580367121418,0.0599974118764,0.0560760124073,0.0548995925666,0.0568602923011,0.0576445721949,0.0580367121418,0.0580367121418,0.0568602923011,0.0556838724604,0.0548995925666,0.0541153126728,0.0548995925666,0.0525467528852,0.0521546129383,0.0517624729914,0.0509781930976,0.0537231727259,0.0541153126728,0.0541153126728,0.0556838724604,0.0568602923011,0.0552917325135,0.0552917325135,0.0560760124073,0.0576445721949,0.0611738317171,0.0611738317171,0.0619581116109,0.0635266713985,0.0631345314516,0.0647030912392,0.065487371133,0.0650952311861,0.0658795110799,0.065487371133,0.0647030912392,0.065487371133,0.0670559309206,0.0670559309206,0.0670559309206,0.0690166306551,0.0682323507613,0.0670559309206,0.0666637909737,0.0678402108144,0.0682323507613,0.0670559309206,0.0682323507613,0.0678402108144,0.0666637909737,0.0666637909737,0.0643109512923,0.0639188113454,0.0643109512923,0.0631345314516,0.0627423915047,0.0623502515578,0.0599974118764,0.0599974118764,0.0599974118764,0.0611738317171,0.061565971664,0.0627423915047,0.0611738317171,0.0647030912392,0.0639188113454,0.0631345314516,0.0631345314516,0.0627423915047,0.0631345314516,0.0619581116109,0.0623502515578,0.0623502515578,0.0631345314516,0.0650952311861,0.0658795110799,0.065487371133,0.065487371133,0.065487371133,0.0650952311861,0.0643109512923,0.0627423915047,0.0627423915047,0.0639188113454,0.0639188113454,0.0639188113454,0.0639188113454,0.0619581116109,0.0596052719294,0.0603895518233,0.0596052719294,0.0592131319825,0.0580367121418,0.0588209920356,0.0603895518233,0.0603895518233,0.0607816917702,0.0623502515578,0.0627423915047,0.0623502515578,0.0635266713985,0.0647030912392,0.0639188113454,0.0635266713985,0.0643109512923,0.065487371133,0.0647030912392,0.0650952311861,0.0658795110799,0.0670559309206,0.0662716510268,0.0666637909737,0.065487371133,0.0658795110799,0.0658795110799,0.0662716510268,0.0650952311861,0.0662716510268,0.0650952311861,0.0635266713985,0.0611738317171,0.0603895518233,0.061565971664,0.0603895518233,0.0607816917702,0.0619581116109,0.0599974118764,0.0607816917702,0.0619581116109,0.0619581116109,0.0599974118764,0.057252432248,0.0580367121418,0.0580367121418,0.0564681523542,0.0548995925666,0.0548995925666,0.0541153126728,0.0548995925666,0.0548995925666,0.0545074526197,0.0537231727259,0.0552917325135,0.0541153126728,0.0548995925666,0.0548995925666,0.0564681523542,0.057252432248,0.0576445721949,0.0580367121418,0.0588209920356,0.0560760124073,0.0560760124073,0.0560760124073,0.0552917325135,0.0560760124073,0.0560760124073,0.057252432248,0.0560760124073,0.0556838724604,0.0552917325135,0.0545074526197,0.0556838724604,0.0568602923011,0.0556838724604,0.0564681523542,0.0584288520887,0.0596052719294,0.0588209920356,0.0599974118764,0.061565971664,0.0627423915047,0.061565971664,0.0611738317171,0.0592131319825,0.0588209920356,0.0576445721949,0.0607816917702,0.0611738317171,0.0592131319825,0.0603895518233,0.0588209920356,0.0603895518233,0.0619581116109,0.0627423915047,0.0650952311861,0.0674480708675,0.0694087706021,0.0682323507613,0.0666637909737,0.0674480708675,0.0670559309206,0.0674480708675,0.065487371133,0.0662716510268,0.0670559309206,0.0670559309206,0.0666637909737,0.0678402108144,0.0678402108144,0.0694087706021,0.0701930504959,0.0713694703366,0.0690166306551,0.0690166306551,0.0686244907082,0.0674480708675,0.0674480708675,0.0666637909737,0.0662716510268,0.0666637909737,0.065487371133,0.0658795110799,0.0647030912392,0.0643109512923,0.0643109512923,0.0643109512923,0.0666637909737,0.0658795110799,0.0647030912392,0.0639188113454,0.0639188113454,0.0619581116109,0.0631345314516,0.061565971664,0.061565971664,0.061565971664,0.0599974118764,0.0588209920356,0.0596052719294,0.0592131319825,0.0611738317171,0.0631345314516,0.0647030912392,0.065487371133,0.0635266713985,0.0627423915047,0.0643109512923,0.0627423915047,0.0627423915047,0.0623502515578,0.0623502515578,0.0639188113454,0.061565971664,0.061565971664,0.0619581116109,0.0611738317171,0.0611738317171,0.0623502515578,0.0623502515578,0.0627423915047,0.0643109512923,0.0647030912392,0.0639188113454,0.065487371133,0.065487371133,0.065487371133,0.0670559309206,0.0643109512923,0.0658795110799,0.0662716510268,0.0674480708675,0.0686244907082,0.0662716510268,0.0690166306551,0.069800910549,0.0717616102835,0.0748987298587,0.073722310018,0.0745065899118,0.0768594295932,0.0792122692747,0.0792122692747,0.0811729690092,0.0807808290623,0.0803886891154,0.0831336687437,0.0811729690092,0.081957248903,0.0831336687437,0.0823493888499,0.0839179486375,0.0862707883189,0.0870550682127,0.0886236280004,0.0905843277349,0.0921528875225,0.0956821470446,0.0976428467792,0.098427126673,0.094113587257,0.0933293073632,0.0952900070977,0.094113587257,0.0956821470446,0.0952900070977,0.0921528875225,0.0929371674163,0.0948978671508,0.094113587257,0.0976428467792,0.0980349867261,0.0964664269384,0.0996035465137,0.0992114065668,0.100779966354,0.105485645717,0.10391708593,0.102348526142,0.100387826407,0.100779966354,0.0992114065668,0.0980349867261,0.0972507068323,0.0964664269384,0.0976428467792,0.0996035465137,0.101564246248,0.102740666089,0.10391708593,0.105485645717,0.106269925611,0.108622765292,0.108230625346,0.109407045186,0.107054205505,0.105877785664,0.109014905239,0.109799185133,0.106662065558,0.107446345452,0.107838485399,0.103132806036,0.105877785664,0.107054205505,0.108622765292,0.112152024815,0.112544164762,0.112152024815,0.109799185133,0.109799185133,0.110975604974,0.110975604974,0.112152024815,0.110583465027,0.110583465027,0.109799185133,0.112936304708,0.113720584602,0.114112724549,0.111367744921,0.112152024815,0.11019132508,0.109799185133,0.110583465027,0.112544164762,0.112544164762,0.11528914439,0.116857704177,0.11528914439,0.116073424284,0.116073424284,0.111367744921,0.109799185133,0.110975604974,0.112544164762,0.110583465027,0.111367744921,0.113328444655,0.112152024815,0.112152024815,0.11019132508,0.109407045186,0.107838485399,0.108622765292,0.107446345452,0.108622765292,0.109014905239,0.108622765292,0.106269925611,0.106269925611,0.10509350577,0.10391708593,0.101564246248,0.101956386195,0.102348526142,0.102348526142,0.0996035465137,0.103132806036,0.10509350577,0.103132806036,0.104701365823,0.106269925611,0.107446345452,0.106269925611,0.104701365823,0.104701365823,0.107838485399,0.110583465027,0.110583465027,0.112936304708,0.113720584602,0.114897004443,0.116857704177,0.117249844124,0.118034124018,0.119210543859,0.119210543859,0.119210543859,0.118818403912,0.1203869637,0.120779103647,0.12156338354,0.123131943328,0.120779103647,0.119602683806,0.118426263965,0.117249844124,0.118426263965,0.116465564231,0.118818403912,0.123524083275,0.122347663434,0.123131943328,0.121955523487,0.122739803381,0.120779103647,0.121955523487,0.121955523487,0.122347663434,0.123524083275,0.125876922956,0.125092643062,0.12666120285,0.129406182478,0.131366882213,0.131366882213,0.132935442001,0.130190462372,0.130190462372,0.13175902216,0.133327581947,0.136464701523,0.137248981416,0.136072561576,0.13685684147,0.137248981416,0.13803326131,0.143915360514,0.142346800726,0.142346800726,0.141170380886,0.140386100992,0.141562520832,0.144307500461,0.147836759983,0.149797459717,0.149405319771,0.150581739611,0.151758159452,0.150581739611,0.149797459717,0.149013179824,0.14822889993,0.150189599664,0.150581739611,0.149405319771,0.150581739611,0.150973879558,0.152542439346,0.155287418974,0.156463838815,0.155679558921,0.155679558921,0.153718859186,0.153718859186,0.155287418974,0.156463838815,0.156463838815,0.15960095839,0.160385238284,0.158424538549,0.160777378231,0.158424538549,0.160385238284,0.161561658125,