# R script for Peak Model
#  -- generated by MACS
p <- c(0.0310452477727,0.0320161799081,0.0329133703623,0.0340440761403,0.0349412665945,0.0359490695705,0.0369077114257,0.0377311601988,0.0385177381312,0.0394149285855,0.0401892162378,0.0410126650108,0.0420450485472,0.0429668195618,0.0439623322576,0.0446505879486,0.0455969395236,0.0463589368957,0.0471209342678,0.0481287372438,0.0489030248961,0.049910827872,0.0507711474857,0.0517420796211,0.0526023992348,0.0534504285682,0.0543721995828,0.0552939705975,0.0561542902111,0.0570883515059,0.0580469933612,0.0589073129748,0.0598905353904,0.0605173396804,0.0605419202408,0.0606771133229,0.0608245966852,0.0607754355645,0.0607139841635,0.0607754355645,0.0606771133229,0.060996660608,0.0609474994872,0.0608368869654,0.0607016938833,0.0606771133229,0.0605173396804,0.0604804688398,0.06049275912,0.0608368869654,0.0609843703278,0.0610581120089,0.060873757806,0.060812306405,0.0605173396804,0.0605665008011,0.0608000161248,0.0608245966852,0.0608614675258,0.0610458217287,0.0610212411684,0.0610581120089,0.0610458217287,0.0610949828495,0.0610826925693,0.0611072731297,0.0610949828495,0.0609474994872,0.0612178856515,0.0612055953713,0.0611318536901,0.060812306405,0.0607508550041,0.0607139841635,0.0606771133229,0.0607631452843,0.0609474994872,0.060996660608,0.0610826925693,0.0612178856515,0.0612301759317,0.0613039176128,0.0612301759317,0.0615497232167,0.0615497232167,0.0616480454583,0.0619307219028,0.061881560782,0.0619798830236,0.0619184316226,0.0621765275067,0.0622133983473,0.0623117205888,0.0622994303086,0.0624223331106,0.0624100428304,0.0624100428304,0.0623977525502,0.0622871400284,0.06238546227,0.0624960747918,0.0627418803957,0.0626804289947,0.0625452359125,0.06238546227,0.0621642372265,0.0621765275067,0.0621273663859,0.0624346233908,0.0623485914294,0.0624837845116,0.0624592039512,0.0626681387145,0.0625575261927,0.0627664609561,0.0628770734778,0.0629385248788,0.0628156220768,0.0627541706759,0.0628402026372,0.0629876859996,0.0629139443184,0.06301226656,0.0631720402025,0.0631105888015,0.0630737179609,0.0630491374005,0.0631966207629,0.0633686846856,0.0635284583281,0.0635407486083,0.0637619736519,0.0638234250528,0.0637619736519,0.0638480056132,0.0640200695359,0.0638234250528,0.0638480056132,0.063897166734,0.0641921334587,0.0643519071012,0.0643150362606,0.0645977127051,0.0645608418645,0.0648066474684,0.0648312280288,0.0651630655941,0.065470322599,0.0655440642801,0.0655686448405,0.0656423865217,0.0657038379227,0.0657652893236,0.0658759018454,0.0658267407246,0.0658636115652,0.0659496435266,0.0659004824058,0.0658021601642,0.065789869884,0.0658881921256,0.0659496435266,0.0660233852077,0.0657652893236,0.0660602560483,0.0660233852077,0.0661094171691,0.0662077394107,0.0662077394107,0.066478125575,0.0665272866957,0.0666378992175,0.0669574465026,0.0672155423867,0.0673507354688,0.0677071535945,0.0675473799519,0.0675719605123,0.0679529591984,0.0682233453626,0.0680389911597,0.0683585384448,0.0685306023675,0.0685674732081,0.0688624399328,0.0690099232951,0.0690222135753,0.0692065677783,0.0693540511406,0.0695506956237,0.0696981789861,0.069759630387,0.0697719206672,0.0700791776721,0.0702881124354,0.070263531875,0.0704233055176,0.0704970471987,0.0707920139234,0.0711115612085,0.0714679793341,0.0718612683004,0.0718612683004,0.0720210419429,0.072279137827,0.072340589228,0.0724634920299,0.0725003628705,0.0725618142715,0.072783039315,0.0729182323972,0.0733238116436,0.0732992310832,0.0736679394891,0.0734712950059,0.0733115213634,0.0732992310832,0.0734344241653,0.0734958755663,0.0734344241653,0.0735819075277,0.0738031325712,0.0739874867741,0.0741595506969,0.0742210020978,0.0743807757404,0.0744176465809,0.0747126133056,0.0749092577887,0.0750567411511,0.0749338383491,0.0755360620787,0.0754991912381,0.0758556093638,0.0760645441271,0.0762980594508,0.0766298970161,0.0770354762625,0.077379604108,0.0776499902722,0.0775639583109,0.0777974736346,0.0778589250356,0.0782276334414,0.0786209224077,0.0790019210937,0.0790019210937,0.079149404456,0.0795918545431,0.079837660147,0.0800465949103,0.0804890449973,0.08066110892,0.0809192048041,0.0813616548911,0.0815828799347,0.0816320410554,0.0819515883405,0.0820253300217,0.0821851036642,0.0823571675869,0.0827873273938,0.0829593913165,0.0832297774808,0.0835616150461,0.0839057428915,0.0842252901766,0.0845571277419,0.0847169013844,0.0848398041863,0.0854420279159,0.0855280598773,0.0856263821188,0.0859459294039,0.086204025288,0.0863515086503,0.0867816684572,0.0869414420997,0.0871749574234,0.0874453435877,0.0875682463896,0.0872978602253,0.0876788589114,0.087777181153,0.0880475673172,0.0880475673172,0.0883056632013,0.0888341452497,0.0892765953367,0.0897190454238,0.0899894315881,0.0899894315881,0.0905056233563,0.0909726540037,0.0910955568056,0.0911078470858,0.0915134263322,0.0918206833371,0.0921033597816,0.092508939028,0.0927301640716,0.0926810029508,0.0929513891151,0.0928284863131,0.0930374210764,0.0928284863131,0.0929759696755,0.0932955169605,0.0936888059268,0.0939591920911,0.0942172879752,0.0941312560138,0.0942787393761,0.0944999644196,0.0947949311443,0.0949178339463,0.0950653173086,0.095212800671,0.095470896555,0.0956183799174,0.0958150244005,0.0960854105648,0.0960116688836,0.0962083133667,0.0966261828934,0.0969211496181,0.0971915357824,0.0975356636278,0.0980887262366,0.0983222415603,0.098555756884,0.0987769819275,0.0989121750097,0.0987892722077,0.0988138527681,0.0988138527681,0.09893675557,0.0994283667778,0.0995512695798,0.099944558546,0.100313266952,0.100436169754,0.100866329561,0.101173586566,0.101357940768,0.101603746372,0.101603746372,0.101972454778,0.102193679822,0.102783613271,0.103041709155,0.103717674566,0.10395118989,0.10457799418,0.104848380344,0.105057315107,0.105118766508,0.105180217909,0.105339991552,0.106052827803,0.106040537523,0.106077408363,0.106716502934,0.1071097919,0.107011469658,0.107171243301,0.107724305909,0.107490790586,0.107896369832,0.108596915803,0.108842721407,0.109358913175,0.109444945137,0.110071749427,0.11028068419,0.110575650915,0.11090748848,0.111165584364,0.11155887333,0.111829259495,0.112013613698,0.112210258181,0.112333160983,0.112738740229,0.112898513872,0.112910804152,0.112849352751,0.113193480596,0.113304093118,0.113562189002,0.114188993292,0.114619153099,0.114926410104,0.115012442065,0.115393440751,0.115602375515,0.115418021312,0.115368860191,0.115712988036,0.116044825602,0.116192308964,0.116782242413,0.117015757737,0.117347595302,0.117630271747,0.117544239785,0.117372175863,0.117495078665,0.117544239785,0.117888367631,0.118195624636,0.11844143024,0.118797848365,0.11908052481,0.119547555457,0.119436942935,0.120002295824,0.120309552829,0.120493907032,0.120469326472,0.120604519554,0.120641390394,0.12098551824,0.120948647399,0.121280484965,0.121427968327,0.12161232253,0.121698354491,0.121931869815,0.122042482337,0.121968740656,0.122189965699,0.122472642144,0.122976543632,0.123160897834,0.123566477081,0.123799992405,0.123861443806,0.124279313332,0.124586570337,0.124635731458,0.124267023052,0.124697182859,0.124942988463,0.125041310704,0.125262535748,0.12542230939,0.125901630318,0.126516144328,0.126565305448,0.126737369371,0.126712788811,0.127056916656,0.127462495903,0.127782043188,0.128126171033,0.12854404056,0.12855633084,0.128703814202,0.128777555884,0.128765265603,0.128998780927,0.12915855457,0.129330618492,0.129908261662,0.130264679787,0.130584227072,0.130780871555,0.131161870241,0.131026677159,0.131407675845,0.131493707807,0.131764093971,0.132095931536,0.132821058068,0.133386410957,0.133730538802,0.134013215247,0.134357343092,0.134701470938,0.134701470938,0.134713761218,0.135045598783,0.135229952986,0.135266823827,0.135623241952,0.135930498957,0.136262336522,0.136397529605,0.136864560252,0.137220978378,0.137528235382,0.137798621547,0.138265652194,0.138671231441,0.138892456484,0.13926116489,0.139506970494,0.139728195537,0.140010871982,0.140391870668,0.140477902629,0.141030965238,0.141485705605,0.14178067233,0.142038768214,0.142186251576,0.142554959982,0.142899087828,0.143476730997,