# R script for Peak Model
#  -- generated by MACS
p <- c(0.0412794601461,0.0425504009267,0.0438097349421,0.0450864791052,0.0463574198858,0.047645770814,0.0488934980643,0.0500947982541,0.0514237728602,0.0527063204059,0.0539598510388,0.0552598087321,0.0565191427475,0.0577204429374,0.0589043329795,0.0601926839077,0.0614171976278,0.062653318113,0.0638894385982,0.0651139523182,0.0663442694209,0.0675455696107,0.0688397239215,0.0700874511718,0.0712771445965,0.072495854934,0.0737493855669,0.0750609500253,0.07625064345,0.0774751571701,0.0786648505948,0.079848740637,0.0797965101939,0.0798371338718,0.0798139203416,0.0797732966637,0.0797965101939,0.0798255271067,0.0798371338718,0.0797616898986,0.0797791000463,0.0797907068114,0.0798371338718,0.0797907068114,0.0797094594555,0.0797268696032,0.0796862459253,0.0796282120997,0.0796224087171,0.079558571509,0.0795933918043,0.0796572290125,0.079703656073,0.0797500831335,0.0798023135765,0.0797791000463,0.0797674932811,0.079703656073,0.0797152628381,0.0796804425427,0.079610801952,0.0796166053346,0.0797210662207,0.0797500831335,0.0798023135765,0.0797442797509,0.0797674932811,0.079755886516,0.0797094594555,0.0797384763683,0.0797094594555,0.0797500831335,0.0796920493079,0.0796514256299,0.0796514256299,0.0795991951869,0.0796514256299,0.0796804425427,0.0797965101939,0.0798081169591,0.0798081169591,0.0799473981405,0.0799473981405,0.0799764150533,0.0800344488789,0.0800750725568,0.0801331063824,0.0801563199126,0.0802143537382,0.0802781909464,0.0802839943289,0.0802607807987,0.0803130112417,0.0803768484499,0.0804929161011,0.0806147871348,0.0806496074302,0.0807250514035,0.0807598716988,0.0808411190547,0.0808817427326,0.081021023914,0.0810442374442,0.0811080746524,0.0810790577396,0.081113878035,0.081021023914,0.0810674509745,0.0810558442094,0.0809862036186,0.0810326306791,0.0810152205314,0.081021023914,0.0810674509745,0.0810152205314,0.0809339731756,0.0807482649337,0.0806205905174,0.0805277363964,0.0805393431616,0.0805393431616,0.0804755059534,0.0804464890406,0.0804464890406,0.0804522924232,0.0803420281545,0.0802549774161,0.080191140208,0.0801214996173,0.0801621232952,0.0800924827045,0.0800112353486,0.0800808759394,0.079993825201,0.0799648082882,0.0799822184358,0.0799241846102,0.0798545440195,0.0797849034288,0.0797326729858,0.0795701782741,0.079465717388,0.0793554531194,0.0791929584077,0.0791755482601,0.0789492163402,0.0789666264879,0.0788679689844,0.0787519013332,0.0786764573599,0.0785487829436,0.0785139626483,0.0784559288227,0.0783572713192,0.0783630747017,0.0783398611715,0.0782528104331,0.078148349547,0.0780729055737,0.0779916582179,0.0779568379226,0.077805949976,0.0778175567411,0.077753719533,0.0776666687946,0.0774751571701,0.0774171233445,0.0772314151026,0.0771907914247,0.0771501677468,0.0771849880421,0.0771907914247,0.0771675778945,0.077121150834,0.0769412459746,0.0768193749409,0.0767613411153,0.076685897142,0.0765988464036,0.0765292058129,0.0765582227257,0.0765872396385,0.0765988464036,0.0765175990478,0.0764711719873,0.0765756328734,0.076633666699,0.0766394700815,0.0766278633164,0.076738127585,0.0767497343502,0.076738127585,0.0768193749409,0.0768716053839,0.0768890155316,0.0770108865653,0.0769528527397,0.0769644595049,0.0770805271561,0.0771559711293,0.0772488252503,0.0773590895189,0.0774461402573,0.077411319962,0.0775099774655,0.0776666687946,0.0777188992376,0.0779220176272,0.0780554954261,0.0781889732249,0.0782063833726,0.0784036983796,0.0785023558832,0.0785719964739,0.0785603897087,0.0786242269169,0.0786938675076,0.078780918246,0.0787983283937,0.0788505588367,0.0789666264879,0.0791175144345,0.0791465313473,0.0792103685554,0.0793090260589,0.0794076835624,0.0794367004752,0.0794773241532,0.079558571509,0.0796282120997,0.079703656073,0.0798951676974,0.0799473981405,0.0800344488789,0.0801098928521,0.0801969435905,0.0802665841813,0.080440685658,0.0805915736046,0.0806902311081,0.0807830852291,0.0808353156721,0.080968793471,0.0810790577396,0.0812067321559,0.0813518167199,0.0814504742234,0.0815723452572,0.081705823056,0.0818044805595,0.08185090762,0.0819321549758,0.0820192057142,0.0819727786538,0.081995992184,0.0820424192445,0.082088846305,0.0820714361573,0.0820946496875,0.0821178632178,0.0821817004259,0.0822571443992,0.0822571443992,0.0822513410166,0.0822513410166,0.0822745545469,0.082338391755,0.082431245876,0.0824950830841,0.0825589202923,0.0826343642656,0.0826633811784,0.0827388251516,0.0828142691249,0.0828839097156,0.0829303367761,0.0829593536889,0.0830464044273,0.0831798822262,0.0831334551657,0.0831972923738,0.0833191634076,0.0833191634076,0.0834120175285,0.0834990682669,0.0835280851797,0.0836325460658,0.0836905798914,0.0837137934216,0.0837776306298,0.0838530746031,0.083893698281,0.0839691422543,0.084091013288,0.0842012775566,0.0841896707915,0.0842419012346,0.0842709181474,0.0843579688857,0.0844043959462,0.0844566263893,0.0844450196241,0.0844566263893,0.0845959075707,0.0847642056649,0.0849325037591,0.0849557172894,0.0849789308196,0.0849905375847,0.0850601781755,0.0851994593569,0.0852342796522,0.0852749033302,0.085303920243,0.085356150686,0.0852923134778,0.0853793642162,0.0854722183372,0.0855418589279,0.0856405164314,0.0857449773175,0.0858204212908,0.0859771126199,0.0860235396803,0.0861918377746,0.0862730851304,0.0863369223386,0.0864529899897,0.0865458441107,0.0866386982317,0.0866793219096,0.0868824402992,0.0869288673596,0.0869810978027,0.0870797553062,0.087108772219,0.0871319857492,0.0872190364876,0.0872828736958,0.0873002838434,0.0874105481121,0.0875150089981,0.0875730428237,0.0877355375354,0.0877645544482,0.0877355375354,0.0878748187168,0.0877993747436,0.087845801804,0.087845801804,0.0879270491599,0.0879444593076,0.0880663303413,0.088135970932,0.0881185607843,0.088228825053,0.0882520385832,0.0882346284355,0.0882926622611,0.0884029265298,0.0885306009461,0.0886350618321,0.0887801463961,0.0888730005171,0.0890471019939,0.089110939202,0.0892154000881,0.0893256643567,0.0892966474439,0.0893198609742,0.0893953049474,0.0895694064242,0.0896970808405,0.0897725248138,0.0898073451092,0.0899118059952,0.0900046601162,0.0900975142371,0.0901439412976,0.0903180427744,0.0903818799826,0.0903934867477,0.090468930721,0.0905385713117,0.0905385713117,0.0906082119024,0.0906082119024,0.0906778524931,0.0907474930838,0.0907881167617,0.0909796283862,0.0910956960374,0.0911131061851,0.0911479264804,0.0911711400107,0.0911189095676,0.0912233704537,0.0912465839839,0.0911943535409,0.0912407806014,0.0912814042793,0.0912465839839,0.0912175670711,0.0912697975142,0.0913568482526,0.0913626516351,0.0913974719305,0.0914729159038,0.0915367531119,0.0916005903201,0.0915425564945,0.0916528207631,0.0916992478236,0.0917108545887,0.0916586241457,0.0917282647364,0.0917979053271,0.0918501357701,0.0918211188573,0.0918443323876,0.0919139729783,0.0919662034213,0.091931383126,0.091983613569,0.0919255797434,0.0919081695957,0.0918617425353,0.0918037087097,0.0916702309108,0.0916760342933,0.0917108545887,0.0916470173806,0.0916354106154,0.0916992478236,0.0917514782666,0.0917340681189,0.0916644275282,0.0916180004678,0.0916063937026,0.091588983555,0.0916005903201,0.0915773767898,0.0915541632596,0.0915541632596,0.0915599666422,0.0916238038503,0.0916992478236,0.0918095120922,0.0918327256225,0.0918153154748,0.091838529005,0.0918965628306,0.0919487932736,0.0919720068039,0.0919197763608,0.0918907594481,0.0919662034213,0.0920300406295,0.0921170913679,0.0921751251935,0.0922041421063,0.0923086029923,0.092418867261,0.0925465416773,0.0925117213819,0.0925929687378,0.0926393957982,0.0926393957982,0.0926626093285,0.0926858228587,0.0926916262413,0.0926277890331,0.0926974296238,0.0926974296238,0.0928599243355,0.0929179581611,0.0928831378657,0.092958581839,0.093010812282,0.0930050088995,0.0929527784565,0.0930166156646,0.0931617002286,0.0932255374368,0.0932255374368,0.0932429475844,0.093248750967,0.0932893746449,0.0933125881751,0.0933299983228,0.0932777678798,0.0933706220007,0.0934402625915,0.0935099031822,0.0935853471554,0.0937072181892,0.0938058756927,0.0938523027532,0.0938523027532,0.093881319666,