# R script for Peak Model
#  -- generated by MACS
p <- c(0.0119229821507,0.0124614394091,0.0130255374893,0.0136152763914,0.0143075785808,0.014871676661,0.0155383380286,0.0162049993962,0.0169998648729,0.0175383221313,0.0182049834988,0.0187434407573,0.0191536939065,0.0195126654121,0.0203075308889,0.0209485514346,0.0215895719803,0.0221793108824,0.0229741763591,0.0234100703302,0.0235126336175,0.0234613519739,0.0235382744394,0.0236151969048,0.0236151969048,0.023435711152,0.0234100703302,0.0234869927957,0.0234869927957,0.0234613519739,0.0235382744394,0.0234613519739,0.0236664785485,0.023589556083,0.0238716051231,0.0241023725196,0.024486984847,0.0245382664907,0.0245895481344,0.0248203155308,0.0249228788181,0.0249741604618,0.0250767237491,0.0249741604618,0.0249228788181,0.0249998012836,0.0248459563527,0.0248972379963,0.0249228788181,0.0248972379963,0.0247177522435,0.0247177522435,0.0251280053928,0.0253331319674,0.0252562095019,0.0252818503238,0.0250510829273,0.0251536462146,0.02494851964,0.0252049278583,0.0251023645709,0.0252049278583,0.0252562095019,0.0253331319674,0.0252049278583,0.0252818503238,0.0253074911456,0.0250254421055,0.0250510829273,0.0250767237491,0.0252305686801,0.0252818503238,0.0251792870364,0.0252305686801,0.0250767237491,0.0254100544329,0.0251792870364,0.0250767237491,0.0249228788181,0.0249998012836,0.0251792870364,0.0253587727892,0.0254356952547,0.0257946667603,0.025692103473,0.0255126177202,0.0256408218294,0.025692103473,0.025538258542,0.025692103473,0.0260254341568,0.0261279974441,0.025999793335,0.0259485116913,0.0261279974441,0.0260767158005,0.0263844056624,0.0263331240188,0.0264356873061,0.0262818423751,0.0264356873061,0.0264100464842,0.0264356873061,0.0265126097716,0.0266920955244,0.0266920955244,0.0265638914152,0.0270767078518,0.0273331160701,0.0273587568919,0.0272818344264,0.0273074752483,0.0274100385356,0.0271023486736,0.0271792711391,0.0268715812772,0.0269997853863,0.0272818344264,0.0273843977138,0.0272561936046,0.0273587568919,0.0276151651102,0.0275895242884,0.0274100385356,0.0275895242884,0.0278972141503,0.0278972141503,0.0277690100412,0.0276920875757,0.0276920875757,0.0276920875757,0.0278972141503,0.0279997774377,0.0283074672996,0.0279997774377,0.0283074672996,0.0284613122306,0.0286664388052,0.0286920796271,0.0287690020925,0.0287690020925,0.028999769489,0.028999769489,0.0289741286672,0.0287433612707,0.0289484878454,0.0292048960636,0.0289228470235,0.0286664388052,0.0288202837362,0.0290254103108,0.0289741286672,0.0289228470235,0.0294869451038,0.0296151492129,0.0297433533221,0.0297946349657,0.0298202757876,0.029897198253,0.0298715574312,0.0297433533221,0.0296664308566,0.029897198253,0.0300254023622,0.0301023248277,0.0302561697587,0.0304612963333,0.0306151412643,0.0306664229079,0.0308715494826,0.0307689861952,0.0307177045516,0.0309228311262,0.0309228311262,0.03125616181,0.0307946270171,0.0308202678389,0.0309228311262,0.0308715494826,0.031102316879,0.0311279577008,0.030948471948,0.0308971903044,0.0311792393445,0.0313587250973,0.0313587250973,0.03125616181,0.0313587250973,0.0317176966029,0.0318202598902,0.0318459007121,0.0324869212578,0.0325382029015,0.0323587171487,0.032461280436,0.0324099987923,0.0323330763268,0.0324099987923,0.0324356396141,0.0327433294761,0.0329228152289,0.0327689702979,0.0327433294761,0.0329997376944,0.0331279418035,0.0330253785162,0.0331023009817,0.0331792234472,0.0337176807056,0.0335894765965,0.0338715256366,0.0340253705676,0.0337433215274,0.0338202439929,0.0337689623493,0.0342304971422,0.0340766522112,0.0339740889239,0.0343587012513,0.0344869053605,0.0351279259062,0.0354099749464,0.0356407423428,0.0355638198773,0.035768946452,0.0361022771357,0.0364356078195,0.0366407343942,0.0364612486414,0.0365638119287,0.0363074037104,0.0357945872738,0.0357176648083,0.0359484322048,0.0361022771357,0.0367689385033,0.0371022691871,0.0370766283653,0.0373330365836,0.0374868815145,0.0374868815145,0.0376920080892,0.0377689305547,0.0375381631582,0.0374612406927,0.0378971346638,0.0380766204166,0.0385381552095,0.0386920001405,0.0392048165771,0.0391022532898,0.039076612468,0.0397945554792,0.0398714779447,0.0401535269848,0.0402817310939,0.0407945475305,0.041025314927,0.041179159858,0.0415381313636,0.0413586456108,0.0416150538291,0.0419996661565,0.0421791519093,0.0424612009494,0.0424612009494,0.0425894050586,0.0426663275241,0.0433842705353,0.0436919603972,0.0441278543683,0.0445381075176,0.0452560505288,0.0454355362816,0.0457175853218,0.0457945077872,0.046127838471,0.0466662957294,0.0470765488787,0.0476919286026,0.0481021817519,0.0487432022976,0.0491534554469,0.0498713984581,0.0503072924292,0.0503842148947,0.0505637006475,0.0506149822912,0.0508970313313,0.0511534395496,0.0516406151643,0.05199958667,0.0519739458481,0.0523329173537,0.0526662480375,0.0531534236523,0.0534867543361,0.0536662400889,0.0541277748818,0.0543841831001,0.0549226403585,0.0556149425479,0.0556918650134,0.0561790406281,0.0567174978866,0.0570764693922,0.0573585184323,0.0581021022653,0.0583585104836,0.0592815800695,0.0597943965061,0.0604866986955,0.0607943885574,0.0613841274595,0.0618969438961,0.0621533521144,0.0624610419763,0.062666168551,0.0630251400566,0.0637943647115,0.0644353852572,0.0643584627917,0.0646917934755,0.0647943567628,0.0655379405959,0.0663328060726,0.0670763899056,0.0676661288077,0.0677174104514,0.067922537026,0.0689994515428,0.0698455986632,0.0705379008526,0.0714609704384,0.0724096808461,0.0729481381045,0.073178905501,0.074384024127,0.0749737630291,0.075435297822,0.0759993959022,0.076332726586,0.0771788737064,0.0780506616486,0.0785121964415,0.0792044986309,0.0802814131477,0.0812557643773,0.0822044747849,0.0821275523195,0.0825890871124,0.0832557484799,0.083845487382,0.0847685569679,0.0857172673756,0.0865634144959,0.0878454555874,0.0888454476387,0.0898454396901,0.0900505662647,0.0908454317414,0.0928197750223,0.0937941262518,0.0947171958377,0.0954351388489,0.0962556451474,0.0974351229516,0.0986146007557,0.0995120295198,0.100794070611,0.101409450335,0.10246072403,0.103281230329,0.104358144846,0.104922242926,0.105870953333,0.107511965931,0.108511957982,0.110204252223,0.111665779067,0.113101665089,0.114742677686,0.116152922887,0.117434963978,0.119255462328,0.121152883144,0.122716973275,0.123563120396,0.124973365596,0.126614378193,0.128075905038,0.128998974624,0.130332297359,0.132204077352,0.134050216524,0.136332249667,0.13763993158,0.139152740068,0.140562985269,0.142793736768,0.144383467721,0.145973198675,0.147921901134,0.149870603593,0.151639820299,0.153101347143,0.15530645782,0.157306441923,0.159562834244,0.161485895881,0.162998704369,0.16440894957,0.166716623535,0.16833199531,0.170921718315,0.173280673923,0.175280658026,0.177075515554,0.179152422122,0.181998553345,0.184152382378,0.186049803194,0.188024146475,0.190383102083,0.192126677967,0.19412666207,0.196383054391,0.198459960959,0.199998410269,0.201998394372,0.204408631624,0.206613742301,0.208895775444,0.210690632972,0.212075237351,0.213588045839,0.2161264872,0.218280316233,0.220972602525,0.222895664163,0.224895648265,0.226587942506,0.228075110172,0.230023812631,0.231613543585,0.233305837825,0.234921209601,0.237459650962,0.239972451501,0.242331407109,0.244921130114,0.248254436952,0.250485188451,0.252382609266,0.253792854467,0.255921042679,0.257767181851,0.259562039379,0.260049214993,0.261613305125,0.263356881009,0.265254301825,0.267664539077,0.269715804823,0.272408091115,0.274126026178,0.276049087815,0.278843937394,0.280843921497,0.283792616007,0.286279775725,0.288715653799,0.291689989131,0.293869458986,0.295869443089,0.298459166094,0.300484791018,0.302843746627,0.304279632649,0.30653602497,0.309510360302,0.311843675089,0.314612883846,0.316971839455,0.320510272867,0.323458967377,0.325202543262,0.326356380244,0.328894821605,0.330587115846,0.332869148989,0.334125549258,0.335946047608,0.338330644038,0.341304979371,0.343458808404,0.346048531409,0.348381846196,0.35138182235,0.352663863441,0.354279235216,0.35545871302,0.357586901232,0.359894575197,0.360997130536,0.362689424776,0.363920184224,0.365330429425,