# R script for Peak Model
#  -- generated by MACS
p <- c(0.0395128957969,0.0406803222636,0.0416681446585,0.0425212639996,0.0434641853765,0.0447663148971,0.0460235433998,0.0469664647767,0.0478644851357,0.0491217136384,0.0500197339974,0.0511422594462,0.0523545869308,0.0533424093258,0.0543302317207,0.0551384500438,0.0560813714208,0.0572936989054,0.0583264223183,0.0594040467491,0.0602571660902,0.0611102854313,0.0622328108801,0.063220633275,0.064118653634,0.0648370699212,0.0656003872264,0.0665882096213,0.0671719228547,0.0680699432137,0.068698557465,0.0694618747702,0.0704496971651,0.0713028165062,0.0722906389011,0.0721559358472,0.0720661338113,0.0720212327934,0.0717518266857,0.0715722226139,0.0713926185421,0.07143751956,0.0717518266857,0.0718865297395,0.0721110348293,0.0721110348293,0.0719763317754,0.0717069256677,0.0720661338113,0.0717518266857,0.0717069256677,0.0708987073446,0.070494598183,0.0702251920753,0.0701353900394,0.0700904890215,0.0697312808779,0.0692373696804,0.0694618747702,0.0698659839317,0.0697312808779,0.0690128645907,0.0691475676445,0.0687883595009,0.0684740523752,0.0685189533932,0.0681148442316,0.0680699432137,0.0678454381239,0.067800537106,0.0675760320162,0.0676209330342,0.0675760320162,0.0675760320162,0.0677107350701,0.0672168238726,0.066857615729,0.0670821208188,0.066857615729,0.066857615729,0.066857615729,0.066857615729,0.0665882096213,0.0663188035136,0.0660493974059,0.0663188035136,0.0666331106393,0.0662739024956,0.0660493974059,0.06595959537,0.0661841004597,0.0660942984238,0.0662290014777,0.0663188035136,0.0663637045315,0.0666780116572,0.066857615729,0.0670372198008,0.0675760320162,0.0678454381239,0.0681597452496,0.0678903391419,0.0681597452496,0.0681597452496,0.0680250421957,0.0679352401598,0.0678454381239,0.0676209330342,0.0677107350701,0.067800537106,0.0682495472855,0.0682944483034,0.0682046462675,0.0679801411778,0.0678454381239,0.0680250421957,0.0681148442316,0.0681148442316,0.0679352401598,0.0680699432137,0.067800537106,0.0680699432137,0.0681148442316,0.0684740523752,0.0678903391419,0.0680699432137,0.0680699432137,0.0679801411778,0.0678903391419,0.0674862299803,0.0675311309983,0.0678903391419,0.0678454381239,0.0681597452496,0.0682046462675,0.0681148442316,0.068653656447,0.0684291513573,0.0686087554291,0.0684291513573,0.0683393493214,0.0678454381239,0.0678454381239,0.0681148442316,0.067755636088,0.0678903391419,0.0681597452496,0.0681597452496,0.0682495472855,0.0677107350701,0.0676658340521,0.0673964279444,0.0676209330342,0.067755636088,0.0678903391419,0.067755636088,0.0676209330342,0.067800537106,0.067800537106,0.0676209330342,0.0676209330342,0.0681597452496,0.0675311309983,0.0674413289624,0.0675311309983,0.0674862299803,0.0670821208188,0.066857615729,0.0668127147111,0.0662290014777,0.0664535065674,0.066902516747,0.0663188035136,0.0665433086033,0.0671270218367,0.0673964279444,0.0673066259085,0.0674413289624,0.0677107350701,0.0682944483034,0.0679352401598,0.0676658340521,0.0675311309983,0.0677107350701,0.0679801411778,0.0678903391419,0.067755636088,0.0677107350701,0.0678903391419,0.0678454381239,0.0679801411778,0.0679801411778,0.0680699432137,0.0680699432137,0.0682495472855,0.0683842503393,0.0681148442316,0.0684740523752,0.0682944483034,0.0686087554291,0.0687883595009,0.0691026666266,0.0692373696804,0.0694169737522,0.0697312808779,0.0694618747702,0.0691475676445,0.0695067757881,0.0687434584829,0.0688332605188,0.0687434584829,0.0689679635727,0.0690577656086,0.068653656447,0.0687883595009,0.0688781615368,0.068698557465,0.0685638544111,0.0685638544111,0.0688332605188,0.0688332605188,0.0691924686625,0.0692822706984,0.0695067757881,0.069641478842,0.0698659839317,0.0698659839317,0.069641478842,0.0698659839317,0.0697312808779,0.0694618747702,0.0690577656086,0.0694169737522,0.0691026666266,0.0688781615368,0.0689230625548,0.0691924686625,0.0692373696804,0.0691475676445,0.0691924686625,0.0695067757881,0.0694169737522,0.0696863798599,0.0697761818958,0.0693271717163,0.0691924686625,0.0689230625548,0.0691924686625,0.0688332605188,0.0691026666266,0.069596577824,0.0700455880035,0.0700904890215,0.0703149941112,0.0704047961471,0.0704047961471,0.0708538063266,0.0709885093805,0.0712130144703,0.0713477175241,0.0713028165062,0.0713028165062,0.0715273215959,0.0717069256677,0.0718416287216,0.07143751956,0.0713926185421,0.0716620246498,0.0719763317754,0.0718865297395,0.0720212327934,0.0719314307575,0.0718416287216,0.0719314307575,0.0720661338113,0.0722457378831,0.0722008368652,0.0720212327934,0.0728743521344,0.0730539562062,0.073233560278,0.0740417786012,0.074176481655,0.0746254918345,0.0752092050679,0.0756582152474,0.076017423391,0.0762419284808,0.0766909386603,0.0765113345885,0.076960344768,0.0770501468039,0.0768256417141,0.0768705427321,0.0774093549475,0.0775440580013,0.0775889590193,0.077858365127,0.077858365127,0.0783522763245,0.0786665834501,0.0789808905758,0.0790257915937,0.079699306863,0.0804626241682,0.0808667333297,0.0811810404554,0.0813157435092,0.0817647536887,0.0826627740478,0.0831566852452,0.0837403984786,0.0840098045863,0.0839200025504,0.0840996066222,0.0844588147658,0.0851323300351,0.0853568351248,0.0857160432684,0.0850425279992,0.0854915381787,0.0861650534479,0.0865691626095,0.0867936676992,0.0862997565018,0.0866140636274,0.0862099544659,0.0865242615915,0.0867038656633,0.086973271771,0.0876018860224,0.0884999063814,0.0884550053634,0.0890836196147,0.0900714420097,0.0903408481174,0.090655155243,0.0908796603328,0.0906102542251,0.0906102542251,0.0907898582969,0.0914633735661,0.0915082745841,0.091553175602,0.0919572847636,0.0924511959611,0.0929451071585,0.0937084244637,0.093439018356,0.0934839193739,0.0937084244637,0.0930798102124,0.0930798102124,0.093439018356,0.0931696122483,0.0931247112303,0.0925858990149,0.0929451071585,0.0929002061406,0.0931247112303,0.0932145132662,0.0929900081765,0.0935737214098,0.0940227315893,0.0938880285355,0.0938431275175,0.0942472366791,0.0942472366791,0.0942023356612,0.0945166427868,0.0948758509304,0.0949207519484,0.0957289702715,0.0956391682356,0.0953697621279,0.0955942672176,0.0959085743433,0.0960881784151,0.0954595641638,0.095235059074,0.0945615438048,0.0946064448227,0.0948758509304,0.0950105539843,0.0949207519484,0.0950554550022,0.0951003560202,0.0948309499125,0.0950554550022,0.0957289702715,0.0956391682356,0.0955044651817,0.0954146631458,0.0951452570381,0.0962228814689,0.0959534753612,0.0968065947023,0.0967167926664,0.0966718916485,0.0966269906305,0.0962228814689,0.0957289702715,0.0964024855407,0.0958636733253,0.0953248611099,0.0959534753612,0.096133079433,0.0958187723074,0.0964024855407,0.0971658028459,0.0970310997921,0.0968963967382,0.097120901828,0.097120901828,0.0972556048818,0.097120901828,0.0977046150613,0.0974801099716,0.0977495160793,0.0979291201511,0.0981985262588,0.0982434272767,0.0983332293126,0.0983781303306,0.0984230313485,0.0983332293126,0.0990965466178,0.0987822394922,0.0992312496717,0.099814962905,0.0995455567973,0.100084369013,0.0996353588332,0.0994108537435,0.0995455567973,0.100219072067,0.100308874102,0.10057828021,0.101341597515,0.101117092426,0.101521201587,0.101341597515,0.100937488354,0.101386498533,0.101296696497,0.101206894462,0.101655904641,0.101700805659,0.102284518892,0.102464122964,0.102868232126,0.10300293518,0.102643727036,0.102958034162,0.103721351467,0.103766252485,0.104215262664,0.104664272844,0.105068382005,0.104978579969,0.104709173862,0.105023480987,0.104978579969,0.105203085059,0.105113283023,0.105876600328,0.105786798293,0.1060562044,0.1060562044,0.106415412544,0.106909323741,0.1078073441,0.107358333921,0.107852245118,0.107986948172,0.1078073441,0.107897146136,0.107986948172,0.108076750208,0.107762443082,0.108525760388,0.108660463441,0.108795166495,0.109333978711,0.1095584838,0.109872790926,0.109827889908,0.11000749398,0.110411603141,0.110681009249,0.111040217393,0.111579029608,0.11198313877,0.112207643859,0.113060763201,0.113105664219,0.113689377452,0.114407793739,0.114677199847,0.115171111044,0.116922250744,0.117281458888,0.117775370085,0.118448885355,