# R script for Peak Model
#  -- generated by MACS
p <- c(0.0289962456738,0.0303715616742,0.0316036155912,0.0329502791748,0.0341250282584,0.0353857345921,0.0364745264257,0.0376492755093,0.0384228907595,0.0393970729264,0.0410875655102,0.0420904000938,0.0432364967607,0.0446404651777,0.0461017384281,0.0473910971784,0.048479889012,0.0495973332623,0.0506574726792,0.0518895265962,0.0530642756798,0.0540957626801,0.055327816597,0.056473913264,0.0577346195976,0.0583076679311,0.0588807162646,0.0584509300145,0.0587374541812,0.0586228445145,0.0587374541812,0.0589380210979,0.0592245452647,0.0589380210979,0.0588807162646,0.0591385880146,0.0585368872645,0.058049796181,0.057791924431,0.0584222775978,0.0585368872645,0.0579924913477,0.057963838931,0.0577632720143,0.0579065340977,0.0581930582644,0.0583649727644,0.0584509300145,0.0584795824311,0.0591672404313,0.0591672404313,0.0590526307646,0.0588234114312,0.0587947590146,0.0586514969312,0.0583649727644,0.0582503630978,0.0583649727644,0.0586801493479,0.0586801493479,0.0581357534311,0.0581071010144,0.0583936251811,0.0579065340977,0.0577346195976,0.0579351865143,0.0579924913477,0.058049796181,0.0579924913477,0.0577346195976,0.0578205768476,0.057877881681,0.0577632720143,0.0580211437644,0.0576773147643,0.0575627050976,0.0572188760975,0.0576773147643,0.0578205768476,0.0577346195976,0.0575627050976,0.0574480954309,0.0575627050976,0.0572761809308,0.0574480954309,0.0572188760975,0.0580784485977,0.0583936251811,0.0587661065979,0.0587947590146,0.0586228445145,0.0594824170147,0.0597975935981,0.0599981605148,0.0599981605148,0.0597689411815,0.0597689411815,0.0597975935981,0.0597975935981,0.059281850098,0.0595397218481,0.0595970266814,0.0596829839314,0.0600554653482,0.0604565991816,0.0609436902651,0.0612875192652,0.0613161716818,0.0610582999318,0.0612588668485,0.0619465248487,0.0624909207655,0.0622043965987,0.0626914876822,0.0629207070156,0.0628060973489,0.0628060973489,0.0629207070156,0.0629207070156,0.0630353166823,0.0630066642656,0.063149926349,0.0632931884323,0.0630353166823,0.0633504932657,0.063321840849,0.063235883599,0.063149926349,0.0625195731821,0.0629493594322,0.0628920545989,0.063149926349,0.0631212739323,0.0632645360157,0.0630066642656,0.0632072311823,0.0628634021822,0.0628060973489,0.0627487925155,0.0626055304322,0.0626341828488,0.0622043965987,0.0622330490154,0.0622043965987,0.0622330490154,0.0623476586821,0.0624909207655,0.0628347497656,0.0630066642656,0.0627201400989,0.0623190062654,0.0621184393487,0.0625482255988,0.0620611345154,0.061917872432,0.0615167385986,0.0613448240985,0.0610296475151,0.0613448240985,0.0615167385986,0.0611442571818,0.0602273798482,0.0602846846816,0.0600268129315,0.0599695080982,0.0597116363481,0.0597116363481,0.0597689411815,0.0600841177649,0.060599861265,0.0610296475151,0.0610869523485,0.0612015620151,0.0612015620151,0.0613734765152,0.0612302144318,0.0612588668485,0.0614307813485,0.0616026958486,0.0616026958486,0.061831915182,0.0620324820987,0.0624336159321,0.0626341828488,0.0629207070156,0.0634364505157,0.0634651029324,0.0635510601824,0.0636083650157,0.0640381512658,0.064725809266,0.0647544616827,0.0646971568493,0.0646971568493,0.0650982906828,0.0655280769329,0.0657572962663,0.0654994245162,0.0654707720995,0.0658432535163,0.0661584300997,0.0663303445998,0.0659865155997,0.0666741735998,0.0669893501832,0.0675337461,0.0678775751001,0.0683646661836,0.0685365806836,0.068507928267,0.0681927516835,0.0689377145171,0.0690523241838,0.068851757267,0.0690809766004,0.0695967201006,0.070083811184,0.0702270732674,0.069911896684,0.0697399821839,0.0693388483505,0.0696253725172,0.0696253725172,0.0698832442673,0.0698545918506,0.0703703353507,0.0708574264342,0.0708001216009,0.0711152981843,0.0711439506009,0.0713445175177,0.0712012554343,0.0711439506009,0.071315865101,0.071573736851,0.071315865101,0.071315865101,0.0714304747677,0.0716883465177,0.0717169989344,0.0717743037678,0.0721467851845,0.0722040900179,0.0724333093513,0.0723760045179,0.072633876268,0.0724046569346,0.0727771383513,0.0730350101014,0.0734074915182,0.0740091922683,0.0738945826016,0.0743243688517,0.0740951495183,0.0738659301849,0.073951887435,0.0743243688517,0.0742384116017,0.0747828075185,0.0750406792686,0.0755564227687,0.0755850751854,0.075613727602,0.0765019525189,0.0766452146023,0.0764159952689,0.0763873428522,0.0765306049356,0.0766452146023,0.076673867019,0.076931738769,0.0767311718523,0.0775620919359,0.0778772685193,0.0777340064359,0.0777340064359,0.0778199636859,0.0780205306026,0.0784216644361,0.0787941458528,0.0789947127696,0.0798542852698,0.0797396756031,0.0797110231864,0.0799115901031,0.0797396756031,0.0797969804364,0.0801121570198,0.0802554191032,0.0803700287699,0.0805419432699,0.0805132908533,0.0813155585201,0.0817166923536,0.0818886068536,0.0820605213536,0.0826049172704,0.0828627890205,0.0829773986872,0.0830347035206,0.0834071849373,0.0844959767709,0.0846965436876,0.0846392388543,0.0852695920211,0.0850690251044,0.0854415065211,0.0860145548546,0.0856707258545,0.0860145548546,0.0865589507714,0.0869314321882,0.0874471756883,0.0871893039382,0.0872466087716,0.0876190901884,0.0877623522717,0.0882494433552,0.0893382351888,0.0900545456056,0.0904556794391,0.0911146850226,0.0907995084391,0.0906848987724,0.0918883002727,0.0920888671895,0.0924900010229,0.092833830023,0.0928911348563,0.0932922686898,0.0934928356065,0.0936360976898,0.0948968040235,0.0951546757736,0.095469852357,0.0961002055238,0.0970170828573,0.0970170828573,0.0969884304407,0.0970743876907,0.0972463021907,0.0978766553576,0.0975901311908,0.0974468691075,0.0979053077742,0.0975614787741,0.0978480029409,0.0979912650243,0.0982204843576,0.0990800568579,0.0988508375245,0.0985643133577,0.0986789230244,0.0994811906913,0.099853672108,0.101085726025,0.101171683275,0.101544164692,0.101859341275,0.102117213025,0.102174517859,0.102833523442,0.102948133109,0.103320614526,0.103750400776,0.103664443526,0.104524016026,0.104581320859,0.104438058776,0.104208839442,0.104695930526,0.104810540193,0.105412240943,0.106243161026,0.10587067961,0.106243161026,0.106415075526,0.10647238036,0.106930819026,0.107532519777,0.107790391527,0.10724599561,0.106586990026,0.106959471443,0.106844861776,0.107131385943,0.10681620936,0.10741791011,0.107790391527,0.108076915693,0.108392092277,0.108134220527,0.108850530944,0.10965279861,0.109710103444,0.110569675944,0.110770242861,0.111257333944,0.112231516111,0.112460735445,0.113119741028,0.113578179695,0.114093923195,0.113836051445,0.113979313528,0.113778746611,0.114065270778,0.114151228028,0.115182715029,0.115526544029,0.115612501279,0.115469239195,0.115984982695,0.116357464112,0.116672640696,0.117102426946,0.117274341446,0.117646822862,0.118277176029,0.118764267113,0.118764267113,0.119337315446,0.119423272696,0.119079443696,0.11922270578,0.119337315446,0.119451925113,0.12051206453,0.120569369363,0.120311497613,0.120053625863,0.120999155613,0.12137163703,0.12197333778,0.122689648197,0.123062129614,0.12291886753,0.123262696531,0.123291348947,0.123463263447,0.123606525531,0.124179573864,0.124723969781,0.124666664948,0.124838579448,0.124723969781,0.125067798781,0.125297018114,0.125382975364,0.125239713281,0.125583542281,0.125898718864,0.126500419615,0.127044815531,0.126930205865,0.126729638948,0.127188077615,0.127102120365,0.126901553448,0.126729638948,0.127617863865,0.128219564615,0.128362826698,0.129193746782,0.129451618532,0.129996014449,0.130511757949,0.130253886199,0.130483105532,0.130941544199,0.131514592533,0.132058988449,0.132030336033,0.1331764327,0.13377813345,0.1345517487,0.134780968033,0.134494443867,0.1352394067,0.135640540534,0.136586070284,0.136757984784,0.137388337951,0.137818124201,0.138649044284,0.139336702284,0.140396841701,0.140196274785,0.141285066618,0.141600243202,0.142431163285,0.143061516452,0.142832297119,0.143634564786,0.144350875202,0.144809313869,0.145067185619,0.145726191203,0.145869453286,0.146041367786,0.146241934703,0.14678633062,0.146900940286,0.147273421703,0.147932427287,0.148132994203,0.147531293453,0.14859143287,0.148820652203,