# R script for Peak Model
#  -- generated by MACS
p <- c(0.0190951408622,0.0200769832115,0.0212281087245,0.0222099510738,0.0232933633213,0.0245799153652,0.025494044449,0.0267128832275,0.0275931556786,0.0284395714969,0.0294214138462,0.0302339730318,0.0311819587484,0.0323330842614,0.0335519230398,0.0342629123272,0.0354478944729,0.0354140378402,0.0351431847783,0.0353801812075,0.0354817511057,0.0354817511057,0.0357187475348,0.0360234572294,0.0359218873312,0.0357526041675,0.0361927403931,0.036463593455,0.036463593455,0.0368021597823,0.0368021597823,0.0366667332514,0.0363620235568,0.0364974500877,0.0367683031496,0.0370730128442,0.0368021597823,0.0368021597823,0.0366667332514,0.036463593455,0.0366328766186,0.0364297368222,0.0367005898841,0.0364974500877,0.0363620235568,0.036971442946,0.0368698730478,0.0367683031496,0.0367005898841,0.0371068694769,0.0374115791715,0.0377501454989,0.0380209985608,0.0377501454989,0.0377162888661,0.0378178587643,0.0380209985608,0.0375808623352,0.0378178587643,0.0377501454989,0.0375131490697,0.037479292437,0.0374115791715,0.0373777225388,0.0373100092733,0.0372084393751,0.0375131490697,0.0370052995787,0.0364297368222,0.0361927403931,0.036328166924,0.0367005898841,0.0370730128442,0.0371745827424,0.0370391562115,0.0369375863133,0.0370052995787,0.0374115791715,0.0373438659061,0.0366667332514,0.0367683031496,0.0364974500877,0.0361250271276,0.0360911704949,0.0360234572294,0.0357864608003,0.0354140378402,0.0354140378402,0.0356171776366,0.0359218873312,0.0354817511057,0.0360234572294,0.0358541740658,0.0358541740658,0.0356510342693,0.0355156077384,0.0353801812075,0.0351093281456,0.0354478944729,0.0356848909021,0.0359218873312,0.0364297368222,0.0368021597823,0.0368698730478,0.0372422960079,0.0371407261097,0.036971442946,0.0370052995787,0.0375808623352,0.0380887118262,0.0377840021316,0.038122568459,0.0383934215208,0.0389012710118,0.0390028409101,0.0393752638701,0.0397476868302,0.0395445470338,0.0391721240737,0.0391721240737,0.0395784036665,0.0397476868302,0.0397815434629,0.0399846832594,0.040289392954,0.0403571062194,0.0404586761176,0.0407295291795,0.0410680955069,0.0412035220378,0.0416436582633,0.0418467980597,0.0418467980597,0.0416436582633,0.0412712353033,0.0411696654051,0.0410003822414,0.0411696654051,0.0412373786705,0.0410003822414,0.0414405184669,0.0412712353033,0.0408649557104,0.040797242445,0.0414743750997,0.0416098016306,0.0420160812234,0.0419483679579,0.0420499378562,0.0422869342853,0.0422869342853,0.0430656368382,0.043471916431,0.0439459092893,0.0439459092893,0.0442844756166,0.0444537587803,0.0439120526565,0.0437089128601,0.0433026332673,0.0436073429619,0.0436073429619,0.043471916431,0.0435057730637,0.0436411995947,0.0437427694929,0.0435057730637,0.043979765922,0.0443183322494,0.044487615413,0.0447246118422,0.0445553286785,0.0444537587803,0.0449616082713,0.0449277516386,0.0451647480677,0.0456048842933,0.0455710276605,0.0457403108242,0.045638740926,0.045638740926,0.0460788771515,0.0462143036825,0.0459095939879,0.0460111638861,0.0458418807224,0.0461127337843,0.0460450205188,0.0460788771515,0.0460450205188,0.0458418807224,0.0460450205188,0.0459773072533,0.0462481603152,0.0463497302134,0.0462143036825,0.0468237230717,0.0469591496026,0.0468575797044,0.0469252929699,0.04729771593,0.0473315725627,0.0476362822573,0.0474331424609,0.0473654291955,0.0477378521555,0.0475008557264,0.0472638592973,0.047162289399,0.0472638592973,0.0475685689919,0.0478732786865,0.0474669990937,0.0477717087883,0.0480087052174,0.0477378521555,0.0478394220537,0.0484149848102,0.0488551210358,0.048956690934,0.0488889776685,0.048956690934,0.0491936873631,0.0490582608322,0.0492614006286,0.0495322536905,0.0501755297124,0.049972389916,0.0497353934869,0.0500062465487,0.0504463827743,0.0501755297124,0.0501078164469,0.0501416730797,0.0505479526725,0.0503786695088,0.050480239407,0.0505818093052,0.0503448128761,0.0500062465487,0.0507172358362,0.0509542322653,0.0511912286944,0.0514620817563,0.0511912286944,0.0513266552254,0.0517329348182,0.0516990781855,0.0515297950218,0.0513266552254,0.0515297950218,0.0512250853272,0.0509203756326,0.0512250853272,0.0510219455308,0.0515975082873,0.0520037878801,0.0525454940038,0.0528502036984,0.0535950496186,0.0532226266585,0.0536627628841,0.054306038906,0.0544753220697,0.053798189415,0.0540013292114,0.0542044690078,0.0543398955387,0.0538320460477,0.0543398955387,0.0547123184988,0.0552878812553,0.0555587343172,0.0560327271755,0.0563035802373,0.0566760031974,0.0567098598302,0.0570822827902,0.057488562383,0.0573192792194,0.0576578455467,0.0576917021795,0.0578609853431,0.058131838405,0.0583011215687,0.0587074011615,0.0595199603471,0.0589105409579,0.0594522470816,0.0592152506525,0.0588089710597,0.0589443975906,0.0588766843252,0.0584026914669,0.0587412577942,0.0589782542234,0.0589443975906,0.0593168205507,0.0604002327982,0.0612127919838,0.0614159317802,0.0615513583112,0.0624316307623,0.062465487395,0.0624316307623,0.0624993440277,0.0635150430098,0.0639213226026,0.0635488996425,0.0639213226026,0.064124462399,0.0643276021954,0.0641583190317,0.0643276021954,0.0640567491335,0.0647338817882,0.0654787277084,0.0660881470976,0.0663251435267,0.0673746991415,0.067950261898,0.0688643909818,0.0688305343491,0.0688982476145,0.069473810371,0.0697108068002,0.0700832297603,0.0705233659858,0.0712004986405,0.0724531940517,0.0730964700736,0.0733334665028,0.0733334665028,0.0735366062992,0.0743830221175,0.0747554450776,0.074958584874,0.0752971512014,0.0759065705906,0.0767191297762,0.0769561262053,0.0779718251874,0.078784384373,0.0789875241694,0.0799693665187,0.0801725063151,0.0809850655007,0.0820684777482,0.0828133236684,0.083118033363,0.0830503200975,0.0839983058141,0.0849801481634,0.0844722986724,0.0847431517343,0.084777008367,0.0854541410217,0.0868761195965,0.0872485425566,0.0878918185786,0.0886366644987,0.0894153670516,0.0899570731754,0.0900247864408,0.0898893599099,0.0904987792991,0.0907357757282,0.0917176180775,0.092428607365,0.092936456856,0.0933765930815,0.0938844425725,0.0941214390017,0.0942568655326,0.0944261486963,0.0946292884927,0.0957127007402,0.0960851237003,0.0963559767622,0.0966606864568,0.096762256355,0.0970331094168,0.0969992527841,0.0976086721733,0.0981165216644,0.0983873747262,0.0985228012572,0.0995385002392,0.0999109231993,0.101197475243,0.101874607898,0.102382457389,0.103330443105,0.103736722698,0.104786278313,0.105226414539,0.105768120662,0.106309826786,0.107257812503,0.107731805361,0.108578221179,0.109052214038,0.109221497201,0.110203339551,0.110948185471,0.111456034962,0.112404020678,0.113250436497,0.113995282417,0.114367705377,0.114909411501,0.11626367681,0.116703813036,0.117617942119,0.118599784469,0.119310773756,0.120326472738,0.120800465596,0.121409884986,0.122391727335,0.123712136012,0.124456981932,0.125404967648,0.125641964077,0.126285240099,0.126759232958,0.127097799285,0.127944215103,0.128655204391,0.129400050311,0.130178752864,0.130652745722,0.132413290624,0.132751856952,0.133428989606,0.133801412566,0.134613971752,0.135392674305,0.135900523796,0.137424072269,0.138135061556,0.13904919064,0.140505025848,0.141486868197,0.143044273303,0.143247413099,0.144059972285,0.145786660554,0.146429936576,0.147750345253,0.148766044235,0.14944317689,0.151203721792,0.152456417203,0.15279498353,0.153810682512,0.153641399349,0.155063377924,0.156722352928,0.158042761604,0.159701736608,0.160988288652,0.161902417736,0.163087399882,0.164746374886,0.1657959305,0.165897500399,0.167725758566,0.16975715653,0.171314561636,0.172397973884,0.173312102967,0.174937221339,0.176393056546,0.177984318285,0.179169300431,0.180252712678,0.181369981558,0.181606977987,0.183469092788,0.184891071363,0.186313049938,0.188547587698,0.189664856578,0.191560828011,0.193321372914,0.194540211692,0.196605466289,0.198332154558,0.201108398442,0.20330907957,0.205069624472,0.206390033149,0.20764272856,0.208861567339,0.210385115812,0.211468528059,0.213499926023,0.215463610722,0.2166824495,0.218578420933,0.219932686243,0.222031797472,0.222810500025,0.225756027073,0.228498414325,