# R script for Peak Model
#  -- generated by MACS
p <- c(0.0386910600102,0.0402923942042,0.0418466303336,0.0437070038825,0.0456144754959,0.0474277509803,0.0486758496903,0.0503949290456,0.0518078709814,0.0534092051754,0.0549869903371,0.0565883245311,0.0583780509832,0.0599087380804,0.0612274838872,0.0624284845326,0.0639120735653,0.0652308193721,0.0669969967919,0.0686218800182,0.070034821954,0.0715419600189,0.0733552355033,0.0747210793746,0.0762517664718,0.0759220800201,0.0760633742137,0.0759456290523,0.0759220800201,0.0759220800201,0.0756865896974,0.0756865896974,0.0755688445361,0.0750743148586,0.0750978638908,0.075027216794,0.0750743148586,0.0748152755037,0.0748152755037,0.074933020665,0.0747917264714,0.0746975303423,0.0749565696972,0.0747681774391,0.0746033342133,0.0746268832455,0.0745562361488,0.0750743148586,0.0746739813101,0.0742265496971,0.0742971967938,0.0740617064712,0.0738497651808,0.073684921955,0.0734258826001,0.0730490980838,0.0734023335678,0.0732139413097,0.0729078038903,0.0727900587289,0.072436823245,0.0718951955029,0.0713535677608,0.0712593716318,0.0715890580835,0.0718009993738,0.072083587761,0.0722484309869,0.0719187445352,0.0719422935674,0.0717774503416,0.071636156148,0.071282920664,0.0713771167931,0.0712358225995,0.0713535677608,0.071282920664,0.0712593716318,0.0714006658253,0.0714242148576,0.0715655090512,0.0717774503416,0.071636156148,0.0716597051802,0.0714948619544,0.0714713129221,0.0715419600189,0.0715890580835,0.071730352277,0.0718009993738,0.072083587761,0.0719658425997,0.0718480974384,0.0718009993738,0.0718716464706,0.0718716464706,0.0722013329223,0.072083587761,0.0721542348578,0.0721071367933,0.0719893916319,0.0724603722772,0.0724839213095,0.0722248819546,0.0722013329223,0.0723190780836,0.0721306858255,0.0722955290514,0.0726958625999,0.0727665096967,0.0730490980838,0.0734729806646,0.0737320200195,0.0741794516325,0.0738497651808,0.0738968632454,0.0736613729227,0.0739439613099,0.0742265496971,0.0744384909874,0.0749094716327,0.0751920600199,0.075027216794,0.0750978638908,0.0753569032457,0.075380452278,0.0755688445361,0.0758043348588,0.0758749819556,0.0755217464716,0.0756865896974,0.0753098051812,0.0755923935684,0.0756394916329,0.0758043348588,0.0760869232459,0.0760398251814,0.0756394916329,0.0756865896974,0.0754040013103,0.0751685109876,0.075027216794,0.0748859226005,0.0745091380842,0.0745091380842,0.0742265496971,0.0739204122776,0.0735907258259,0.0734965296969,0.0736378238904,0.0736378238904,0.0728607058257,0.0727194116321,0.0726723135676,0.0722484309869,0.0717774503416,0.0719422935674,0.0713064696963,0.0710709793736,0.0710945284059,0.0708590380833,0.0706235477606,0.070482253567,0.0698464296959,0.0699641748572,0.0697051355023,0.0696344884055,0.0693283509861,0.0690928606634,0.0687631742117,0.0686689780827,0.0685747819536,0.0688338213085,0.0687396251795,0.0686689780827,0.0688102722763,0.0688102722763,0.0686925271149,0.0684570367923,0.0688102722763,0.0690457625989,0.0690457625989,0.0692577038893,0.0690693116312,0.0691870567925,0.0692812529216,0.0695402922765,0.0695402922765,0.0693519000183,0.0694696451797,0.0695167432442,0.0697993316314,0.0699170767927,0.0703409593734,0.0706706458251,0.0707177438897,0.0710238813091,0.0712122735672,0.0713535677608,0.0713771167931,0.0715890580835,0.0719658425997,0.0720364896965,0.0719422935674,0.0720129406642,0.0722484309869,0.0718480974384,0.0726016664708,0.0726252155031,0.0722719800191,0.0725545684063,0.0731197451806,0.0734023335678,0.0734023335678,0.0731903922774,0.0731432942129,0.0731903922774,0.0729549019548,0.0730961961484,0.0730726471161,0.0730020000193,0.0730020000193,0.0729313529225,0.0727429606644,0.0723190780836,0.0722248819546,0.072083587761,0.0718009993738,0.0719422935674,0.0720600387287,0.0719187445352,0.0720364896965,0.0719658425997,0.0720129406642,0.0716597051802,0.0714006658253,0.0714948619544,0.0718009993738,0.0719422935674,0.0719658425997,0.0719187445352,0.0716832542125,0.0715655090512,0.0713064696963,0.0706470967929,0.0705999987284,0.0701996651799,0.0700112729217,0.070034821954,0.0700819200185,0.0696344884055,0.0694696451797,0.0693519000183,0.0694931942119,0.0693048019538,0.0693519000183,0.0693989980829,0.0688809193731,0.0690928606634,0.069234154857,0.069139958728,0.0686689780827,0.0681979974374,0.06843348776,0.0686689780827,0.0685983309859,0.06843348776,0.068786723244,0.0686925271149,0.0686454290504,0.0686218800182,0.0686925271149,0.0688102722763,0.0688102722763,0.0691164096957,0.0691164096957,0.0691635077602,0.0696344884055,0.0695402922765,0.0693048019538,0.0693283509861,0.069587390341,0.0695638413087,0.0701290180831,0.0702703122767,0.0706706458251,0.0706706458251,0.0705999987284,0.0708825871155,0.0709532342123,0.071188724535,0.0715184109867,0.0721306858255,0.0727429606644,0.0735436277614,0.0740617064712,0.0745091380842,0.074579785181,0.0749094716327,0.0747917264714,0.0755452955039,0.0762282174395,0.0767462961493,0.0771701787301,0.0776411593754,0.0779237477625,0.0782769832465,0.0788892580854,0.0790541013112,0.0796663761501,0.079925415505,0.0801609058277,0.0805612393761,0.0808202787311,0.080726082602,0.0811028671182,0.0813148084086,0.0812441613118,0.0813854555054,0.0819270832475,0.0820448284088,0.0822567696992,0.0825629071186,0.0827983974413,0.0831516329252,0.083222280022,0.083222280022,0.083222280022,0.0833164761511,0.0837639077641,0.0839287509899,0.0840700451835,0.0844939277643,0.084470378732,0.0846823200224,0.0845174767965,0.0849649084096,0.0854594380871,0.085271045829,0.0856713793775,0.0860481638937,0.0861659090551,0.0858126735711,0.0857420264743,0.085624281313,0.0854594380871,0.0855536342162,0.0858833206679,0.0859775167969,0.0862836542164,0.0861894580873,0.0860481638937,0.0860246148615,0.0862365561518,0.08642494841,0.0865897916358,0.0869430271198,0.0870843213134,0.0868959290552,0.086519144539,0.086519144539,0.0866368897003,0.0864955955068,0.0863543013132,0.0866368897003,0.086966576152,0.0870372232488,0.0873669097005,0.0873433606683,0.0868488309907,0.0869901251843,0.0870607722811,0.0871314193779,0.0872256155069,0.0871549684102,0.0871078703456,0.0871078703456,0.0870136742166,0.0872020664747,0.0870136742166,0.0868252819585,0.0866368897003,0.0863307522809,0.0857420264743,0.0855771832484,0.0855536342162,0.0853181438935,0.0852003987322,0.0852945948613,0.0850120064741,0.0846352219579,0.0844939277643,0.0842584374416,0.0840464961513,0.0840700451835,0.084022947119,0.0837874567964,0.0834342213124,0.0829396916348,0.082421612925,0.0820448284088,0.0819035342152,0.0819270832475,0.0816915929248,0.081526749699,0.0814325535699,0.0810557690537,0.0807025335697,0.0808909258278,0.0809144748601,0.0808673767956,0.0808202787311,0.081173514215,0.0811970632473,0.0809615729246,0.0807496316343,0.0808909258278,0.0807731806665,0.0807496316343,0.0805376903439,0.080278650989,0.0800431606663,0.0797134742146,0.0797841213114,0.0795486309888,0.0796663761501,0.0796899251824,0.0800196116341,0.0799018664727,0.0797841213114,0.079831219376,0.0801609058277,0.0802080038922,0.0808438277633,0.0808909258278,0.0810322200214,0.0808438277633,0.0806318864729,0.0805612393761,0.0808673767956,0.0811028671182,0.0811028671182,0.0814090045377,0.0815738477635,0.0811970632473,0.0812677103441,0.0813619064731,0.0814796516345,0.0816680438926,0.0820448284088,0.0822567696992,0.0819506322797,0.0817857890539,0.0817622400216,0.0815738477635,0.0814325535699,0.0814090045377,0.0814796516345,0.0815738477635,0.0818799851829,0.0818093380862,0.0815738477635,0.0813383574409,0.0814090045377,0.081526749699,0.081526749699,0.0812206122795,0.081173514215,0.0808909258278,0.0808673767956,0.0808909258278,0.0809615729246,0.0809851219569,0.0808673767956,0.0809615729246,0.0808673767956,0.0807496316343,0.0806083374407,0.080372847118,0.0807967296988,0.0811028671182,0.0809144748601,0.0807496316343,0.0805847884084,0.0809615729246,0.0806789845375,0.0810086709892,0.081173514215,0.0812441613118,0.0810086709892,0.0808909258278,0.0811264161505,0.0809851219569,0.0808673767956,0.0811499651828,0.0810086709892,0.0809380238924,0.0807731806665,0.0805141413116,