# R script for Peak Model
#  -- generated by MACS
p <- c(0.0253534483593,0.0267082127754,0.0290306660602,0.0305789682501,0.03212727044,0.0338691104036,0.0359980259147,0.0379334036521,0.0396752436157,0.0410300080318,0.0425783102217,0.0437395368641,0.0454813768277,0.0466426034701,0.0478038301125,0.0495456700762,0.0499327456236,0.0495456700762,0.0534164255509,0.0538035010983,0.0541905766458,0.0555453410619,0.0543841144195,0.0538035010983,0.0551582655145,0.0553518032882,0.0559324166094,0.0551582655145,0.0561259543831,0.0563194921569,0.058448407668,0.0586419454417,0.0592225587629,0.0594160965366,0.058448407668,0.0590290209892,0.0592225587629,0.0590290209892,0.0598031720841,0.0594160965366,0.0594160965366,0.0592225587629,0.0601902476316,0.0607708609528,0.0601902476316,0.0603837854053,0.0598031720841,0.0603837854053,0.0601902476316,0.0607708609528,0.0570936432518,0.0570936432518,0.0561259543831,0.0549647277407,0.0553518032882,0.0559324166094,0.0549647277407,0.0549647277407,0.0541905766458,0.0543841144195,0.0536099633246,0.0539970388721,0.0524487366822,0.0524487366822,0.0520616611347,0.0539970388721,0.0536099633246,0.0536099633246,0.0536099633246,0.0539970388721,0.0522551989084,0.0524487366822,0.0520616611347,0.0524487366822,0.0516745855872,0.0509004344923,0.0522551989084,0.0528358122297,0.054771189967,0.0539970388721,0.0526422744559,0.051093972266,0.0526422744559,0.0522551989084,0.0536099633246,0.0536099633246,0.0551582655145,0.0555453410619,0.0557388788357,0.0551582655145,0.0549647277407,0.0555453410619,0.0561259543831,0.0559324166094,0.0563194921569,0.0565130299306,0.0563194921569,0.0555453410619,0.0557388788357,0.054771189967,0.0543841144195,0.0528358122297,0.0526422744559,0.0528358122297,0.0528358122297,0.0532228877771,0.0539970388721,0.0543841144195,0.0543841144195,0.0534164255509,0.0520616611347,0.0514810478135,0.0534164255509,0.0539970388721,0.0530293500034,0.0532228877771,0.051868123361,0.051868123361,0.0512875100398,0.0512875100398,0.0520616611347,0.0539970388721,0.0543841144195,0.0532228877771,0.0524487366822,0.0524487366822,0.0522551989084,0.0514810478135,0.051093972266,0.0493521323024,0.0499327456236,0.0495456700762,0.0499327456236,0.0514810478135,0.0520616611347,0.051093972266,0.0516745855872,0.0505133589448,0.0509004344923,0.0512875100398,0.0499327456236,0.0516745855872,0.0530293500034,0.0526422744559,0.0512875100398,0.0520616611347,0.051868123361,0.051868123361,0.0524487366822,0.0530293500034,0.0522551989084,0.0512875100398,0.0503198211711,0.0487715189812,0.0507068967186,0.0514810478135,0.0514810478135,0.051868123361,0.0512875100398,0.0528358122297,0.0534164255509,0.0539970388721,0.0538035010983,0.0538035010983,0.0536099633246,0.0532228877771,0.0538035010983,0.0541905766458,0.0543841144195,0.0543841144195,0.0530293500034,0.0520616611347,0.0532228877771,0.0528358122297,0.0520616611347,0.0541905766458,0.0555453410619,0.0545776521933,0.0549647277407,0.0545776521933,0.0549647277407,0.0555453410619,0.0563194921569,0.0567065677044,0.0565130299306,0.0563194921569,0.0545776521933,0.0549647277407,0.0561259543831,0.0563194921569,0.0563194921569,0.0545776521933,0.0549647277407,0.054771189967,0.054771189967,0.0549647277407,0.0543841144195,0.0563194921569,0.0559324166094,0.0561259543831,0.0555453410619,0.0561259543831,0.0559324166094,0.0569001054781,0.0559324166094,0.0549647277407,0.0543841144195,0.0534164255509,0.0532228877771,0.0536099633246,0.0538035010983,0.0539970388721,0.0536099633246,0.0528358122297,0.0528358122297,0.0541905766458,0.0553518032882,0.0555453410619,0.0561259543831,0.0551582655145,0.0541905766458,0.0530293500034,0.0536099633246,0.0549647277407,0.0541905766458,0.0549647277407,0.0549647277407,0.0563194921569,0.0574807187993,0.0561259543831,0.0567065677044,0.0569001054781,0.0572871810256,0.057674256573,0.0578677943468,0.058448407668,0.0594160965366,0.0586419454417,0.0594160965366,0.0586419454417,0.0572871810256,0.0580613321205,0.0578677943468,0.0586419454417,0.0586419454417,0.0588354832154,0.0578677943468,0.0567065677044,0.0567065677044,0.0572871810256,0.0574807187993,0.0574807187993,0.0578677943468,0.0586419454417,0.0594160965366,0.0592225587629,0.0594160965366,0.0596096343104,0.061351474274,0.0598031720841,0.0588354832154,0.0592225587629,0.058448407668,0.058448407668,0.057674256573,0.0578677943468,0.0582548698942,0.0578677943468,0.0574807187993,0.0586419454417,0.0580613321205,0.058448407668,0.0596096343104,0.0582548698942,0.0582548698942,0.0582548698942,0.0588354832154,0.0590290209892,0.0594160965366,0.0603837854053,0.0603837854053,0.0611579365003,0.0605773231791,0.0611579365003,0.0605773231791,0.0615450120477,0.0627062386901,0.0621256253689,0.0621256253689,0.0615450120477,0.0609643987265,0.0632868520113,0.06425454088,0.0636739275588,0.0659963808436,0.0683188341285,0.0690929852234,0.0700606740921,0.070834825187,0.0727702029244,0.0739314295668,0.0747055806617,0.0768344961728,0.0791569494576,0.0808987894212,0.0818664782899,0.0838018560273,0.0853501582171,0.0865113848595,0.0878661492757,0.0899950647868,0.0890273759181,0.0892209136918,0.0882532248232,0.0888338381444,0.0896079892393,0.0903821403342,0.090575678108,0.0884467625969,0.0890273759181,0.0892209136918,0.0892209136918,0.0896079892393,0.089801527013,0.0901886025605,0.0911562914292,0.0896079892393,0.086898460407,0.0874790737282,0.0870919981807,0.0872855359545,0.086898460407,0.0861243093121,0.0861243093121,0.0849630826697,0.0841889315747,0.0828341671586,0.083221242706,0.0826406293848,0.0807052516475,0.0803181761,0.0807052516475,0.0795440250051,0.0812858649687,0.0805117138738,0.0822535538374,0.0818664782899,0.0818664782899,0.0845760071222,0.0845760071222,0.0849630826697,0.0849630826697,0.0865113848595,0.0884467625969,0.0886403003706,0.0874790737282,0.0874790737282,0.0870919981807,0.0876726115019,0.0896079892393,0.090575678108,0.0903821403342,0.0899950647868,0.0890273759181,0.0888338381444,0.0876726115019,0.0899950647868,0.0907692158817,0.0907692158817,0.0915433669766,0.0909627536554,0.0913498292029,0.0899950647868,0.0901886025605,0.0901886025605,0.0884467625969,0.0894144514656,0.0884467625969,0.0884467625969,0.0886403003706,0.0863178470858,0.0878661492757,0.0896079892393,0.0917369047504,0.0915433669766,0.0903821403342,0.0892209136918,0.0903821403342,0.0903821403342,0.0907692158817,0.0909627536554,0.0915433669766,0.0915433669766,0.0921239802979,0.0928981313928,0.0927045936191,0.0950270469039,0.0965753490938,0.0956076602251,0.0950270469039,0.0979301135099,0.0987042646048,0.0998654912473,0.103155633401,0.104897473364,0.106445775554,0.105865162233,0.107219926649,0.108961766613,0.108381153292,0.110122993255,0.110703606576,0.113026059861,0.11089714435,0.11089714435,0.111090682124,0.111477757671,0.111477757671,0.111864833219,0.111671295445,0.112638984314,0.112638984314,0.112638984314,0.112832522087,0.111477757671,0.112058370993,0.112251908766,0.113413135409,0.114380824277,0.115348513146,0.11554205092,0.116122664241,0.113606673182,0.113800210956,0.116509739788,0.115348513146,0.11554205092,0.114574362051,0.11554205092,0.115929126467,0.114961437599,0.117670966431,0.118058041978,0.118251579752,0.116509739788,0.117670966431,0.118832193073,0.118832193073,0.119219268621,0.120961108584,0.124057712964,0.126573704023,0.126573704023,0.127734930665,0.128702619534,0.128896157308,0.132379837235,0.134315214972,0.135089366067,0.136444130483,0.137411819352,0.136637668257,0.137605357126,0.140895499279,0.142637339243,0.142830877016,0.142056725921,0.142637339243,0.143411490338,0.144379179206,0.146508094717,0.147282245812,0.14921762355,0.14921762355,0.148249934681,0.148249934681,0.15076592574,0.151733614608,0.154249605667,0.156184983404,0.157152672273,0.158507436689,0.158894512236,0.156959134499,0.158120361141,0.161410503295,0.161797578842,0.162765267711,0.16218465439,0.162958805485,0.163152343259,0.164507107675,0.164507107675,0.168184325376,0.169539089792,0.166636023186,0.171280929755,0.172829231945,0.174183996361,0.174958147456,0.176506449646,0.177087062968,0.177280600741,0.178635365157,0.178635365157,