# R script for Peak Model
#  -- generated by MACS
p <- c(0.00645411265972,0.00664805928388,0.00679890665823,0.00691742959522,0.00707905178202,0.00727299840619,0.00742384578054,0.00765011684207,0.00788716271605,0.00801646046549,0.00821040708965,0.00839357890137,0.00860907515044,0.00882457139951,0.00899696839877,0.00907239208594,0.00920168983539,0.00932021277238,0.00949260977163,0.00971888083316,0.00986972820751,0.0100529000192,0.0102360718309,0.0103761443928,0.0105485413921,0.010688613954,0.0108825605782,0.0110872820148,0.0113351027012,0.0115074997005,0.0116906715122,0.0119492670111,0.0121539884477,0.0122832861971,0.0125311068836,0.0127250535077,0.0128866756945,0.013015973444,0.0131452711934,0.0131560460059,0.013112946756,0.0131237215685,0.0131883704432,0.0132099200681,0.0132853437553,0.0132745689429,0.0132637941304,0.0133392178176,0.01334999263,0.0133068933802,0.0132745689429,0.0132637941304,0.0132099200681,0.0131991452557,0.0132422445055,0.0132206948806,0.0131560460059,0.0131452711934,0.0131560460059,0.013134496381,0.0130806223187,0.0128866756945,0.0128220268198,0.0128112520073,0.0129620993817,0.0128866756945,0.012897450507,0.0128651260696,0.0128651260696,0.0129405497568,0.0129513245692,0.0129620993817,0.0129620993817,0.0129836490066,0.0129728741942,0.0129405497568,0.0129513245692,0.0130590726938,0.0131021719436,0.0130267482564,0.0130590726938,0.0131668208183,0.0131668208183,0.0131452711934,0.013134496381,0.0130698475062,0.013015973444,0.0129944238191,0.0129513245692,0.012897450507,0.0128112520073,0.01277892757,0.0126927290704,0.0127358283202,0.0127466031326,0.0128220268198,0.0128004771949,0.0126819542579,0.0127250535077,0.0126173053832,0.0126280801956,0.0126388550081,0.0126173053832,0.0126173053832,0.0125849809458,0.0125095572586,0.0124125839466,0.0124018091341,0.0123263854469,0.012186312885,0.0121647632601,0.0122509617598,0.0121216640103,0.0120354655107,0.0120031410733,0.0120246906982,0.012067789948,0.0120785647605,0.0121970876975,0.0121970876975,0.0121647632601,0.0121216640103,0.012089339573,0.0121001143854,0.0121216640103,0.0121216640103,0.0121432136352,0.0122401869473,0.0122617365722,0.0122832861971,0.0122617365722,0.0122509617598,0.0121647632601,0.0122401869473,0.0122940610096,0.0123802595092,0.0123802595092,0.0124449083839,0.0125203320711,0.0126496298205,0.0126711794455,0.0127035038828,0.0125849809458,0.0126173053832,0.0125742061334,0.0126388550081,0.0126819542579,0.0127573779451,0.0128220268198,0.0128866756945,0.0129620993817,0.0129190001319,0.0129082253194,0.0129082253194,0.0129082253194,0.012897450507,0.0128220268198,0.0128759008821,0.0128866756945,0.0127897023824,0.0128112520073,0.0128435764447,0.0129190001319,0.0128866756945,0.0128759008821,0.0129620993817,0.0129944238191,0.0130482978813,0.0131560460059,0.0131237215685,0.0132206948806,0.0132530193179,0.0132099200681,0.0131668208183,0.0131560460059,0.0131452711934,0.0131452711934,0.0132206948806,0.0131452711934,0.0132206948806,0.0132099200681,0.0132745689429,0.0133176681927,0.0133284430051,0.0133176681927,0.0133284430051,0.0133176681927,0.0133607674425,0.0134146415047,0.0132853437553,0.01334999263,0.0133715422549,0.0134900651919,0.0135331644417,0.0134792903795,0.0135223896293,0.0134361911297,0.0134577407546,0.0135223896293,0.0135223896293,0.0135331644417,0.0135762636916,0.0135331644417,0.0134792903795,0.0135331644417,0.0135331644417,0.0135439392542,0.0135439392542,0.0135439392542,0.0135116148168,0.0136624621912,0.0136516873787,0.0136732370036,0.0136624621912,0.0135762636916,0.0135547140666,0.0135654888791,0.0135439392542,0.0135762636916,0.0135978133165,0.0136085881289,0.0136732370036,0.0136947866285,0.0137702103157,0.0138671836278,0.0139102828776,0.0140288058146,0.0139102828776,0.0139318325025,0.0140072561897,0.0139964813772,0.0140934546893,0.0141042295018,0.0141042295018,0.0142443020637,0.0143843746256,0.0144382486878,0.0144813479377,0.0145352219999,0.014513672375,0.0145783212497,0.0147076189992,0.0147938174988,0.014869241186,0.0149015656233,0.0149769893105,0.0149662144981,0.0150739626226,0.0152355848094,0.0153433329339,0.0155803788079,0.0157851002445,0.0158605239317,0.0160760201808,0.0161406690555,0.0162484171801,0.0164208141793,0.0164531386167,0.0165824363661,0.0165501119288,0.0166470852408,0.0167871578027,0.0169811044269,0.0172073754884,0.0174336465499,0.0176060435492,0.0176706924239,0.0178969634855,0.0180585856723,0.0181016849221,0.0181016849221,0.0183279559836,0.0185650018576,0.0187373988568,0.0188774714187,0.0189852195433,0.0190067691682,0.0192007157923,0.0194269868539,0.0196532579154,0.0199010786018,0.0201596741007,0.0203105214751,0.0204074947871,0.0205583421615,0.020784613223,0.0210324339095,0.0212694797834,0.0213987775329,0.021614273782,0.0217758959688,0.0219698425929,0.0222607625292,0.0225085832156,0.0227887283394,0.0230904230881,0.023349018587,0.0234567667115,0.0238231103349,0.0241032554587,0.0243295265203,0.0245234731444,0.0246527708939,0.0248898167678,0.024965240455,0.0253315840784,0.0255901795773,0.0258810995136,0.0263875156989,0.0267323096974,0.0270447792586,0.0273249243824,0.0275942946937,0.0277559168805,0.0281330353164,0.0285963522519,0.0288657225632,0.0291781921244,0.0295553105603,0.029857005309,0.0302448985573,0.0304388451815,0.0309344865543,0.0312685057404,0.0316994982385,0.0319580937374,0.0322274640488,0.032636906922,0.0330355749828,0.0333695941688,0.0337251629798,0.0341453806655,0.0345548235387,0.0349427167871,0.0354922322222,0.0360632972822,0.0366128127174,0.0372700762771,0.0377333932126,0.0383798819598,0.03890784777,0.0394250387678,0.0399853290154,0.0406210429501,0.0411705583853,0.0418385967574,0.0423557877552,0.0430777001896,0.0437026393119,0.0443275784342,0.0450279412437,0.0456205559286,0.046342468363,0.0473014266714,0.0481634116677,0.0490253966639,0.0497042098485,0.0504368970954,0.0512450080294,0.0520638937759,0.0531306002088,0.0541865318292,0.0550916160753,0.0559643758841,0.0567724868181,0.0578284184385,0.0590567470583,0.0603389497402,0.0614272057981,0.0624292633562,0.0635606186639,0.0649721190953,0.0659849514659,0.0671163067736,0.0682584368936,0.0696483877002,0.0707474185704,0.0721481441894,0.0734087972465,0.0748957213651,0.0764688439833,0.077697172603,0.0789901500974,0.0803262268417,0.081877799835,0.0833539491412,0.0846361518231,0.0861230759417,0.0877177481849,0.0894848174273,0.0911549133576,0.0930297307245,0.0948075747794,0.0963268233353,0.0980507933279,0.100033358819,0.102059023561,0.103772218741,0.105496188733,0.107909746723,0.10982766334,0.111508534082,0.113426450699,0.11566761169,0.118038070429,0.12014993367,0.122154048787,0.124470633464,0.126905741079,0.129060703569,0.131409612684,0.133769296612,0.135859610228,0.137949923844,0.140417355896,0.142798589448,0.145384544437,0.147755003176,0.150265534478,0.152722191718,0.15510342527,0.157721704696,0.160447732247,0.163324607172,0.166104508785,0.169196879959,0.171987556385,0.174885980935,0.177698206985,0.180693604847,0.183796750834,0.186404255448,0.189712122871,0.192858368107,0.195929189657,0.199140083768,0.202523374878,0.205842017114,0.2089451631,0.212188381649,0.215991890445,0.219493704493,0.2236527821,0.227671787145,0.231141276755,0.234729289302,0.238575897348,0.242638001643,0.246484609689,0.250072622236,0.253886905845,0.258099857514,0.262334358808,0.265922371355,0.269585807589,0.27349706451,0.277516069555,0.281330353164,0.285467881146,0.289616183941,0.293764486735,0.298225259091,0.302330462636,0.306586513555,0.310519320101,0.314290504459,0.31833105913,0.322231541238,0.326272095908,0.330032505454,0.333814464625,0.338221362919,0.342488188651,0.346367121134,0.350062881805,0.354405131224,0.358639632519,0.362109122129,0.366117352361,0.37054580028,0.374564805325,0.378346764496,0.382064074793,0.385932232464,0.389768065697,0.393366853057,0.396847117479,0.400348931526,0.403678348575,0.406803044186,0.410337182671,0.413558851595,0.416575799082,0.419959090192,0.422911388804,0.426100733291,0.429279302964,0.432210051952,0.435410171251,0.438254721738,0.44072215379,0.443103387342,0.445592369019,0.447962827759,