# R script for Peak Model
#  -- generated by MACS
p <- c(0.00785254541909,0.0081377684082,0.00838733852368,0.0085834293287,0.00887756553622,0.00905582990442,0.00934105289353,0.0095817097906,0.00982236668767,0.0100273707111,0.0102591143897,0.0104462919764,0.0106869488734,0.0109810850809,0.0112930477253,0.0114623988751,0.0116495764617,0.0118545804851,0.0120417580717,0.0122735017504,0.0125319850843,0.0127637287629,0.0129598195679,0.0131380839361,0.0133074350859,0.0135302655462,0.013699616696,0.0139581000298,0.0141185379612,0.0143235419846,0.0145463724449,0.0147424632499,0.0149563804917,0.015179210952,0.015330735665,0.0154733471595,0.0155179132516,0.0154822603779,0.0154644339411,0.0154466075043,0.0154020414122,0.0153574753202,0.0153485621018,0.0153574753202,0.0153663885386,0.0153842149754,0.0153842149754,0.0154555207227,0.0154466075043,0.0154466075043,0.0154020414122,0.0154466075043,0.0154555207227,0.01552682647,0.0154376942859,0.015375301757,0.0153574753202,0.0153663885386,0.0154020414122,0.0154287810675,0.0154020414122,0.0154287810675,0.0154020414122,0.0154644339411,0.0153574753202,0.0153663885386,0.0154020414122,0.0154376942859,0.0154376942859,0.0154733471595,0.0155803057804,0.0156159586541,0.0156783511829,0.0156159586541,0.0156516115277,0.0156961776198,0.0156516115277,0.015767483367,0.0156961776198,0.0157853098039,0.0157496569302,0.0158387891143,0.0158477023327,0.0159368345168,0.01591900808,0.0158922684248,0.0158833552064,0.0160170534825,0.016115098885,0.0161774914139,0.0162755368164,0.0162398839428,0.0162042310691,0.0162131442875,0.0162844500348,0.016418148311,0.0164805408398,0.0164983672767,0.0165874994608,0.0165696730239,0.0166498919896,0.0166855448633,0.0166766316448,0.0167033713001,0.0167925034842,0.0168014167026,0.0169262017603,0.0171044661285,0.0171668586574,0.0172649040599,0.0173718626808,0.0174877345201,0.0175233873938,0.0175679534858,0.0176659988883,0.0177551310724,0.0178799161302,0.0180136144063,0.0180581804984,0.0181205730272,0.0182097052113,0.0182542713034,0.018289924177,0.0183077506139,0.0184860149821,0.0184147092348,0.0185305810741,0.0185840603846,0.0187177586607,0.0187355850975,0.0187088454423,0.0186999322239,0.0187088454423,0.0187623247528,0.0187534115343,0.0187177586607,0.0187355850975,0.018789064408,0.0187534115343,0.0188692833737,0.0188425437184,0.0188603701553,0.0188247172816,0.0189138494657,0.0189584155578,0.0190029816498,0.0189584155578,0.018940589121,0.0190029816498,0.018940589121,0.0189762419946,0.0189049362473,0.0189316759025,0.0188871098105,0.0188692833737,0.0188781965921,0.0189049362473,0.0189316759025,0.0189673287762,0.0188603701553,0.0188603701553,0.018940589121,0.0189316759025,0.0190742873971,0.0192168988917,0.0192347253285,0.0192792914205,0.0192882046389,0.0193505971678,0.0194129896967,0.0195466879728,0.0196001672833,0.0196714730306,0.0198319109619,0.0198943034908,0.0200814810774,0.0201171339511,0.0202062661352,0.0201884396983,0.0201527868247,0.0202151793536,0.0202330057904,0.0203043115377,0.020268658664,0.0203488776297,0.0203934437218,0.0204736626874,0.0205182287795,0.0205271419979,0.0204469230322,0.0204736626874,0.0204380098138,0.020420183377,0.0204290965954,0.0204558362506,0.0204736626874,0.0204914891243,0.02057170809,0.0205627948715,0.0205806213084,0.0206073609636,0.0205627948715,0.0206341006188,0.0207767121134,0.0207856253318,0.0208034517686,0.0209193236079,0.0210351954473,0.0212580259075,0.0213025919996,0.0212847655627,0.0213025919996,0.0214452034941,0.0214362902757,0.0214452034941,0.0215343356782,0.0215432488966,0.0215967282071,0.0215878149887,0.0217126000464,0.0217215132648,0.0217482529201,0.0218195586673,0.0218908644146,0.0220156494724,0.0219710833803,0.022095868438,0.022051302346,0.0220691287828,0.0221404345301,0.0221671741853,0.0223543517719,0.022398917864,0.0224880500481,0.0226752276347,0.0227019672899,0.0227732730372,0.0228802316581,0.0230406695895,0.0230406695895,0.0230763224631,0.0231921943025,0.0230763224631,0.0231476282104,0.023290239705,0.023183281084,0.0233526322338,0.0233882851075,0.0235398098204,0.0236645948782,0.02387851212,0.0240122103962,0.0240478632698,0.0241280822355,0.0242350408564,0.0244667845351,0.0245202638455,0.0246361356849,0.0247520075242,0.0247876603978,0.0249035322372,0.025162015571,0.0253848460313,0.0255452839627,0.0257502879861,0.0258928994806,0.0261335563777,0.0263118207459,0.0263742132748,0.0265168247693,0.0267396552296,0.0268555270689,0.0270070517819,0.0272298822421,0.0274170598287,0.0276309770706,0.0277914150019,0.027880547186,0.0280498983358,0.0281479437383,0.0282549023593,0.0284955592563,0.0287807822454,0.0289857862689,0.0292442696028,0.0293868810973,0.029618624776,0.0296899305232,0.0297968891442,0.0299395006387,0.0302247236278,0.030402987996,0.0305990788011,0.0309645207559,0.0311160454688,0.0313210494922,0.0315171402973,0.0319806276546,0.0322569374253,0.0326402058169,0.0329521684613,0.0332195650135,0.0334513086922,0.033665225934,0.0340306678888,0.0341911058202,0.0342891512227,0.034556547775,0.0346991592696,0.0349576426035,0.0351804730637,0.0354300431792,0.0356796132947,0.0358935305365,0.0362054931809,0.0365887615725,0.0367937655959,0.0371859472059,0.0373731247925,0.0375870420344,0.0378276989314,0.0380505293917,0.0383892316913,0.0387368472093,0.0391646816929,0.0396549087055,0.040145135718,0.040492751236,0.0408225403172,0.0412414615824,0.0415445110084,0.0420347380209,0.042471485723,0.0429617127355,0.0433538943456,0.0437817288292,0.0442006500945,0.0445482656125,0.0449047943489,0.0453504552694,0.0458050294083,0.0462952564208,0.0467409173413,0.0473291897564,0.0476857184928,0.0482205115973,0.0488622633229,0.0493168374618,0.0498783702216,0.0505914276944,0.0511529604542,0.0517679725245,0.052106674824,0.0526414679286,0.0534169179303,0.0542012811504,0.0548252064391,0.0556273960959,0.056260234603,0.0569911185126,0.0577665685143,0.058435059895,0.0592550759888,0.060021612772,0.0607970627737,0.061501207028,0.0623657892138,0.0632749374916,0.0640860403669,0.0648882300238,0.0658686840489,0.0668223984187,0.0676780673861,0.0686941742848,0.0696478886546,0.0707620409559,0.071938585786,0.073177523145,0.0743986340671,0.0755395260236,0.0768497691298,0.0779995743047,0.0792919909741,0.0806557133908,0.0819748697155,0.083311852477,0.084746880641,0.0860214708736,0.0874030197271,0.0887578289254,0.0901572042157,0.0915744059429,0.0929648680148,0.0944801151445,0.0959775358374,0.0974927829671,0.0988743318206,0.100148922053,0.101583950217,0.103152676657,0.104855101374,0.106406001377,0.108028207128,0.109926722649,0.111593494491,0.113260266334,0.115176608292,0.116968165193,0.118911246806,0.121005853132,0.123073719803,0.124909842796,0.127138147398,0.129268406598,0.131256054304,0.133288268101,0.135855275003,0.138128145698,0.140035574437,0.142326271569,0.144759580195,0.146996798015,0.149697503194,0.152175377912,0.154947388837,0.157496569302,0.159822919307,0.162291880807,0.164671710122,0.16698023369,0.169850290018,0.172319251518,0.174904084857,0.177346306701,0.179868747511,0.182444667631,0.185074067062,0.187846077988,0.190502217074,0.193051397539,0.195957106741,0.198550853298,0.201251558476,0.203943350436,0.206751014235,0.209549764816,0.212624825167,0.215227484943,0.218151020581,0.221110209093,0.223980265421,0.227082065428,0.229961034974,0.233018268889,0.235843759125,0.239114910281,0.242163230977,0.245478948226,0.248785752256,0.252039076976,0.255336967787,0.25879529653,0.262324931021,0.265676301143,0.26888505977,0.272147297708,0.275569973578,0.279028302321,0.282317279914,0.285445819576,0.288779363261,0.292255518441,0.295437537413,0.298779994317,0.30223832306,0.30532229663,0.308611274223,0.311793293195,0.314832700673,0.318389074819,0.321526527699,0.324753112763,0.327988611046,0.331411286915,0.334539826577,0.337891196699,0.341171261074,0.344513717978,0.347446166835,0.350485574313,0.353854770871,0.35700113697,0.359880106517,0.362866034684,0.36557565308,0.368508101937,0.37112858815,0.373766900799,0.376387387012,0.37874938989,0.381450095068,0.383972535878,0.386289972665,0.388660888762,0.39096941233,0.393580985324,