# R script for Peak Model
#  -- generated by MACS
p <- c(0.0230813418389,0.0240230452112,0.0248878748388,0.0256181754132,0.0265598787855,0.0274439268493,0.0283087564769,0.0293657704661,0.0302113816576,0.0310185559767,0.0318257302958,0.032767433668,0.0335746079871,0.0346892772849,0.0354387962955,0.0364573734125,0.0374951689656,0.0382831248485,0.0392824835293,0.0403010606463,0.0416463511781,0.0423766517525,0.043222262944,0.0440486556992,0.0449711406353,0.0449519221992,0.0449134853268,0.0452978540502,0.0452978540502,0.0453362909225,0.0453555093587,0.0454516015396,0.0456630043374,0.0459704993161,0.0461626836778,0.0463548680395,0.0463164311672,0.0466239261459,0.0465854892735,0.0467968920714,0.0467007998905,0.0468929842522,0.0470082948692,0.0472004792309,0.0475271926458,0.0475271926458,0.0475656295181,0.0475079742096,0.0477385954437,0.047892342933,0.0477962507522,0.047661721699,0.0477385954437,0.04800765355,0.0480268719862,0.0480845272947,0.0481806194755,0.0481421826032,0.0483920222734,0.0483728038372,0.0486034250713,0.0486802988159,0.0490646675393,0.0489685753585,0.0491799781563,0.0493145072095,0.0493337256457,0.0495259100074,0.0495451284435,0.0492760703372,0.049141541284,0.0496796574967,0.0498910602946,0.0501408999648,0.0501408999648,0.0500063709116,0.0501601184009,0.0499679340393,0.0502369921456,0.0503523027626,0.0506982346137,0.0508135452307,0.0506982346137,0.0504483949435,0.0504676133796,0.0507943267945,0.0510633849009,0.0508712005392,0.0511210402094,0.0514093167519,0.0515438458051,0.0515246273689,0.0516591564221,0.0515438458051,0.0512171323902,0.0515246273689,0.0518129039115,0.0519666514008,0.0520627435817,0.0520243067093,0.0522741463795,0.0526008597944,0.0528314810284,0.0530428838263,0.0531389760071,0.0533695972412,0.0536386553475,0.0536386553475,0.0539653687624,0.0544650481028,0.0547341062092,0.0551184749325,0.0551184749325,0.0554451883474,0.0554644067836,0.0553683146027,0.0557142464538,0.0563868917197,0.0565598576452,0.0569057894962,0.0569057894962,0.0568481341877,0.0569442263686,0.0570018816771,0.0571940660388,0.0575207794536,0.0579243666132,0.0583279537727,0.0584624828259,0.0586162303153,0.0585585750068,0.0591351280918,0.0594426230705,0.0598462102301,0.0600383945918,0.0601152683365,0.0601344867726,0.0607879136024,0.0607302582939,0.0607686951662,0.0609416610917,0.0610377532726,0.0612107191981,0.0613644666874,0.0614797773044,0.0614989957406,0.061768053847,0.0620371119533,0.0624599175491,0.0627674125278,0.0632670918682,0.063478494666,0.0634592762299,0.0635745868469,0.0638436449532,0.0639973924426,0.0638628633894,0.0643625427298,0.0642664505489,0.0640550477511,0.064381761166,0.0641703583681,0.0644201980383,0.0645162902191,0.0651120617404,0.0652658092297,0.0650928433042,0.0648237851978,0.0652850276659,0.065746270134,0.0660153282403,0.0662843863467,0.0665150075807,0.0666303181977,0.0668032841232,0.0669954684849,0.0672837450275,0.0673606187721,0.0677257690594,0.0677834243679,0.0680717009104,0.0677642059317,0.0681677930912,0.0681101377827,0.0681870115274,0.0682446668359,0.0685521618146,0.0685521618146,0.0689749674103,0.0693208992614,0.0696668311124,0.0698974523464,0.0702049473251,0.0705893160485,0.0709352478996,0.0712427428783,0.0713196166229,0.0717039853463,0.0717616406548,0.0719346065804,0.0719538250165,0.0722036646867,0.0727225624633,0.0730492758782,0.0732991155483,0.0735489552185,0.0741831636121,0.0742600373568,0.0746636245163,0.0754707988354,0.0752593960376,0.0755476725801,0.075874385995,0.0760665703567,0.0759320413035,0.0762395362822,0.0765085943886,0.0768353078034,0.0769890552928,0.077238894963,0.0773926424523,0.0777577927395,0.0783151273884,0.0787955882927,0.0792568307607,0.0797565101011,0.0800063497713,0.0804868106755,0.0810633637606,0.0812939849946,0.0817167905903,0.0820435040052,0.0820819408776,0.0829852073775,0.0834080129732,0.0839845660583,0.0842151872923,0.0846187744519,0.0849070509944,0.0850415800476,0.0857910990582,0.0862139046539,0.0865213996326,0.0870018605368,0.0875207583134,0.0881741851431,0.0886738644835,0.088962141026,0.0894233834941,0.0897308784728,0.0900191550153,0.0904803974834,0.0908263293344,0.0912491349301,0.091691158962,0.0919409986322,0.0922677120471,0.0928634835683,0.0929980126215,0.0934015997811,0.0942664294087,0.0944778322065,0.094650798132,0.0948622009299,0.095554064632,0.0959768702277,0.0963996758234,0.0966302970574,0.0969185736,0.0973605976319,0.0976873110467,0.0976873110467,0.0977449663552,0.0987058881637,0.0990710384509,0.0993593149934,0.0994169703019,0.0997436837168,0.0999743049508,0.100454765855,0.100666168653,0.101473342972,0.102165206674,0.1023381726,0.10258801227,0.10283785194,0.103203002227,0.103548934078,0.104010176546,0.104951879919,0.105220938025,0.105701398929,0.106258733578,0.106739194482,0.107411839748,0.10760402411,0.108372761557,0.108968533078,0.109468212418,0.109967891759,0.11081350295,0.110967250439,0.111409274471,0.112062701301,0.112850657184,0.113350336524,0.113830797429,0.114292039897,0.114522661131,0.114714845492,0.114734063929,0.115483582939,0.115964043843,0.116502160056,0.116848091907,0.117424644992,0.117828232152,0.118058853386,0.118462440545,0.11903899363,0.119615546716,0.120499594779,0.12099927412,0.120634123832,0.121172240045,0.122056288109,0.122863462428,0.123497670822,0.12355532613,0.124055005471,0.124785306045,0.124881398226,0.125342640694,0.125554043492,0.126399654683,0.126937770896,0.127744945215,0.128417590481,0.129205546364,0.129186327928,0.129205546364,0.129820536321,0.130089594428,0.130550836896,0.13078145813,0.131088953108,0.1310312978,0.131261919034,0.131358011215,0.132107530225,0.132261277715,0.132857049236,0.133568131374,0.133760315736,0.134106247587,0.134625145363,0.135182480012,0.13579746997,0.136739173342,0.137623221406,0.138776327576,0.139583501895,0.140256147161,0.141159413661,0.141832058927,0.142562359501,0.143696247235,0.144599513735,0.145079974639,0.14542590649,0.146252299246,0.146751978586,0.147059473565,0.147674463522,0.147655245086,0.147905084756,0.148270235043,0.148942880309,0.149615525575,0.150538010511,0.150730194873,0.151575806064,0.151537369192,0.152479072564,0.152632820054,0.152940315032,0.153651397171,0.154151076511,0.154324042437,0.154650755851,0.15495825083,0.155381056426,0.155899954202,0.156399633543,0.156995405064,0.157706487202,0.158263821851,0.158628972138,0.159282398968,0.159647549255,0.160281757649,0.160723781681,0.160992839787,0.161530956,0.161800014106,0.162415004064,0.162837809659,0.162799372787,0.163548891798,0.163933260521,0.1642407555,0.164644342659,0.165201677308,0.165720575085,0.166181817553,0.166777589074,0.167373360595,0.167565544957,0.168372719276,0.168641777382,0.168641777382,0.169160675159,0.169852538861,0.170832679106,0.17171672717,0.172081877457,0.17246624618,0.172427809308,0.173158109882,0.173196546755,0.173677007659,0.174003721074,0.174484181978,0.174311216052,0.174868550701,0.175214482552,0.175041516627,0.175521977531,0.175771817201,0.176502117776,0.177520694893,0.177559131765,0.177962718924,0.178462398265,0.178923640733,0.179461756946,0.180057528467,0.18084548435,0.181575784924,0.182037027392,0.182402177679,0.182594362041,0.183132478254,0.182844201711,0.182959512328,0.183363099488,0.183478410105,0.183939652573,0.183862778828,0.184035744754,0.183939652573,0.184227929115,0.184247147552,0.184170273807,0.18455464253,0.184496987222,0.183997307881,0.184439331913,0.184074181626,0.184131836935,0.18470839002,0.184689171584,0.185361816849,0.185150414052,0.185496345903,0.185515564339,0.185592438083,0.185784622445,0.185669311828,0.185765404009,0.18586149619,0.185899933062,0.185823059318,0.186649452073,0.186707107381,0.186745544254,0.187110694541,0.186687888945,0.186649452073,0.1866110152,0.186015243679,0.185746185573,0.186034462115,0.185534782775,0.185188850924,0.184035744754,0.182997949201,0.182094682701,0.181172197765,0.180480334063,0.180038310031,0.179826907233,0.17928879102,0.179711596616,0.179404101637,0.178981296041,0.178577708882,0.177943500488,0.177040233988,0.176290714978,0.175694943456,0.175060735063,0.174714803212,0.17402293951,