# R script for Peak Model
#  -- generated by MACS
p <- c(0.0262630603628,0.0282832957753,0.0295689001287,0.0308545044822,0.0328747398947,0.035078633072,0.0363642374254,0.0380171573084,0.0394864194266,0.0413229970743,0.0427922591925,0.044077863546,0.0448124946051,0.046465414488,0.0477510188415,0.0494039387244,0.0512405163722,0.0517914896665,0.0514241741369,0.0512405163722,0.0510568586074,0.0510568586074,0.0508732008426,0.0508732008426,0.049771254254,0.049771254254,0.0494039387244,0.0506895430778,0.0501385697835,0.049771254254,0.0503222275483,0.0510568586074,0.0523424629608,0.0532607517847,0.0516078319017,0.0516078319017,0.0510568586074,0.0510568586074,0.0508732008426,0.0508732008426,0.0506895430778,0.0512405163722,0.0510568586074,0.0505058853131,0.0503222275483,0.0505058853131,0.0514241741369,0.0510568586074,0.0512405163722,0.0508732008426,0.0508732008426,0.0501385697835,0.0499549120187,0.0506895430778,0.0512405163722,0.0512405163722,0.0519751474313,0.052158805196,0.0525261207256,0.0539953828438,0.0541790406086,0.0543626983733,0.0539953828438,0.0547300139029,0.0552809871972,0.0549136716677,0.0543626983733,0.0545463561381,0.0550973294324,0.0550973294324,0.0567502493154,0.0576685381393,0.0580358536688,0.0574848803745,0.0574848803745,0.0569339070802,0.0584031691984,0.0582195114336,0.0598724313166,0.0602397468461,0.0606070623757,0.0604234046109,0.0598724313166,0.0596887735518,0.0598724313166,0.0607907201405,0.0600560890814,0.0596887735518,0.0596887735518,0.06115803567,0.0607907201405,0.0600560890814,0.0598724313166,0.0591378002575,0.0589541424927,0.0584031691984,0.0585868269632,0.0593214580223,0.0585868269632,0.0591378002575,0.0589541424927,0.0585868269632,0.059505115787,0.0582195114336,0.0573012226097,0.0563829337859,0.055464644962,0.055464644962,0.0567502493154,0.0561992760211,0.0550973294324,0.0556483027268,0.055464644962,0.0556483027268,0.0547300139029,0.0547300139029,0.0552809871972,0.0556483027268,0.0545463561381,0.0541790406086,0.0547300139029,0.0549136716677,0.0539953828438,0.053811725079,0.0532607517847,0.053811725079,0.053811725079,0.0545463561381,0.055464644962,0.055464644962,0.0552809871972,0.0541790406086,0.0534444095495,0.0541790406086,0.0541790406086,0.0539953828438,0.053811725079,0.0561992760211,0.0560156182563,0.057117564845,0.0573012226097,0.0582195114336,0.0580358536688,0.0582195114336,0.0580358536688,0.0578521959041,0.0563829337859,0.0558319604915,0.0569339070802,0.0573012226097,0.0582195114336,0.0584031691984,0.0587704847279,0.0598724313166,0.0596887735518,0.0587704847279,0.0580358536688,0.0561992760211,0.0563829337859,0.0558319604915,0.0556483027268,0.0549136716677,0.0543626983733,0.0543626983733,0.0552809871972,0.0552809871972,0.0556483027268,0.0550973294324,0.0545463561381,0.0541790406086,0.0541790406086,0.0530770940199,0.0530770940199,0.0517914896665,0.0514241741369,0.0508732008426,0.0505058853131,0.0503222275483,0.0501385697835,0.0514241741369,0.0519751474313,0.0525261207256,0.052158805196,0.0517914896665,0.0519751474313,0.0516078319017,0.0525261207256,0.0514241741369,0.0514241741369,0.0514241741369,0.0534444095495,0.0539953828438,0.055464644962,0.0560156182563,0.0569339070802,0.0563829337859,0.0563829337859,0.0560156182563,0.0565665915506,0.0574848803745,0.0567502493154,0.0558319604915,0.0558319604915,0.0560156182563,0.0563829337859,0.0567502493154,0.0567502493154,0.0574848803745,0.0576685381393,0.0574848803745,0.0567502493154,0.0573012226097,0.0573012226097,0.057117564845,0.0563829337859,0.0558319604915,0.0556483027268,0.0573012226097,0.0569339070802,0.0578521959041,0.0569339070802,0.0563829337859,0.0565665915506,0.0580358536688,0.0563829337859,0.057117564845,0.0563829337859,0.0563829337859,0.0560156182563,0.0561992760211,0.0563829337859,0.0565665915506,0.0556483027268,0.0543626983733,0.0558319604915,0.0563829337859,0.0558319604915,0.0582195114336,0.0580358536688,0.0573012226097,0.0584031691984,0.0584031691984,0.0591378002575,0.0593214580223,0.059505115787,0.0602397468461,0.0606070623757,0.0589541424927,0.0602397468461,0.0596887735518,0.0591378002575,0.0576685381393,0.0584031691984,0.0585868269632,0.0602397468461,0.0615253511996,0.0622599822587,0.0624436400234,0.0635455866121,0.062810955553,0.0629946133178,0.064463875436,0.064463875436,0.0646475332007,0.0648311909655,0.0659331375542,0.0664841108485,0.0675860574371,0.0679533729667,0.0683206884962,0.0710755549679,0.0690553195553,0.0697899506144,0.0703409239088,0.0696062928497,0.0707082394383,0.0718101860269,0.0714428704974,0.0723611593213,0.0718101860269,0.0730957903804,0.0754833413224,0.0751160257929,0.0749323680281,0.0767689456759,0.0782382077941,0.0769526034406,0.0767689456759,0.075850656852,0.0751160257929,0.0760343146168,0.0756669990872,0.0762179723815,0.0778708922645,0.0780545500293,0.0776872344997,0.0786055233236,0.0780545500293,0.0789728388532,0.0787891810884,0.0791564966179,0.0795238121475,0.079891127677,0.0804421009714,0.0789728388532,0.0793401543827,0.0786055233236,0.0791564966179,0.079891127677,0.0800747854418,0.0793401543827,0.079891127677,0.079891127677,0.0793401543827,0.0797074699123,0.0797074699123,0.0804421009714,0.0817277053248,0.0804421009714,0.0797074699123,0.0819113630896,0.0820950208543,0.0841152562669,0.0855845183851,0.0850335450907,0.0852172028555,0.0837479407373,0.0839315985021,0.0852172028555,0.084849887326,0.0861354916794,0.0874210960328,0.0877884115624,0.0876047537976,0.0881557270919,0.0894413314453,0.0894413314453,0.0898086469749,0.090543278034,0.0927471712113,0.0944000910943,0.0932981445056,0.0934818022704,0.0942164333295,0.0967876420363,0.0977059308602,0.0969712998011,0.0977059308602,0.0980732463897,0.0977059308602,0.0988078774488,0.0999098240375,0.0995425085079,0.100644455097,0.100644455097,0.101195428391,0.101011770626,0.100093481802,0.100828112861,0.100277139567,0.100460797332,0.100644455097,0.0999098240375,0.100644455097,0.100644455097,0.100460797332,0.0995425085079,0.101379086156,0.101379086156,0.10193005945,0.102481032744,0.102848348274,0.102481032744,0.10156274392,0.100644455097,0.10229737498,0.102481032744,0.101195428391,0.0997261662727,0.0995425085079,0.101746401685,0.104317610392,0.103582979333,0.103582979333,0.103582979333,0.104133952627,0.107072476864,0.106521503569,0.106888819099,0.108174423452,0.108541738982,0.109827343335,0.11037831663,0.111480263218,0.113316840866,0.113684156396,0.114786102984,0.11386781416,0.113133183101,0.114051471925,0.114418787455,0.114418787455,0.115888049573,0.114418787455,0.11386781416,0.114051471925,0.115704391808,0.114418787455,0.116071707338,0.116071707338,0.11809194275,0.119928520398,0.119744862633,0.119928520398,0.119928520398,0.119010231574,0.120663151457,0.121030466987,0.121214124751,0.122132413575,0.121581440281,0.123601675693,0.123601675693,0.124336306753,0.124336306753,0.123785333458,0.123234360164,0.122867044634,0.124519964517,0.125989226636,0.125621911106,0.127274830989,0.128744093107,0.130580670755,0.131315301814,0.131866275108,0.131682617344,0.132600906167,0.134437483815,0.13462114158,0.133886510521,0.135723088169,0.136457719228,0.136274061463,0.134804799345,0.135355772639,0.136274061463,0.137743323581,0.138110639111,0.138661612405,0.139579901229,0.141232821112,0.142518425465,0.1423347677,0.144722318643,0.145456949702,0.145273291937,0.144538660878,0.145273291937,0.147109869585,0.149497420527,0.152068629234,0.151701313704,0.151701313704,0.153905206881,0.156292757823,0.154823495705,0.156292757823,0.156476415588,0.157211046647,0.156843731118,0.157394704412,0.157578362177,0.159598597589,0.161067859708,0.163271752885,0.162353464061,0.16694490818,0.169883432417,0.17116903677,0.173005614418,0.174291218771,0.176311454184,0.17924997842,0.179433636185,0.180902898303,0.182555818186,0.184025080304,0.184576053599,0.184759711363,0.188616524424,0.189351155483,0.190085786542,0.191738706425,0.19155504866,0.193758941837,0.196697466074,0.197799412662,0.199452332545,0.202574514547,0.205145723253,0.204778407724,0.208267905255,0.209002536314,0.210655456197,0.211757402785,0.212859349374,0.214328611492,0.216532504669,