# R script for Peak Model
#  -- generated by MACS
p <- c(0.00787940195923,0.00822959760186,0.00840469542318,0.00881325700625,0.00910508670844,0.00968874611283,0.00992220987458,0.0102140395768,0.0106226011598,0.010914430862,0.0113813583856,0.0120233837304,0.0123152134326,0.0130156047178,0.0131907025392,0.013832727884,0.0141829235266,0.0145331191692,0.0145331191692,0.014766582931,0.0145331191692,0.0145914851097,0.0144163872884,0.0145914851097,0.0145914851097,0.0146498510501,0.0148249488714,0.0148249488714,0.0146498510501,0.0148249488714,0.0145914851097,0.0144163872884,0.0144163872884,0.0138910938244,0.0136576300627,0.0137159960031,0.0137159960031,0.0136576300627,0.013832727884,0.0138910938244,0.0140078257053,0.0140661916457,0.0141245575862,0.014241289467,0.0140661916457,0.0140661916457,0.0140078257053,0.013832727884,0.0138910938244,0.0136576300627,0.0137743619435,0.0134825322413,0.0134241663009,0.0132490684796,0.0133658003605,0.0130156047178,0.0129572387774,0.0128405068965,0.0127237750156,0.0128405068965,0.0130156047178,0.012898872837,0.0127821409561,0.0128405068965,0.0129572387774,0.012898872837,0.0130739706583,0.012898872837,0.012898872837,0.0127237750156,0.0127237750156,0.0124319453134,0.012373579373,0.0124903112539,0.012373579373,0.0121401156113,0.0122568474921,0.0120233837304,0.0120233837304,0.0118482859091,0.0119066518495,0.0120817496708,0.0120233837304,0.0121401156113,0.0117899199686,0.0116731880877,0.0115564562069,0.0118482859091,0.0117899199686,0.0119650177899,0.0119066518495,0.0118482859091,0.0119066518495,0.0119066518495,0.0119650177899,0.0113229924451,0.0112646265047,0.011439724326,0.0113229924451,0.0110895286834,0.0109727968025,0.0109727968025,0.0107976989812,0.0110895286834,0.0110895286834,0.0115564562069,0.0120233837304,0.0120817496708,0.0121984815517,0.0120817496708,0.0121401156113,0.0120817496708,0.0121984815517,0.0121401156113,0.0120817496708,0.0121984815517,0.0124903112539,0.0124903112539,0.0127237750156,0.0127237750156,0.0130156047178,0.0130156047178,0.0131907025392,0.0130739706583,0.0131907025392,0.0132490684796,0.0130739706583,0.0134241663009,0.0135408981818,0.0136576300627,0.0137159960031,0.014241289467,0.0141829235266,0.014241289467,0.014241289467,0.0145331191692,0.0144747532288,0.0144747532288,0.0145331191692,0.0140078257053,0.0140078257053,0.0140661916457,0.0139494597649,0.0139494597649,0.013832727884,0.013832727884,0.013832727884,0.0140661916457,0.0136576300627,0.013832727884,0.0140078257053,0.0137743619435,0.0133658003605,0.0130739706583,0.0126070431348,0.0124903112539,0.0124319453134,0.0122568474921,0.0122568474921,0.0123152134326,0.0123152134326,0.012373579373,0.0124903112539,0.0122568474921,0.0121984815517,0.0120233837304,0.0119066518495,0.0115564562069,0.0118482859091,0.0116731880877,0.0119066518495,0.0119650177899,0.0121984815517,0.0119650177899,0.0119066518495,0.0121984815517,0.0121984815517,0.0120233837304,0.0119066518495,0.0121984815517,0.0122568474921,0.0122568474921,0.0121984815517,0.0121401156113,0.0121401156113,0.0117315540282,0.0117315540282,0.0121984815517,0.012373579373,0.0130739706583,0.01330743442,0.0136576300627,0.0137743619435,0.0140661916457,0.0141245575862,0.0140078257053,0.0141829235266,0.0140661916457,0.0144747532288,0.0145331191692,0.0145914851097,0.014766582931,0.0148833148119,0.0151167785736,0.0149416807523,0.0152918763949,0.0151751445141,0.0149416807523,0.0150584126332,0.0154086082758,0.0153502423354,0.0156420720376,0.015700437978,0.0154086082758,0.0156420720376,0.0155253401567,0.0155253401567,0.0158171698589,0.0158755357993,0.0160506336206,0.0164591952037,0.0168093908464,0.0167510249059,0.0166926589655,0.0168093908464,0.0165175611442,0.0163424633228,0.0158755357993,0.016225731442,0.0165175611442,0.0164008292633,0.0164008292633,0.0163424633228,0.0165759270846,0.0159922676802,0.0159922676802,0.0162840973824,0.0163424633228,0.0163424633228,0.0165175611442,0.016634293025,0.0162840973824,0.0163424633228,0.0163424633228,0.0164008292633,0.0164008292633,0.0165175611442,0.016225731442,0.0164591952037,0.0167510249059,0.0162840973824,0.0165759270846,0.0170428546081,0.0169261227272,0.0169844886677,0.0169844886677,0.0171012205485,0.0172763183699,0.0174514161912,0.0174514161912,0.0176848799529,0.0176848799529,0.0179767096551,0.0183852712382,0.018093441536,0.0178599777742,0.0181518074764,0.018093441536,0.0178016118338,0.0179767096551,0.0183852712382,0.018618735,0.0182101734169,0.0178599777742,0.0180350755956,0.0178599777742,0.0179767096551,0.0183852712382,0.0186771009404,0.0187938328213,0.0188521987617,0.0190856625235,0.0193774922257,0.0198444197492,0.0196693219279,0.01996115163,0.020486445094,0.0207199088557,0.0206031769749,0.0203113472727,0.0206615429153,0.020486445094,0.020486445094,0.0203697132131,0.0206615429153,0.0208950066771,0.0206615429153,0.020486445094,0.0210701044984,0.0208366407366,0.0210701044984,0.0212452023197,0.021420300141,0.0213619342006,0.0218288617241,0.0217121298432,0.0218288617241,0.0218288617241,0.0221790573667,0.0225292530093,0.0226459848902,0.0230545464733,0.0231712783542,0.0232880102351,0.0231712783542,0.0234631080564,0.0237549377586,0.0239884015203,0.0239300355799,0.0239884015203,0.0242218652821,0.0243385971629,0.0243969631034,0.024747158746,0.025681013793,0.0266732347805,0.0262646731974,0.027140162304,0.027140162304,0.027665455768,0.0283658470532,0.0284825789341,0.029007872398,0.029533165862,0.0292997021002,0.0301168252664,0.0301168252664,0.0307004846708,0.0312841440752,0.0319845353604,0.0322179991222,0.0329183904074,0.0336771476331,0.0342024410971,0.0350195642632,0.0358950533698,0.0363619808933,0.0368872743573,0.0375292997021,0.038054593166,0.0386966185109,0.0395721076175,0.0402724989027,0.0405643286049,0.0413230858306,0.041906745235,0.0423736727585,0.0427822343416,0.0431324299842,0.0428989662225,0.0426071365203,0.0430156981033,0.0446499444356,0.0452919697805,0.046692752351,0.0471013139341,0.0472180458149,0.0479768030406,0.048560462445,0.0496694153134,0.0508367341221,0.0506616363008,0.0518289551096,0.052821176097,0.0530546398588,0.0539884949058,0.0550974477742,0.0552725455955,0.0555060093572,0.0569067919278,0.0576655491535,0.0584826723196,0.0590079657836,0.0599418208306,0.0604671142945,0.060934041818,0.061867896865,0.0626850200312,0.0635021431973,0.0644943641848,0.0656033170531,0.0654282192318,0.0661869764575,0.0678795887302,0.0693387372412,0.0703309582287,0.0710897154544,0.0716733748588,0.0723154002036,0.0721986683227,0.072373766144,0.0730741574293,0.0730741574293,0.073832914655,0.0746500378211,0.0751753312851,0.0753504291064,0.0764593819747,0.0774516029622,0.0777434326644,0.078618921771,0.0792025811753,0.0797278746393,0.0804282659246,0.0816539506738,0.0817706825547,0.0826461716612,0.0835216607678,0.0848640773979,0.0850391752192,0.0867901534324,0.088599497586,0.0897084504543,0.09046720768,0.0912843308462,0.091926356191,0.0926851134167,0.0945528235107,0.0957785082599,0.0967707292474,0.0979964139966,0.0999224900311,0.101673468244,0.103132616755,0.1037746421,0.106109279718,0.106868036943,0.108735747037,0.111654044059,0.113463388213,0.115973123652,0.117315540282,0.120233837304,0.121751351755,0.123619061849,0.125486771943,0.128113239263,0.129980949357,0.133132710141,0.135525713699,0.137159960031,0.13972806141,0.142879822194,0.144280604765,0.145623021395,0.149124977821,0.150992687915,0.153735887116,0.156128890674,0.15828843047,0.161206727492,0.165117245501,0.168619201927,0.17287991558,0.17562311478,0.178716509623,0.182101734169,0.185662056536,0.189397476724,0.19284106721,0.196518121457,0.199903346003,0.205156280642,0.209358628354,0.214027903589,0.218346983181,0.222666062774,0.227218606128,0.231887881363,0.235915131253,0.239767283322,0.244553290438,0.250448250423,0.25669340605,0.261712876927,0.268249862256,0.274670115705,0.279747952523,0.285351082805,0.291829702194,0.298833615046,0.303677988103,0.309456216206,0.314067125501,0.320020451426,0.326732534576,0.334787034357,0.342316240673,0.349670349168,0.354573088165,0.362802685767,0.368989475454,0.376577047711,0.382763837397,0.38982611619,