# R script for Peak Model
#  -- generated by MACS
p <- c(0.0250750899727,0.0270594496108,0.0285026202567,0.0303065835641,0.0315693578793,0.0330125285252,0.0339145101789,0.0357184734862,0.0377028331244,0.039326400101,0.0404087780855,0.0409499670777,0.0429343267158,0.0449186863539,0.0474442349843,0.0485266129687,0.0499697836146,0.051052161599,0.0508717652683,0.0514129542605,0.0505109726068,0.0512325579298,0.0512325579298,0.0521345395835,0.0532169175679,0.0546600882138,0.0553816735368,0.0557424661982,0.055201277206,0.0546600882138,0.0544796918831,0.0544796918831,0.0530365212372,0.0532169175679,0.0537581065601,0.0557424661982,0.0548404845445,0.0548404845445,0.0550208808753,0.0544796918831,0.0550208808753,0.055201277206,0.0548404845445,0.0546600882138,0.0541188992216,0.0541188992216,0.0546600882138,0.0548404845445,0.055201277206,0.0550208808753,0.0537581065601,0.0539385028909,0.0537581065601,0.0546600882138,0.055201277206,0.0548404845445,0.0562836551905,0.0561032588597,0.0557424661982,0.0546600882138,0.0537581065601,0.0526757285757,0.0533973138986,0.0541188992216,0.0548404845445,0.0548404845445,0.0539385028909,0.0553816735368,0.0557424661982,0.055922862529,0.0570052405134,0.0568248441827,0.0579072221671,0.0568248441827,0.0566444478519,0.0577268258364,0.0580876184978,0.0591699964823,0.0606131671282,0.0597111854745,0.060071978136,0.0598915818052,0.060071978136,0.0606131671282,0.0598915818052,0.0598915818052,0.0607935634589,0.0613347524511,0.0624171304356,0.0611543561204,0.0598915818052,0.0597111854745,0.0586288074901,0.0582680148286,0.0588092038208,0.0595307891437,0.0602523744667,0.0607935634589,0.0606131671282,0.0597111854745,0.0595307891437,0.059350392813,0.0604327707974,0.0595307891437,0.0604327707974,0.0609739597897,0.0602523744667,0.0595307891437,0.0598915818052,0.060071978136,0.0598915818052,0.0588092038208,0.0584484111593,0.0566444478519,0.0550208808753,0.0555620698675,0.0546600882138,0.0544796918831,0.055201277206,0.0557424661982,0.0561032588597,0.055201277206,0.0546600882138,0.0542992955523,0.0539385028909,0.0550208808753,0.055201277206,0.0557424661982,0.0562836551905,0.055922862529,0.0553816735368,0.0542992955523,0.0537581065601,0.0532169175679,0.0532169175679,0.0537581065601,0.0542992955523,0.0539385028909,0.0532169175679,0.0537581065601,0.0530365212372,0.0523149359142,0.0524953322449,0.0526757285757,0.0521345395835,0.0521345395835,0.0512325579298,0.0512325579298,0.0508717652683,0.051773746922,0.0524953322449,0.0530365212372,0.0548404845445,0.0550208808753,0.0548404845445,0.0544796918831,0.0544796918831,0.0553816735368,0.055201277206,0.0557424661982,0.0553816735368,0.0555620698675,0.055201277206,0.0555620698675,0.0550208808753,0.0546600882138,0.0544796918831,0.0550208808753,0.0555620698675,0.0562836551905,0.0570052405134,0.0575464295056,0.0568248441827,0.0580876184978,0.0575464295056,0.0568248441827,0.0568248441827,0.0573660331749,0.0573660331749,0.0586288074901,0.0589896001515,0.059350392813,0.0616955451126,0.0620563377741,0.0620563377741,0.0620563377741,0.0622367341048,0.0616955451126,0.0613347524511,0.0618759414434,0.0613347524511,0.0622367341048,0.0624171304356,0.062777923097,0.0631387157585,0.062777923097,0.0633191120893,0.0633191120893,0.0638603010815,0.0638603010815,0.0647622827352,0.0651230753966,0.0647622827352,0.0640406974122,0.0644014900737,0.06349950842,0.0633191120893,0.0622367341048,0.0618759414434,0.0618759414434,0.0631387157585,0.0618759414434,0.0625975267663,0.0625975267663,0.0638603010815,0.062777923097,0.0624171304356,0.06349950842,0.0629583194278,0.0631387157585,0.062777923097,0.0618759414434,0.0615151487819,0.0618759414434,0.0615151487819,0.0607935634589,0.0620563377741,0.0616955451126,0.0611543561204,0.0604327707974,0.0611543561204,0.0616955451126,0.0606131671282,0.0597111854745,0.0607935634589,0.0604327707974,0.0604327707974,0.0616955451126,0.06349950842,0.0649426790659,0.0649426790659,0.0653034717274,0.0651230753966,0.0656642643889,0.0674682276962,0.0672878313655,0.0672878313655,0.0687310020114,0.0694525873344,0.0707153616495,0.0689113983422,0.0689113983422,0.0687310020114,0.0683702093499,0.0687310020114,0.0698133799959,0.0703545689881,0.0714369469725,0.0719781359647,0.071797739634,0.0712565506418,0.0719781359647,0.0707153616495,0.0699937763266,0.0696329836651,0.0698133799959,0.0694525873344,0.0699937763266,0.0701741726573,0.0699937763266,0.0690917946729,0.0701741726573,0.0703545689881,0.0698133799959,0.0687310020114,0.0690917946729,0.0701741726573,0.0698133799959,0.0705349653188,0.0703545689881,0.0690917946729,0.0692721910036,0.0701741726573,0.0701741726573,0.0690917946729,0.067648624027,0.0689113983422,0.0699937763266,0.0716173433032,0.0716173433032,0.071797739634,0.0723389286262,0.0734213066106,0.0754056662487,0.075225269918,0.0766684405639,0.0764880442332,0.0770292332254,0.0782920075406,0.0804567635094,0.0813587451631,0.0818999341553,0.0826215194783,0.0826215194783,0.0844254827857,0.0847862754472,0.0847862754472,0.0847862754472,0.0844254827857,0.0849666717779,0.0858686534316,0.0856882571009,0.0855078607701,0.087672616739,0.0871314277468,0.0882138057312,0.0887549947234,0.0896569763771,0.0889353910541,0.0889353910541,0.0909197506923,0.0927237139997,0.0936256956534,0.0925433176689,0.0920021286767,0.0936256956534,0.0930845066611,0.0921825250074,0.0927237139997,0.0916413360152,0.0927237139997,0.0921825250074,0.0956100552915,0.0947080736378,0.0934452993226,0.0934452993226,0.0929041103304,0.0929041103304,0.0923629213382,0.0923629213382,0.0923629213382,0.0943472809763,0.0968728296066,0.0975944149296,0.0983160002526,0.0988571892448,0.099398378237,0.0997591708985,0.100300359891,0.099398378237,0.0999395672292,0.0999395672292,0.100480756221,0.101382737875,0.101382737875,0.101743530537,0.10246511586,0.103006304852,0.101923926867,0.102825908521,0.104269079167,0.103367097513,0.104629871828,0.106433835136,0.106975024128,0.106975024128,0.107335816789,0.108778987435,0.108057402112,0.108598591105,0.10986136542,0.109500572758,0.10986136542,0.111484932396,0.112567310381,0.112567310381,0.113469292035,0.114190877358,0.114190877358,0.114190877358,0.113830084696,0.113108499373,0.114010481027,0.115092859011,0.112928103042,0.114010481027,0.11473206635,0.115634048003,0.116536029657,0.118339992965,0.119963559941,0.120324352603,0.11960276728,0.11960276728,0.119963559941,0.120865541595,0.120324352603,0.121226334256,0.122308712241,0.123030297564,0.122849901233,0.122669504902,0.123751882887,0.126457827848,0.126457827848,0.128802980147,0.12934416914,0.131508925108,0.133493284747,0.133493284747,0.133854077408,0.136018833377,0.135297248054,0.135297248054,0.133132492085,0.1343952664,0.135477644385,0.138544382007,0.138544382007,0.137822796684,0.139807156322,0.141250326968,0.142693497614,0.143956271929,0.143956271929,0.142513101284,0.142152308622,0.142693497614,0.143956271929,0.144677857252,0.146662216891,0.14648182056,0.146301424229,0.148105387536,0.148826972859,0.147383802213,0.149728954513,0.151172125159,0.152795692136,0.150630936167,0.152254503143,0.15387807012,0.155321240766,0.155140844435,0.156944807743,0.157846789396,0.157485996735,0.157846789396,0.159289960042,0.160011545365,0.16361947198,0.163439075649,0.166686209602,0.166325416941,0.168129380248,0.169572550894,0.169752947225,0.169211758233,0.170113739887,0.168670569241,0.171196117871,0.172278495855,0.174984440816,0.177690385778,0.177509989447,0.17823157477,0.178411971101,0.181659105054,0.18562782433,0.185267031669,0.185447427999,0.187792580299,0.188694561953,0.191941695906,0.191761299575,0.194286848206,0.195008433528,0.19536922619,0.196632000505,0.198255567482,0.198977152805,0.20023992712,0.203847853735,0.203667457404,0.204389042727,0.204569439058,0.203847853735,0.205832213373,0.20511062805,0.204569439058,0.205291024381,0.207275384019,0.208718554665,0.210342121641,0.210161725311,0.214310840917,0.214310840917,0.215212822571,0.215573615233,0.217016785879,0.219181541847,0.220444316163,0.221346297816,0.220624712493,0.222789468462,0.223691450116,0.225134620762,0.225134620762,0.223691450116,