# R script for Peak Model
#  -- generated by MACS
p <- c(0.0354696182953,0.0371717207212,0.0394777949757,0.0415642431107,0.0437055977756,0.0453527936717,0.0470548960976,0.048592278934,0.0504041944196,0.0518866707261,0.0540829319208,0.0561693800559,0.0585303608402,0.0611658742739,0.0633072289388,0.065338770544,0.0670408729699,0.0688527884556,0.0688527884556,0.0685233492764,0.0692920406945,0.0693469472244,0.0687429753958,0.0692920406945,0.0689076949854,0.068688068866,0.0685233492764,0.0688527884556,0.069072414575,0.0687978819257,0.069511666814,0.0700058255828,0.0701705451724,0.069950919053,0.0701705451724,0.0698411059932,0.0697861994633,0.0692920406945,0.0689076949854,0.0685233492764,0.0679742839777,0.0683037231569,0.068248816627,0.068688068866,0.0688527884556,0.0694018537543,0.0688527884556,0.0690175080452,0.0686331623361,0.0679742839777,0.0678644709179,0.0683586296868,0.068688068866,0.0694018537543,0.0690175080452,0.0692371341647,0.0686331623361,0.0687978819257,0.0690175080452,0.068248816627,0.0685233492764,0.0689626015153,0.0693469472244,0.0691273211049,0.0691273211049,0.0693469472244,0.0692371341647,0.0691273211049,0.0697312929335,0.0702254517023,0.0706647039412,0.0708294235309,0.0708294235309,0.0720922737178,0.072421712897,0.0731354977853,0.0733551239048,0.0734100304347,0.074123815323,0.0740140022632,0.0746728806217,0.074123815323,0.0745081610321,0.0737394696139,0.0737943761438,0.0742885349126,0.0743983479723,0.0735198434944,0.0730256847256,0.0729158716659,0.0729158716659,0.073300217375,0.073684563084,0.074123815323,0.0745081610321,0.0747277871515,0.0742885349126,0.0738492826736,0.0737394696139,0.0739041892035,0.0738492826736,0.073300217375,0.0730256847256,0.0727511520763,0.0718726475984,0.0719824606581,0.0717628345386,0.0717079280088,0.0714333953594,0.0706097974114,0.0698411059932,0.0692920406945,0.0692371341647,0.069072414575,0.0687429753958,0.0686331623361,0.0681390035673,0.0684135362166,0.0681939100971,0.0685233492764,0.0689076949854,0.0686331623361,0.0685233492764,0.0687429753958,0.0695665733439,0.0691822276348,0.0696763864036,0.069072414575,0.0692920406945,0.0688527884556,0.0686331623361,0.0687978819257,0.0687429753958,0.0686331623361,0.0690175080452,0.0687978819257,0.0684135362166,0.0679742839777,0.0679742839777,0.0675350317387,0.0678095643881,0.0676997513283,0.0681390035673,0.068248816627,0.0681390035673,0.068248816627,0.068248816627,0.0685782558062,0.0683586296868,0.0688527884556,0.0681390035673,0.0683586296868,0.0685782558062,0.0696763864036,0.0694567602841,0.0698960125231,0.0696763864036,0.0692920406945,0.0693469472244,0.0689626015153,0.0684684427465,0.0685782558062,0.0685782558062,0.069072414575,0.0694018537543,0.069072414575,0.0691822276348,0.0692920406945,0.0690175080452,0.0696214798737,0.0691822276348,0.0691822276348,0.0698411059932,0.0706097974114,0.0707196104711,0.0709392365906,0.0710490496503,0.0709392365906,0.0707196104711,0.0706647039412,0.070774517001,0.0710490496503,0.0710490496503,0.0707196104711,0.0714883018893,0.0711588627101,0.0719824606581,0.0719824606581,0.0712137692399,0.0706097974114,0.0712137692399,0.0707196104711,0.0702803582322,0.0702803582322,0.0702254517023,0.0711039561802,0.0713784888295,0.071598114949,0.0715432084191,0.0713784888295,0.0707196104711,0.0712137692399,0.0712686757698,0.0711588627101,0.072037367188,0.0722020867776,0.0722020867776,0.0723118998373,0.0719275541282,0.0721471802477,0.0718177410685,0.0721471802477,0.0723668063672,0.0727511520763,0.0719275541282,0.0717628345386,0.071598114949,0.0711588627101,0.072037367188,0.0723668063672,0.0721471802477,0.0720922737178,0.0718177410685,0.0712137692399,0.071598114949,0.0713235822997,0.0709941431205,0.0712137692399,0.0713235822997,0.0714333953594,0.0714883018893,0.0715432084191,0.0715432084191,0.0710490496503,0.0711588627101,0.0706647039412,0.070774517001,0.070335264762,0.0701705451724,0.0701156386426,0.0698411059932,0.0691273211049,0.069072414575,0.0692920406945,0.0692371341647,0.0687429753958,0.068688068866,0.0696214798737,0.0698960125231,0.0698960125231,0.0712686757698,0.0719275541282,0.0724766194269,0.0729707781957,0.0725315259568,0.0722020867776,0.0728060586061,0.0727511520763,0.0726413390165,0.0734649369646,0.0733551239048,0.0729158716659,0.0726962455464,0.0728060586061,0.0729707781957,0.0723668063672,0.0727511520763,0.0727511520763,0.0728060586061,0.0736296565542,0.0738492826736,0.0742336283827,0.0738492826736,0.0746728806217,0.0751670393905,0.0754415720398,0.0756062916294,0.0759906373385,0.0767593287567,0.077033861406,0.0775280201749,0.0774182071151,0.0778025528242,0.0770887679359,0.0769240483463,0.0765946091671,0.0761553569281,0.0756062916294,0.0759906373385,0.0764847961073,0.0770887679359,0.0781319920034,0.0778025528242,0.0781868985333,0.0784614311826,0.0778574593541,0.0788457768917,0.0792850291307,0.080383159728,0.0806576923774,0.0814812903254,0.0832932058111,0.0834030188708,0.0836226449903,0.0842815233487,0.0841168037591,0.0848305886474,0.0853796539461,0.0867523171928,0.0868072237227,0.0871915694318,0.0877955412603,0.0877955412603,0.0885093261486,0.0892780175668,0.0895525502161,0.0897721763356,0.0909252134629,0.0914742787616,0.0911997461122,0.0917488114109,0.0916389983512,0.0916389983512,0.0921880636498,0.0915291852914,0.0920233440602,0.0919135310005,0.0914742787616,0.0921880636498,0.0920233440602,0.0922978767096,0.0931214746576,0.0923527832395,0.0930665681277,0.0921880636498,0.0925724093589,0.09213315712,0.0918586244706,0.0919135310005,0.0919684375304,0.0917488114109,0.0918037179408,0.0915291852914,0.091693904881,0.0913644657018,0.0915840918213,0.0914193722317,0.0911448395823,0.0911448395823,0.0902663351044,0.0891132979772,0.0890034849175,0.0892231110369,0.0886191392084,0.0882347934993,0.0891682045071,0.0881249804395,0.0882897000292,0.0886191392084,0.0881249804395,0.0882347934993,0.0878504477902,0.0881249804395,0.0882897000292,0.0871915694318,0.0879053543201,0.087521008611,0.0877955412603,0.0885642326785,0.0882347934993,0.0890034849175,0.0883995130889,0.0888387653278,0.0881798869694,0.0879053543201,0.0873562890214,0.0872464759616,0.0868621302526,0.0868072237227,0.086697410663,0.0862032518941,0.0855443735357,0.0856541865954,0.0857639996552,0.0854894670058,0.0861483453643,0.0860385323045,0.085434560476,0.0851051212968,0.0851600278266,0.0861483453643,0.085434560476,0.0854894670058,0.0868072237227,0.0863679714837,0.0873013824915,0.0874661020811,0.0877406347305,0.0881798869694,0.0881798869694,0.0885093261486,0.0886740457382,0.0892231110369,0.0890034849175,0.0890034849175,0.0891682045071,0.0886740457382,0.0886191392084,0.0871366629019,0.0874111955513,0.0871915694318,0.0878504477902,0.0873562890214,0.0884544196188,0.0890034849175,0.0889485783876,0.0895525502161,0.090046708985,0.090431054694,0.0911448395823,0.0914742787616,0.0919684375304,0.0926822224187,0.0932312877174,0.0939450726056,0.0943843248446,0.0938901660758,0.0944941379043,0.0952079227926,0.0946588574939,0.0941646987251,0.0936705399563,0.0939450726056,0.093396007307,0.09213315712,0.0915840918213,0.0918037179408,0.0912546526421,0.0911448395823,0.0906506808135,0.0908154004031,0.0907055873434,0.0909801199927,0.0914193722317,0.0920782505901,0.0918586244706,0.091693904881,0.0911448395823,0.0916389983512,0.0907604938733,0.0902663351044,0.0904859612239,0.0898270828655,0.0893878306265,0.0888936718577,0.0874111955513,0.0874111955513,0.0869719433123,0.0864228780136,0.0858738127149,0.0853796539461,0.0854894670058,0.0852149343565,0.084995308237,0.0848305886474,0.0845560559981,0.0856541865954,0.0859836257747,0.0863130649539,0.0860385323045,0.0874661020811,0.0882897000292,0.0876857282006,0.0879602608499,0.0882347934993,0.0886191392084,0.0880700739097,0.0876857282006,0.0880151673798,0.088344606559,0.0888387653278,0.0892780175668,0.0898270828655,0.0901016155148,0.0899918024551,0.0897172698057,0.0899918024551,0.0898270828655,0.0901565220447,0.0909252134629,0.0908154004031,0.091693904881,0.0919684375304,0.0916389983512,0.0924625962992,0.0931763811875,0.0932312877174,0.0927920354784,0.092956755068,