# R script for Peak Model
#  -- generated by MACS
p <- c(0.0106825382795,0.0113332512712,0.0117128338497,0.012255094676,0.0126346772545,0.0130684859156,0.0135565206593,0.0143156858162,0.0147494944773,0.0153459813864,0.0157255639648,0.0163762769565,0.0169185377828,0.0171354421134,0.0177319290224,0.0182199637661,0.0187079985099,0.0192502593362,0.0196840679973,0.0201178766584,0.0202263288237,0.020334780989,0.0202263288237,0.01973829408,0.0199551984105,0.0202263288237,0.0199551984105,0.0199551984105,0.0199551984105,0.0201178766584,0.0200094244932,0.0201178766584,0.0200636505758,0.0205516853195,0.0207685896501,0.0204974592369,0.0203890070716,0.0206059114022,0.0203890070716,0.0204974592369,0.0203890070716,0.0204432331543,0.020334780989,0.0201721027411,0.0204432331543,0.0205516853195,0.0204974592369,0.0204974592369,0.0207143635674,0.0204432331543,0.0204432331543,0.0205516853195,0.0204974592369,0.0207685896501,0.0206601374848,0.0208770418154,0.0208770418154,0.0207685896501,0.020931267898,0.0213108504765,0.0210939461459,0.0210939461459,0.0213108504765,0.0215819808896,0.0215819808896,0.0213108504765,0.0214735287244,0.0212566243938,0.0209854939806,0.0209854939806,0.0208228157327,0.0206059114022,0.0205516853195,0.0201721027411,0.0204974592369,0.0200636505758,0.0202263288237,0.0200094244932,0.0200636505758,0.0199551984105,0.0200636505758,0.0199551984105,0.0202805549063,0.0207143635674,0.0206601374848,0.0211481722285,0.0212023983112,0.0209854939806,0.0209854939806,0.0212566243938,0.0215819808896,0.0211481722285,0.0214735287244,0.021527754807,0.0216362069723,0.0215819808896,0.0218531113028,0.0216362069723,0.021527754807,0.0212023983112,0.0213650765591,0.0214735287244,0.0216362069723,0.0219073373855,0.0222326938813,0.022720728625,0.0226122764598,0.0230460851209,0.0232629894514,0.0231003112035,0.0230460851209,0.0232087633688,0.0233714416167,0.0232087633688,0.0228291807903,0.0231545372861,0.0231003112035,0.0230460851209,0.0234256676993,0.0232629894514,0.0232087633688,0.0234256676993,0.023317215534,0.0230460851209,0.0229918590382,0.0225038242945,0.0223411460466,0.0222869199639,0.0221784677987,0.0222326938813,0.0225038242945,0.0226665025424,0.0225580503771,0.0224495982118,0.0225038242945,0.0222869199639,0.0225580503771,0.0231545372861,0.0233714416167,0.023317215534,0.0236425720299,0.0235341198646,0.0233714416167,0.0236425720299,0.0235341198646,0.0232629894514,0.0234256676993,0.0233714416167,0.0232087633688,0.0228834068729,0.0232629894514,0.023317215534,0.023317215534,0.0231545372861,0.0231545372861,0.0229918590382,0.0227749547077,0.022720728625,0.0226122764598,0.0228291807903,0.0228834068729,0.0228291807903,0.0232087633688,0.0230460851209,0.0230460851209,0.0229918590382,0.0232087633688,0.0235341198646,0.0234798937819,0.0235341198646,0.0230460851209,0.023317215534,0.0232087633688,0.0233714416167,0.0234256676993,0.0239679285257,0.0234798937819,0.0231003112035,0.0231545372861,0.0232087633688,0.0228834068729,0.0234256676993,0.0235883459472,0.0232087633688,0.0232629894514,0.0232629894514,0.0232087633688,0.0231545372861,0.0234798937819,0.0241306067736,0.0239679285257,0.0238594763604,0.024076380691,0.0243475111041,0.0245644154347,0.0251066762611,0.025269354509,0.0257573892527,0.0261369718312,0.0261911979138,0.0261911979138,0.0260827457485,0.0256489370874,0.0257573892527,0.0255947110048,0.025865841418,0.0260285196659,0.0260285196659,0.0262996500791,0.0259200675006,0.0264081022444,0.0260827457485,0.0262996500791,0.0266250065749,0.0266250065749,0.0264081022444,0.0264081022444,0.0267334587402,0.0267876848228,0.0268961369881,0.0273841717318,0.0272757195666,0.0273841717318,0.0273299456492,0.0271672674013,0.0278179803929,0.0279264325582,0.028251789054,0.0283060151367,0.0280348847235,0.0280348847235,0.0284144673019,0.0284686933846,0.0283602412193,0.0289567281283,0.0290651802936,0.0291194063762,0.029010954211,0.029010954211,0.0293905367894,0.0294989889547,0.0294989889547,0.0298785715332,0.030203928029,0.0310173192685,0.0311799975164,0.0310173192685,0.0311257714338,0.0315053540123,0.0321018409213,0.0315595800949,0.0322645191692,0.0323187452518,0.0328067799956,0.032589875665,0.0327525539129,0.0326441017477,0.0327525539129,0.0328610060782,0.0329152321608,0.0331321364914,0.0335117190698,0.0337286234004,0.0341624320615,0.0348131450531,0.0342708842268,0.0349758233011,0.0350300493837,0.035734988458,0.0365483796975,0.0374159970197,0.0377413535156,0.0379582578461,0.0382836143419,0.0384462925898,0.0384462925898,0.0389343273336,0.0395850403252,0.0395850403252,0.0398561707384,0.0399103968211,0.0401273011516,0.0403984315648,0.040669561978,0.0404526576474,0.0407237880606,0.0413202749696,0.0415914053828,0.0416998575481,0.0416998575481,0.0422421183745,0.0420794401265,0.0428928313661,0.0432724139446,0.0439231269362,0.0443027095147,0.0451703268369,0.0457125876632,0.0462548484896,0.0471224658118,0.0478274048861,0.0475020483903,0.0475562744729,0.0477731788035,0.0472309179771,0.0483696657125,0.0489119265388,0.0496168656131,0.0495084134479,0.049779543861,0.0498337699437,0.0503218046874,0.0507556133485,0.0518943610839,0.0521112654144,0.0528704305714,0.052924656654,0.0528704305714,0.0537380478936,0.054117630472,0.0551479260421,0.0561239955296,0.0566120302733,0.0576423258434,0.0585099431656,0.059052203992,0.0597029169837,0.0598655952316,0.060841664719,0.0615466037933,0.0623599950329,0.0629564819419,0.063390290603,0.0635529688509,0.0645290383384,0.0648001687516,0.065776238239,0.0663184990654,0.0664269512307,0.0668607598918,0.0675656989661,0.0685417684535,0.0697347422716,0.0702227770153,0.0720122377423,0.0725544985687,0.0723375942382,0.0729340811472,0.0742897332131,0.0748319940395,0.0759165156922,0.0769468112623,0.0778144285845,0.0786278198241,0.0798207936421,0.0805257327164,0.0816644804518,0.0824778716913,0.0833997150962,0.0839962020052,0.0847553671621,0.0855687584017,0.0866532800544,0.0869244104676,0.0887138711946,0.08985261893,0.0905575580043,0.0927808273924,0.0930519578056,0.0944076098715,0.0957632619375,0.0973900444166,0.0990168268957,0.100047122466,0.101077418036,0.103246461341,0.104981695986,0.106066217639,0.107476095787,0.109319782597,0.110078947754,0.111868408481,0.112790251886,0.114362808282,0.116098042926,0.117562147158,0.120002320876,0.120869938199,0.122062912017,0.123852372744,0.124936894396,0.126509450793,0.128244685437,0.129437659255,0.130630633073,0.132745450296,0.134914493602,0.137300441238,0.138927223717,0.141150493105,0.144024475485,0.145922388377,0.148850596839,0.151561900971,0.152592196541,0.154381657268,0.15687605707,0.158611291714,0.16181063059,0.163328960904,0.164359256474,0.166528299779,0.167612821432,0.170052995151,0.172384716704,0.174011499183,0.175909412075,0.178295359711,0.180789759513,0.182850350653,0.185832785198,0.188489863247,0.191580749958,0.194454732337,0.196786453891,0.1986301407,0.201232992667,0.205462627113,0.20849928774,0.210614104963,0.213759217756,0.216036713227,0.218259982615,0.220862834582,0.223519912631,0.226068538515,0.227044608002,0.22905097306,0.232250311936,0.234419355241,0.23582923339,0.238486311439,0.23995041567,0.242282137223,0.244993441355,0.248247006314,0.251446345189,0.253669614577,0.255350623139,0.258929544593,0.263213405121,0.266358517914,0.271076187104,0.274221299897,0.277908673516,0.280999560226,0.28354818611,0.286259490242,0.289350376953,0.292007455002,0.294068046142,0.29629131553,0.299111071827,0.302473088951,0.307082305975,0.309468253611,0.313101401148,0.315053540123,0.317547939924,0.321397991791,0.323458582931,0.327796669542,0.330670651922,0.334466477707,0.336472842764,0.340214442466,0.344064494334,0.347101154961,0.349866685176,0.352469537142,0.355668876018,0.358976667059,0.364019692744,0.366568318628,0.370472596578,0.373129674627,0.374864909272,0.377847343817,0.381372039188,0.384788282394,0.386740421369,0.389180595088,0.390753151484,0.393518681699,0.39498278593,0.397477185731,0.400893428938,0.404580802557,0.406370263284,0.409678054325,0.412823167118,0.414341497432,0.415426019084,0.415968279911,0.415642923415,0.418679584043,0.419221844869,