# R script for Peak Model
#  -- generated by MACS
p <- c(0.0329134070204,0.035253915964,0.0378869885257,0.0396423702334,0.0413977519412,0.0434456972669,0.0456399244016,0.0484192787722,0.0507597877158,0.0522226058056,0.0539779875134,0.056464778266,0.0588052872097,0.0586590054007,0.0596829780636,0.0576350327379,0.057049905502,0.0571961873109,0.0586590054007,0.0585127235917,0.0580738781648,0.0579275963558,0.0586590054007,0.0588052872097,0.0595366962546,0.0593904144456,0.0604143871085,0.0599755416815,0.0590978508277,0.0592441326366,0.0593904144456,0.0602681052995,0.0599755416815,0.0598292598726,0.0596829780636,0.0599755416815,0.0608532325354,0.0609995143444,0.0605606689175,0.0608532325354,0.0605606689175,0.0624623324342,0.0620234870072,0.0623160506252,0.0629011778611,0.063632586906,0.0650954049958,0.0643639959509,0.0643639959509,0.0655342504228,0.064071432333,0.063486305097,0.0631937414791,0.0630474596701,0.0630474596701,0.063632586906,0.0643639959509,0.0642177141419,0.0650954049958,0.0643639959509,0.0648028413779,0.0650954049958,0.0649491231868,0.0649491231868,0.0642177141419,0.063778868715,0.063632586906,0.0626086142432,0.0633400232881,0.0645102777599,0.0652416868048,0.0650954049958,0.0642177141419,0.0643639959509,0.063778868715,0.0629011778611,0.063925150524,0.0650954049958,0.0652416868048,0.0653879686138,0.0664119412766,0.0658268140407,0.0656805322317,0.0649491231868,0.0648028413779,0.0661193776587,0.0664119412766,0.0668507867036,0.0675821957485,0.0675821957485,0.0678747593664,0.0677284775574,0.0678747593664,0.0671433503215,0.0661193776587,0.064071432333,0.0612920779624,0.0615846415803,0.0615846415803,0.0623160506252,0.0623160506252,0.0629011778611,0.063778868715,0.0629011778611,0.0618772051983,0.0623160506252,0.0614383597713,0.0608532325354,0.0605606689175,0.0605606689175,0.0608532325354,0.0595366962546,0.0583664417828,0.0582201599738,0.056757341884,0.0563184964571,0.0571961873109,0.056757341884,0.0573424691199,0.057049905502,0.056903623693,0.0571961873109,0.0590978508277,0.0588052872097,0.0586590054007,0.0605606689175,0.0602681052995,0.0611457961534,0.0598292598726,0.0607069507264,0.0626086142432,0.0621697688162,0.0633400232881,0.0645102777599,0.0650954049958,0.0655342504228,0.0658268140407,0.0665582230856,0.0664119412766,0.0664119412766,0.0677284775574,0.0683136047934,0.0681673229844,0.0691912956472,0.0690450138383,0.0694838592652,0.0703615501191,0.0712392409729,0.0713855227819,0.071092959164,0.0718243682089,0.0694838592652,0.0702152683101,0.0677284775574,0.0672896321305,0.0680210411754,0.0681673229844,0.0668507867036,0.0667045048946,0.0672896321305,0.0677284775574,0.0681673229844,0.0671433503215,0.0668507867036,0.0669970685125,0.0677284775574,0.0667045048946,0.0662656594677,0.0655342504228,0.0665582230856,0.0669970685125,0.0668507867036,0.0678747593664,0.0672896321305,0.0662656594677,0.0664119412766,0.0667045048946,0.0671433503215,0.0674359139395,0.0687524502203,0.0702152683101,0.0693375774562,0.0687524502203,0.0705078319281,0.0699227046921,0.0696301410742,0.0690450138383,0.0684598866023,0.0687524502203,0.0696301410742,0.0705078319281,0.0705078319281,0.070800395546,0.070946677355,0.0724094954448,0.071092959164,0.070946677355,0.0725557772538,0.0712392409729,0.0713855227819,0.070946677355,0.070946677355,0.0702152683101,0.0705078319281,0.0702152683101,0.0697764228832,0.0693375774562,0.0693375774562,0.0683136047934,0.0677284775574,0.0684598866023,0.0683136047934,0.0680210411754,0.0684598866023,0.070800395546,0.0703615501191,0.0703615501191,0.0700689865011,0.0703615501191,0.0713855227819,0.0699227046921,0.0702152683101,0.0691912956472,0.0688987320293,0.0691912956472,0.0694838592652,0.0694838592652,0.071092959164,0.071092959164,0.0702152683101,0.070800395546,0.070946677355,0.0712392409729,0.070946677355,0.0716780863999,0.0719706500178,0.0725557772538,0.0728483408717,0.0737260317256,0.0737260317256,0.0716780863999,0.0718243682089,0.0713855227819,0.070946677355,0.0727020590627,0.0716780863999,0.0729946226807,0.0729946226807,0.0734334681076,0.0727020590627,0.0724094954448,0.0731409044897,0.0731409044897,0.0719706500178,0.0734334681076,0.0740185953436,0.0731409044897,0.0734334681076,0.0724094954448,0.0732871862987,0.0735797499166,0.0744574407705,0.0737260317256,0.0738723135346,0.0738723135346,0.0738723135346,0.0754814134334,0.0747500043885,0.0757739770513,0.0754814134334,0.0729946226807,0.0734334681076,0.0734334681076,0.0740185953436,0.0743111589615,0.0748962861974,0.0765053860962,0.0759202588603,0.0773830769501,0.0773830769501,0.0759202588603,0.0756276952423,0.0770905133321,0.0767979497142,0.077675640568,0.077675640568,0.0791384586578,0.0801624313207,0.0795773040848,0.0801624313207,0.0806012767476,0.0814789676015,0.0795773040848,0.0801624313207,0.0820640948374,0.0827955038823,0.0832343493093,0.0832343493093,0.0844046037811,0.084989731017,0.0868913945337,0.0863062672978,0.085136012826,0.0854285764439,0.0854285764439,0.0858674218709,0.0860137036799,0.0876228035786,0.0877690853876,0.0882079308146,0.0883542126235,0.0880616490056,0.0867451127248,0.0860137036799,0.0874765217697,0.0877690853876,0.0882079308146,0.0883542126235,0.0898170307133,0.0901095943313,0.0885004944325,0.0886467762415,0.0906947215672,0.0912798488031,0.0915724124211,0.0906947215672,0.0902558761403,0.0906947215672,0.0927426668929,0.0930352305109,0.092450103275,0.0930352305109,0.0940592031737,0.0939129213648,0.0925963850839,0.0927426668929,0.092303821466,0.0937666395558,0.0947906122186,0.0942054849827,0.0936203577468,0.0934740759378,0.092303821466,0.092303821466,0.092011257848,0.092303821466,0.092450103275,0.0934740759378,0.0925963850839,0.0939129213648,0.0934740759378,0.0942054849827,0.0934740759378,0.0942054849827,0.0946443304096,0.0953757394545,0.0958145848815,0.0956683030725,0.0963997121174,0.0958145848815,0.0974236847803,0.0974236847803,0.099032784679,0.0997641937239,0.09888650287,0.0996179119149,0.101227011814,0.101958420859,0.102836111712,0.10312867533,0.105176620656,0.104884057038,0.104298929802,0.103274957139,0.104298929802,0.102836111712,0.102397266286,0.102543548095,0.103274957139,0.102397266286,0.100934448196,0.101958420859,0.10181213905,0.101958420859,0.0997641937239,0.100056757342,0.0996179119149,0.101373293623,0.102104702668,0.100203039151,0.0999104755329,0.100495602769,0.101519575432,0.101519575432,0.101373293623,0.102543548095,0.101227011814,0.101665857241,0.103274957139,0.10312867533,0.101080730005,0.103274957139,0.103713802566,0.103860084375,0.10459149342,0.104152647993,0.104884057038,0.103421238948,0.105030338847,0.105176620656,0.106346875128,0.107224565982,0.107955975027,0.1075171296,0.108394820454,0.110003920352,0.112929556532,0.113953529195,0.112344429296,0.11175930206,0.113953529195,0.112198147487,0.112636992914,0.113807247386,0.113660965577,0.115562629094,0.117318010801,0.116294038139,0.117903138037,0.119219674318,0.119219674318,0.119951083363,0.119804801554,0.120975056026,0.121560183262,0.122876719543,0.124193255823,0.123754410397,0.12463210125,0.125802355722,0.12331556497,0.124046974014,0.123023001352,0.121706465071,0.122730437734,0.12463210125,0.124046974014,0.125070946677,0.125948637531,0.12609491934,0.127411455621,0.127265173812,0.128727991902,0.129166837329,0.12902055552,0.129459400947,0.129751964565,0.132092473508,0.132970164362,0.134140418834,0.133994137025,0.13472554607,0.134871827879,0.135895800542,0.136480927778,0.137943745868,0.144233863654,0.144087581845,0.1433561728,0.145696681743,0.145404118125,0.145696681743,0.145696681743,0.146866936215,0.147159499833,0.147890908878,0.148329754305,0.149500008777,0.149792572395,0.150670263249,0.15198679953,0.15198679953,0.15330333581,0.154181026664,0.155643844754,0.1547661539,0.1547661539,0.153449617619,0.154034744855,0.155497562945,0.156814099226,0.155936408372,0.151255390485,0.152133081339,0.154034744855,0.154473590282,0.156375253799,0.155058717518,0.156667817417,0.158423199125,0.158423199125,0.158569480934,0.157399226462,0.158715762743,0.159593453596,0.15915460817,0.159593453596,0.161056271686,0.16193396254,