# R script for Peak Model
#  -- generated by MACS
p <- c(0.0271114915426,0.0278950606624,0.0285846014877,0.0293368278427,0.0305278529046,0.0314054503187,0.0323770760272,0.0333800445005,0.034633755092,0.0356994090949,0.0365456637442,0.0376426605118,0.0388336855738,0.0400560534005,0.0413724495217,0.0423127324654,0.0432216726443,0.044444040471,0.0453529806499,0.0463246063584,0.0472335465373,0.0482678577753,0.0493335117781,0.0507125934289,0.0517155619021,0.0515588480782,0.051433477019,0.0514021342542,0.0513707914894,0.0512140776655,0.0512454204303,0.0514648197838,0.0514961625486,0.051433477019,0.0513081059599,0.0513081059599,0.0511200493711,0.0515275053134,0.0517469046669,0.051433477019,0.0511827349007,0.0509319927824,0.0508693072528,0.0508066217232,0.0505872223697,0.0503051374866,0.0506185651345,0.0508693072528,0.0510260210768,0.0514648197838,0.0513707914894,0.051433477019,0.0518722757261,0.0525304737866,0.0520603323148,0.052185703374,0.0522170461387,0.052185703374,0.0522170461387,0.0521230178444,0.0524051027275,0.0523424171979,0.0522797316683,0.0520603323148,0.0518409329613,0.0520603323148,0.0523737599627,0.0524364454923,0.0521543606092,0.0523110744331,0.0527812159049,0.0530319580233,0.0530633007881,0.0531573290824,0.0536901560838,0.053658813319,0.053658813319,0.0542229830853,0.05425432585,0.0543796969092,0.0543170113796,0.0541916403205,0.0545050679684,0.0546931245571,0.0549752094402,0.0551005804993,0.055445350912,0.0549752094402,0.0552572943233,0.055602064736,0.0557587785599,0.0559154923839,0.0558841496191,0.0556647502656,0.0555707219712,0.0552572943233,0.0555080364416,0.0551632660289,0.0548184956162,0.0545364107331,0.0545364107331,0.0544737252036,0.0543796969092,0.0538782126726,0.05425432585,0.0546304390275,0.0546304390275,0.0546304390275,0.0542229830853,0.0541602975557,0.0539095554374,0.0539408982021,0.0539408982021,0.0537528416134,0.053658813319,0.053658813319,0.0537214988486,0.0536901560838,0.054411039674,0.0546304390275,0.0545364107331,0.0544737252036,0.0546617817923,0.0544423824388,0.0539722409669,0.0540976120261,0.0540976120261,0.0541602975557,0.054411039674,0.0540662692613,0.0541289547909,0.0543796969092,0.0542856686148,0.0541916403205,0.0540662692613,0.0538782126726,0.0540662692613,0.05425432585,0.0543483541444,0.0548811811458,0.0549438666754,0.0551946087937,0.0557274357951,0.0558528068543,0.0563542910909,0.0569184608571,0.0572632312698,0.0576080016825,0.0580781431543,0.0586423129205,0.0583602280374,0.0587990267445,0.0590811116276,0.0594258820403,0.0597706524529,0.0594885675698,0.0598646807473,0.060052737336,0.060648249867,0.0608363064558,0.0616512183403,0.0622467308713,0.0623721019304,0.0629989572262,0.0632496993445,0.0630616427558,0.063187013815,0.0633123848741,0.0633123848741,0.0629989572262,0.063030299991,0.0634690986981,0.0633123848741,0.0633123848741,0.0633123848741,0.0632183565797,0.0632183565797,0.063187013815,0.0632183565797,0.0639078974051,0.064064611229,0.0641272967586,0.0641272967586,0.0642526678178,0.0645660954657,0.0648481803488,0.06466012376,0.064816837584,0.0648795231136,0.0647541520544,0.0650675797023,0.0650362369375,0.0649108658784,0.0650675797023,0.0649735514079,0.0646914665248,0.0639705829347,0.0638452118755,0.0639392401699,0.0636884980516,0.0637825263459,0.0641272967586,0.064221325053,0.0642840105826,0.064221325053,0.0640959539938,0.0642526678178,0.0646914665248,0.0649422086431,0.0655377211741,0.0650675797023,0.0645660954657,0.0647228092896,0.0643153533474,0.0640959539938,0.0647854948192,0.0643466961121,0.064221325053,0.0644720671713,0.0647228092896,0.0646287809953,0.0643466961121,0.0651616079967,0.0649422086431,0.065255636291,0.0652869790558,0.0655690639389,0.0654436928798,0.0657571205277,0.0656317494685,0.0657884632925,0.0659138343516,0.0662586047643,0.066446661353,0.0665720324122,0.0667287462361,0.0672929160023,0.0674496298263,0.0674496298263,0.0674496298263,0.0668541172953,0.0670108311192,0.0670108311192,0.067042173884,0.067198887708,0.067637686415,0.0684212555347,0.0685152838291,0.0686719976531,0.0688600542418,0.069267510184,0.0693615384784,0.0695495950672,0.0695182523024,0.0697376516559,0.0697689944207,0.0697063088911,0.0695495950672,0.0690167680657,0.0689227397714,0.0693928812432,0.0705212207756,0.0707092773643,0.0713988181897,0.0721197017799,0.0719629879559,0.0721823873094,0.0724331294278,0.0722137300742,0.0729032708996,0.0731853557827,0.073592811725,0.073436097901,0.0742510097855,0.0745644374334,0.0751912927292,0.075818148025,0.076256946732,0.0767897737334,0.0767270882039,0.0772285724405,0.0776987139123,0.0777300566771,0.0779181132659,0.0783882547377,0.0786076540912,0.0788897389743,0.0793912232109,0.0796106225645,0.0801747923307,0.0808329903912,0.0811777608039,0.0815538739814,0.0824001286307,0.0829016128673,0.0832150405152,0.0830269839265,0.0834657826335,0.083998609635,0.0843120372828,0.0849075498138,0.0852836629913,0.085628433404,0.0863179742294,0.0863493169941,0.0872895999378,0.0880731690575,0.0889821092364,0.0897656783562,0.0902985053576,0.0908626751238,0.0905805902407,0.0912387883013,0.0915835587139,0.092022357421,0.092461156128,0.0927745837759,0.0931820397182,0.0937462094844,0.0935894956604,0.0941223226619,0.0942163509562,0.0943103792506,0.0946864924281,0.0950939483703,0.0956581181365,0.0962222879027,0.0965670583154,0.0966924293746,0.0976327123182,0.0982282248492,0.098259567614,0.0990744794985,0.0991998505577,0.0992625360873,0.0999207341478,0.10032819009,0.100578932208,0.100829674327,0.100986388151,0.101268473034,0.101863985565,0.102146070448,0.102020699389,0.102710240214,0.102866954038,0.103180381686,0.103807236982,0.103869922511,0.103556494863,0.103713208687,0.103901265276,0.104089321865,0.104653491631,0.105343032456,0.105844516693,0.106251972635,0.1062833154,0.106408686459,0.106534057518,0.106596743048,0.106690771342,0.106847485166,0.107035541755,0.106910170696,0.107317626638,0.108289252347,0.108759393818,0.109041478701,0.109668333997,0.110263846528,0.110733988,0.111047415648,0.111674270944,0.112363811769,0.112771267711,0.112865296006,0.113460808537,0.114024978303,0.11368020789,0.114119006597,0.114871232952,0.115216003365,0.116313000133,0.116939855428,0.117378654135,0.117096569252,0.11747268243,0.118632364727,0.119196534493,0.120199502966,0.120638301673,0.12113978591,0.121797983971,0.122017383324,0.122800952444,0.123615864328,0.123584521564,0.124274062389,0.125088974274,0.125496430216,0.12565314404,0.12637402763,0.126499398689,0.127063568455,0.127251625044,0.127220282279,0.12787848034,0.129069505402,0.129257561991,0.129633675168,0.130667986406,0.131044099583,0.131890354233,0.132642580588,0.133144064824,0.133551520767,0.134115690533,0.135024630712,0.136309684068,0.136403712362,0.136748482775,0.137249967012,0.137594737424,0.137939507837,0.138096221661,0.138252935485,0.138535020368,0.138660391427,0.139976787548,0.140164844137,0.140352900726,0.140697671139,0.141011098786,0.141324526434,0.141387211964,0.14273495085,0.143079721263,0.143487177205,0.143988661441,0.144490145678,0.145242372033,0.146746824743,0.147530393863,0.14796919257,0.14869007616,0.14947364528,0.150288557164,0.151009440754,0.151730324344,0.152890006642,0.15392431788,0.154488487646,0.155084000177,0.156212339709,0.157121279888,0.157904849008,0.158155591126,0.158124248361,0.159409301718,0.160224213602,0.160851068898,0.161039125487,0.161007782722,0.161916722901,0.161854037371,0.162324178843,0.163264461787,0.163358490081,0.163295804552,0.164518172378,0.165552483616,0.166806194208,0.167370363974,0.167871848211,0.168624074566,0.169752414098,0.170598668747,0.171789693809,0.17238520634,0.172824005047,0.173732945226,0.174265772228,0.174829941994,0.175832910467,0.176240366409,0.17611499535,0.176616479587,0.176585136822,0.177055278294,0.176804536176,0.176741850646,0.176334394704,0.176553794057,0.176773193411,0.176459765763,0.176553794057,0.176365737469,0.176303051939,0.176867221705,0.177180649353,0.176992592764,0.176585136822,0.176929907235,0.176209023645,0.175926938762,0.17611499535,0.176020967056,0.176146338115,0.176271709174,0.176146338115,