# R script for Peak Model
#  -- generated by MACS
p <- c(0.0387059329751,0.0401468984219,0.0411875956891,0.0420681856844,0.0428286952258,0.0440294997648,0.0452303043039,0.0465111624789,0.0474718061101,0.0482723424695,0.0492730129187,0.0504337906397,0.0515145147249,0.0523150510842,0.0533557483514,0.0541963115287,0.05515695516,0.0565178669709,0.057638617874,0.0586392883232,0.0596799855903,0.0609608437653,0.0617613801247,0.0629621846637,0.0641229623848,0.0649635255621,0.0658441155574,0.0670048932785,0.0680856173636,0.068846126905,0.0699668778081,0.0710075750753,0.0723684868862,0.0730489427917,0.0739695596049,0.073889505969,0.0738094523331,0.0735292646073,0.0734091841534,0.0736893718792,0.073889505969,0.0737293986971,0.0736493450612,0.0732490768815,0.0730089159737,0.0730889696096,0.0725686209761,0.072608647794,0.072648674612,0.0724085137042,0.0721683527964,0.0720082455245,0.0724085137042,0.0723684868862,0.0722884332503,0.0724885673401,0.072648674612,0.07268870143,0.0723284600682,0.0722484064323,0.0718081114347,0.0717680846167,0.0720882991604,0.0719682187065,0.0717280577987,0.0716079773448,0.0712477359831,0.0714878968909,0.0715279237089,0.0710075750753,0.0718881650706,0.0714878968909,0.0717680846167,0.0716880309808,0.0718081114347,0.0716480041628,0.071367816437,0.0712477359831,0.0714878968909,0.0715679505269,0.0716880309808,0.0711276555292,0.0710075750753,0.0709675482573,0.0708474678034,0.0708474678034,0.0706873605316,0.0705272532597,0.070086958262,0.0702470655339,0.0702070387159,0.0697667437183,0.070167011898,0.0700069046261,0.0698067705363,0.0697667437183,0.07012698508,0.070086958262,0.0699268509902,0.0699668778081,0.0698868241722,0.0702870923519,0.070086958262,0.0704872264417,0.0708074409855,0.0708474678034,0.0711676823472,0.0710476018933,0.0715279237089,0.0715679505269,0.071367816437,0.0709275214394,0.0711276555292,0.071327789619,0.0712877628011,0.0712477359831,0.0716880309808,0.0716880309808,0.0719682187065,0.0719281918886,0.0723684868862,0.0723284600682,0.0718481382526,0.0717280577987,0.0720482723425,0.0714478700729,0.0709275214394,0.0708874946214,0.0711676823472,0.0716079773448,0.0717680846167,0.0718481382526,0.0718081114347,0.0716880309808,0.0718081114347,0.0720882991604,0.0724085137042,0.0722884332503,0.072608647794,0.0729288623378,0.0725285941581,0.072608647794,0.0724885673401,0.07268870143,0.0728087818839,0.0730089159737,0.0730889696096,0.0732891036995,0.0730889696096,0.0732891036995,0.0733291305174,0.0738094523331,0.0738094523331,0.0744098546026,0.0742897741487,0.0742897741487,0.0746500155104,0.0744098546026,0.0744899082385,0.0744498814206,0.0744899082385,0.0748101227823,0.0745699618745,0.0744899082385,0.0745699618745,0.0744098546026,0.0741696936948,0.0737293986971,0.0739695596049,0.0743698277846,0.0744098546026,0.073849479151,0.0741696936948,0.0741296668768,0.073929532787,0.0742897741487,0.0741696936948,0.0741296668768,0.0740095864229,0.0737694255151,0.0730889696096,0.0732090500635,0.0727287282479,0.0724485405221,0.0723684868862,0.072648674612,0.0724485405221,0.0724085137042,0.0719682187065,0.071407843255,0.0708474678034,0.0704872264417,0.0706473337136,0.0707674141675,0.0704471996237,0.0712077091651,0.0714478700729,0.0716880309808,0.0715679505269,0.0712477359831,0.0712077091651,0.0711676823472,0.0708474678034,0.0705672800777,0.0709675482573,0.0705672800777,0.0706473337136,0.0702870923519,0.0700469314441,0.0693664755386,0.0692864219027,0.068846126905,0.0688061000871,0.0685259123613,0.0685659391793,0.0684458587253,0.0684058319074,0.0678854832738,0.0678854832738,0.0677253760019,0.0672050273683,0.0670048932785,0.0671650005504,0.0666046250988,0.0668047591887,0.0672450541863,0.0670048932785,0.0671650005504,0.0677253760019,0.067685349184,0.067645322366,0.0677253760019,0.0678454564558,0.067605295548,0.0677654028199,0.0681656709996,0.0687260464511,0.0695265828105,0.0697667437183,0.0696066364464,0.0696066364464,0.0695666096285,0.0696066364464,0.0694465291745,0.0692063682667,0.0690462609949,0.0691263146308,0.0696466632644,0.0696466632644,0.070086958262,0.0704471996237,0.0707273873495,0.0712877628011,0.0719682187065,0.0724485405221,0.0723684868862,0.0727687550659,0.072648674612,0.0730089159737,0.0734492109714,0.0735692914253,0.0743698277846,0.0744899082385,0.0747300691463,0.075130337326,0.0748901764182,0.0754905786877,0.0752103909619,0.0759308736854,0.0760909809572,0.0760109273213,0.0761710345932,0.0760909809572,0.0766113295908,0.0766113295908,0.0768114636807,0.0767714368627,0.0768915173166,0.0770916514064,0.0778921877658,0.0780923218556,0.0786927241252,0.0787327509431,0.0793331532127,0.0800536359361,0.0802537700259,0.0807340918415,0.0806140113876,0.0810943332032,0.081454574565,0.0821750572884,0.0827754595579,0.0829355668298,0.0837761300071,0.0840963445508,0.0840162909149,0.0845766663665,0.0847367736383,0.0847768004563,0.0847768004563,0.0847367736383,0.0849769345461,0.085137041818,0.0856974172696,0.0858575245414,0.0860176318133,0.0856974172696,0.0854172295438,0.0852571222719,0.0857374440875,0.0860976854493,0.0865780072649,0.086377873175,0.0870183022625,0.0873785436242,0.0875786777141,0.0880189727117,0.0877387849859,0.0878988922578,0.0877387849859,0.0880589995297,0.0880589995297,0.0884992945273,0.0881390531656,0.0880589995297,0.0883391872555,0.0884192408914,0.0886994286172,0.088859535889,0.0891797504328,0.0894199113406,0.0895399917945,0.0896200454304,0.0897801527023,0.0897401258843,0.0897801527023,0.0894999649765,0.0894599381586,0.0889796163429,0.0892998308867,0.0894599381586,0.0894199113406,0.0895800186125,0.0896600722484,0.0895399917945,0.0897801527023,0.0899802867922,0.0906607426976,0.0910209840593,0.0912211181492,0.091421252239,0.0911810913312,0.0913411986031,0.0919416008726,0.0917014399648,0.0918615472366,0.0917014399648,0.0921417349624,0.0917414667827,0.0917014399648,0.0917414667827,0.0918215204187,0.0922217885984,0.0920616813265,0.0920616813265,0.0920216545085,0.0918215204187,0.0917814936007,0.0916614131468,0.0923818958702,0.0924619495062,0.0929022445038,0.0931824322296,0.0936627540452,0.0935026467733,0.0936227272272,0.093982968589,0.0944632904046,0.0944632904046,0.0941831026788,0.0943031831327,0.0945833708585,0.0946634244944,0.0946634244944,0.0949836390382,0.0954639608538,0.0951037194921,0.0955440144897,0.0954239340358,0.0953438803999,0.095223799946,0.0958642290335,0.0953438803999,0.0953839072178,0.0956640949436,0.0955840413077,0.0954639608538,0.0956640949436,0.0956240681256,0.0955039876717,0.09514374631,0.0949436122202,0.09514374631,0.0950236658561,0.0951037194921,0.0953438803999,0.095183773128,0.0951037194921,0.0954239340358,0.0959442826694,0.0962244703952,0.0961444167592,0.0963445508491,0.096424604485,0.0965046581209,0.0969849799366,0.0972251408444,0.0971450872084,0.0973852481162,0.0973852481162,0.0972651676623,0.097625409024,0.0977855162959,0.0969049263006,0.0971050603905,0.0967848458467,0.0968648994827,0.0970250067545,0.0971050603905,0.0973051944803,0.0971450872084,0.0967848458467,0.0965847117569,0.0965847117569,0.096464631303,0.0967848458467,0.0967848458467,0.0973452212983,0.0975053285701,0.0975853822061,0.0979055967498,0.0974252749342,0.0973852481162,0.0968248726647,0.0973852481162,0.0971450872084,0.0971851140264,0.0975453553881,0.0973452212983,0.0973452212983,0.0968648994827,0.096424604485,0.0963045240311,0.0959042558514,0.0961444167592,0.0954239340358,0.0956240681256,0.0955840413077,0.0957441485795,0.0963445508491,0.0969049263006,0.0967047922108,0.0973852481162,0.097665435842,0.0974653017522,0.0978255431139,0.0979856503858,0.0977855162959,0.0978255431139,0.0978655699319,0.0980657040217,0.0983859185654,0.0984259453834,0.0986661062912,0.0985860526553,0.0984659722014,0.0988662403811,0.0994266158326,0.0993465621967,0.0985460258373,0.0983058649295,0.0991064012889,0.0991464281068,0.0995066694685,0.0994266158326,0.0992264817428,0.0991464281068,0.0994266158326,0.0993865890146,0.0988662403811,0.0985860526553,0.0986661062912,0.0984259453834,0.0985059990193,0.098906267199,0.0996267499224,0.0998669108303,0.100347232646,0.100907608097,