# R script for Peak Model
#  -- generated by MACS
p <- c(0.00619885044385,0.00642614162679,0.00673608414898,0.00700470100155,0.00714934084524,0.0074179576978,0.00760392321112,0.00787254006369,0.00814115691625,0.00838911093401,0.00861640211695,0.00874037912583,0.00890568180433,0.00913297298727,0.00940158983984,0.00969086952722,0.00991816071016,0.0101247890583,0.0103107545716,0.0105380457545,0.0107653369375,0.0110132909552,0.0113232334774,0.0114265476515,0.0117364901737,0.0117571530085,0.0117984786781,0.0117571530085,0.0117571530085,0.0117158273389,0.0116745016692,0.0117364901737,0.0117364901737,0.0118398043477,0.0116951645041,0.0116538388344,0.0118191415129,0.0119431185218,0.0117778158433,0.0117984786781,0.0118191415129,0.0117778158433,0.0117158273389,0.0116745016692,0.0117364901737,0.0117571530085,0.011922455687,0.011922455687,0.0118811300174,0.0118191415129,0.0118604671826,0.0118811300174,0.0117364901737,0.0116951645041,0.0117158273389,0.0116538388344,0.0117778158433,0.0116745016692,0.0117364901737,0.0117778158433,0.0117364901737,0.0118604671826,0.0119431185218,0.0118604671826,0.0117571530085,0.0116745016692,0.01159185033,0.0116331759996,0.0116951645041,0.0116538388344,0.0115711874952,0.0115298618256,0.0114678733211,0.0115091989907,0.0114265476515,0.0114885361559,0.0114265476515,0.0114265476515,0.0113645591471,0.0113438963122,0.0114058848167,0.0113232334774,0.0112819078078,0.0111785936337,0.0113438963122,0.0111785936337,0.0110959422945,0.0110959422945,0.0111785936337,0.0111166051293,0.0110959422945,0.0110959422945,0.0111166051293,0.0111372679641,0.0112405821382,0.0111579307989,0.0110132909552,0.0109926281204,0.0110546166249,0.0109513024508,0.010930639616,0.0108479882767,0.0108686511115,0.0109099767812,0.0108893139464,0.0109513024508,0.0108479882767,0.010930639616,0.0108893139464,0.0108066626071,0.0107859997723,0.0108686511115,0.0108479882767,0.0108893139464,0.0109513024508,0.0110752794597,0.0110752794597,0.010930639616,0.0108893139464,0.0109099767812,0.01103395379,0.0109719652856,0.0108893139464,0.0108893139464,0.0108273254419,0.0107859997723,0.0108479882767,0.0109099767812,0.0110132909552,0.0111579307989,0.0110546166249,0.0111166051293,0.0111579307989,0.0111372679641,0.0111372679641,0.0112405821382,0.0113852219819,0.0113232334774,0.0113232334774,0.0114678733211,0.0115091989907,0.0115091989907,0.0115091989907,0.0114885361559,0.0115298618256,0.01159185033,0.0117571530085,0.0117158273389,0.0117158273389,0.0117984786781,0.011922455687,0.0119017928522,0.0120257698611,0.0120877583655,0.0121910725396,0.0121704097048,0.0123563752181,0.0123150495484,0.0122737238788,0.0122943867136,0.0124183637225,0.0124390265573,0.0126249920706,0.0127489690795,0.0128316204188,0.0127489690795,0.0128522832536,0.0130175859321,0.0130382487669,0.013141562941,0.0132242142802,0.0134101797935,0.0134515054632,0.0135961453068,0.0138440993246,0.013906087829,0.0139474134987,0.0139680763335,0.0139267506638,0.0139267506638,0.0141747046816,0.0142780188557,0.0142780188557,0.0144846472038,0.0142780188557,0.0144846472038,0.0144846472038,0.0144226586994,0.0143606701949,0.0142780188557,0.0143400073601,0.0143193445253,0.0143813330297,0.0146499498823,0.0147326012215,0.0149392295697,0.0148979039,0.015125195083,0.0153318234311,0.0153524862659,0.01545580044,0.0156830916229,0.0158070686318,0.0160550226496,0.0162203253281,0.0164269536762,0.016447616511,0.0167368961984,0.016778221868,0.0169435245465,0.0168815360421,0.0169435245465,0.0167988847028,0.0168815360421,0.0167575590332,0.0167988847028,0.0168195475376,0.017005513051,0.0172121413991,0.0172741299035,0.0173774440776,0.0174600954168,0.0176873865998,0.0178113636087,0.0177493751042,0.0179766662872,0.0181419689657,0.0183899229834,0.0186792026708,0.018658539836,0.0187205283404,0.0188445053493,0.0190717965322,0.0191544478715,0.0196296930722,0.0195677045677,0.0196710187418,0.0197123444114,0.0197536700811,0.0199396355944,0.0201049382729,0.0202495781166,0.0204355436299,0.0204975321343,0.0204768692995,0.0203735551254,0.0206215091432,0.0206215091432,0.0206008463084,0.0209107888306,0.0210554286743,0.0211794056831,0.0213447083617,0.0214480225357,0.0215719995446,0.0217992907275,0.0217579650579,0.0217786278927,0.0218819420668,0.0220472447453,0.0224398386067,0.0226464669549,0.0231630378252,0.0233283405037,0.0237829228696,0.024175516731,0.0243821450791,0.0244028079139,0.0246507619317,0.024836727445,0.0249400416191,0.0254152868198,0.0255599266635,0.0256219151679,0.0258905320205,0.0259938461945,0.0262624630471,0.026386440056,0.0264277657256,0.0269856622656,0.0272336162833,0.0272956047877,0.0276055473099,0.0280601296758,0.0282047695195,0.0285767005461,0.0291759227557,0.029919784809,0.030580995523,0.0310769035585,0.0314075089155,0.0319240797858,0.0321926966384,0.0326266161695,0.033122524205,0.033453129562,0.0340110261019,0.0347135624855,0.0352301333559,0.0356640528869,0.0360566467484,0.036428577775,0.036759183132,0.036759183132,0.0372964168372,0.0375237080201,0.0383708842474,0.0388874551177,0.0396106543362,0.0401272252065,0.0407264474161,0.0408917500946,0.041284343956,0.0417595891567,0.0424621255404,0.0430200220803,0.0437432212988,0.0444457576824,0.0449829913875,0.0457888419452,0.0466360181725,0.0471319262081,0.048020428105,0.0490329070108,0.0495494778812,0.0499627345774,0.0507065966307,0.0512851560054,0.0519257038846,0.0524836004246,0.0530208341297,0.0540539758704,0.0549838034369,0.0557689911598,0.0565128532131,0.0573806922752,0.0577112976322,0.0585791366944,0.059281673078,0.0601288493053,0.060831385689,0.0615339220726,0.0626497151525,0.0635588798843,0.0644887074508,0.0657491403744,0.0666169794366,0.0672575273158,0.0685799487438,0.0693444736318,0.0708115349036,0.0722372705056,0.0735390290989,0.0750060903706,0.0761425462853,0.0775062933829,0.0784774466191,0.080151136239,0.0813702434929,0.0827133277557,0.0842010518623,0.0858954043169,0.0869492088924,0.0883336188248,0.0895527260788,0.0908751475068,0.0924455229526,0.0939125842243,0.0952350056523,0.0969706837766,0.0986856990661,0.0999461319896,0.10153717027,0.102900917368,0.104409304309,0.106351610782,0.108066626071,0.109967606874,0.112178530199,0.114120836671,0.116311097161,0.118501357652,0.120877583655,0.12257193611,0.124679545261,0.127035108429,0.129101391911,0.131105686887,0.133440587221,0.13527957952,0.138213702063,0.14077589358,0.143400073601,0.145900276613,0.148565782304,0.150466763107,0.152801663441,0.15515722661,0.157430138439,0.160136969799,0.162595847142,0.164806770467,0.167575590332,0.170323747362,0.173133892897,0.176130003945,0.178836835305,0.181027095795,0.183816578495,0.187287934743,0.190180731617,0.193631425031,0.196689524583,0.199685635631,0.202061861635,0.205409240874,0.208198723574,0.211236160292,0.214624865201,0.21689777703,0.219253340199,0.22303463897,0.226113401357,0.228923546891,0.232808159836,0.236155539076,0.239440929811,0.243118914408,0.246073699786,0.249338427686,0.252768458265,0.255702580809,0.25781018996,0.261508837391,0.264959530805,0.268141607366,0.27206754598,0.275497576559,0.279072246982,0.282254323543,0.285291760261,0.288453173987,0.291283982356,0.294404070413,0.298123380679,0.301574074093,0.304756150654,0.308020878555,0.310996326768,0.314013100651,0.316657943507,0.319984659911,0.322567514263,0.325666939485,0.328208468167,0.331287230554,0.334035387584,0.337010835797,0.339717667158,0.341515333786,0.343726257111,0.345358621062,0.348168766596,0.350834272287,0.354243640031,0.356495889026,0.35883078936,0.360607793153,0.362219494269,0.364223789246,0.366372724066,0.367343877302,0.368852264244,0.370298662681,0.371207827412,0.372757540023,0.374038635782,0.374865149174,0.376187570602,0.37695209549,0.377943911561,0.379348984329,0.380878034105,0.38201449002,0.383068294595,0.384101436336,0.384597344371,0.385465183433,0.385547834773,0.387304175732,0.387696769593,0.388729911334,0.389804378744,0.390837520485,0.391250777181,0.392263256087,0.393379049167,0.394846110438,0.396416485884,0.398069512669,0.39957789961,0.401168937891,0.403235221372,0.404805596818,0.406892543134,0.408028999049,0.410446550722,