# R script for Peak Model
#  -- generated by MACS
p <- c(0.0399101034798,0.0412272686111,0.0426432211273,0.0438286697455,0.0449153309789,0.0457056300577,0.0463312834951,0.047483802985,0.0485375350901,0.0497229837083,0.0507108575568,0.0515011566356,0.0525548887407,0.0538720538721,0.055024573362,0.0561112345953,0.0569673919307,0.0578894075227,0.0590419270126,0.0601944465025,0.0613469659924,0.0624994854824,0.0635861467157,0.064541091436,0.0657265400542,0.0667802721592,0.0676035003663,0.0690523820108,0.0700402558593,0.0710610588361,0.0719830744281,0.0731685230463,0.0744198299211,0.075341845513,0.0764943650029,0.0767577980292,0.0767577980292,0.0767907271575,0.0763955776181,0.0762309319767,0.0760662863352,0.076033357207,0.076033357207,0.0756711367958,0.075802853309,0.0756382076675,0.0752430581281,0.075111341615,0.0749466959736,0.0754077037696,0.0750125542302,0.0744527590493,0.0742881134079,0.0740905386382,0.0739588221251,0.0739588221251,0.0740905386382,0.0740246803816,0.0735307434574,0.0738600347402,0.0737941764837,0.0738271056119,0.0735636725857,0.0733331686877,0.0729709482766,0.0728392317634,0.0725099404806,0.0724770113523,0.0722794365826,0.0721477200695,0.0720489326846,0.0719501452998,0.0714891375038,0.0712257044775,0.0713244918624,0.0714232792472,0.0717196414018,0.0718184287866,0.0716537831452,0.0714891375038,0.0714891375038,0.0717196414018,0.0716208540169,0.0712915627341,0.0712586336058,0.0710281297078,0.071159846221,0.0710939879644,0.0710939879644,0.0710281297078,0.0706000510401,0.0704024762704,0.0705341927836,0.0706659092967,0.0706329801684,0.070698838425,0.070698838425,0.0706329801684,0.0708305549381,0.0709622714513,0.0714891375038,0.0710610588361,0.0710281297078,0.0708634840664,0.0706329801684,0.0702049015007,0.0701390432442,0.0702049015007,0.0702049015007,0.0700731849876,0.0701061141159,0.0702707597573,0.0704024762704,0.0703036888856,0.0701390432442,0.0701719723725,0.070468334527,0.0711269170927,0.0712257044775,0.0714562083755,0.0717854996584,0.0721477200695,0.0721477200695,0.0720818618129,0.0720160035563,0.0721806491978,0.0722465074543,0.0725757987372,0.0726416569937,0.0726416569937,0.0728392317634,0.0726416569937,0.0726087278655,0.0726416569937,0.0728063026352,0.0725428696089,0.0724111530957,0.0723123657109,0.0723782239675,0.0725099404806,0.0727404443786,0.0725757987372,0.0723782239675,0.0722465074543,0.0721147909412,0.0723123657109,0.0723782239675,0.0721147909412,0.0720489326846,0.0717525705301,0.0716208540169,0.0716537831452,0.0714891375038,0.0715220666321,0.0715549957604,0.0716537831452,0.0718513579149,0.0720160035563,0.0720160035563,0.0721477200695,0.072674586122,0.0727733735069,0.0728063026352,0.072674586122,0.072674586122,0.0727075152503,0.0726416569937,0.0725099404806,0.0723782239675,0.0721147909412,0.0716537831452,0.0717196414018,0.0714232792472,0.0717196414018,0.0718842870432,0.0721477200695,0.0717854996584,0.0719172161715,0.0721477200695,0.0724111530957,0.0724111530957,0.0725099404806,0.072213578326,0.0725099404806,0.072674586122,0.0728721608917,0.072674586122,0.0721806491978,0.0720818618129,0.0720818618129,0.0719830744281,0.0716537831452,0.0721806491978,0.0721806491978,0.0722465074543,0.0721147909412,0.0719830744281,0.0716537831452,0.0715879248887,0.0717196414018,0.0719172161715,0.0718842870432,0.0716537831452,0.0716867122735,0.0718184287866,0.0718513579149,0.0719172161715,0.0721806491978,0.0716867122735,0.0710939879644,0.0711269170927,0.071159846221,0.0713574209907,0.0714891375038,0.0714562083755,0.0716537831452,0.0720489326846,0.0720489326846,0.0722794365826,0.0726416569937,0.07290509002,0.0730697356614,0.0732343813028,0.073366097816,0.0733990269443,0.0731685230463,0.073135593918,0.0733331686877,0.0733990269443,0.0730368065331,0.0725757987372,0.0724770113523,0.0724111530957,0.0726087278655,0.0724111530957,0.0723452948392,0.0726087278655,0.0725099404806,0.0723782239675,0.072444082224,0.072444082224,0.0725099404806,0.072674586122,0.0725099404806,0.0725428696089,0.0725428696089,0.0727075152503,0.0727733735069,0.0726416569937,0.0725757987372,0.0727075152503,0.072674586122,0.07290509002,0.0728392317634,0.0726087278655,0.0723782239675,0.0728063026352,0.0726087278655,0.0728721608917,0.0725428696089,0.0725757987372,0.0727404443786,0.0723123657109,0.0723782239675,0.0728063026352,0.0732014521746,0.0735307434574,0.0739917512534,0.0741234677665,0.0738929638685,0.0740576095099,0.0741893260231,0.074650333819,0.0749466959736,0.0749796251019,0.0752430581281,0.0754077037696,0.0756052785393,0.0758357824372,0.0764614358746,0.0767907271575,0.0765272941312,0.0771858766969,0.0774493097231,0.0774493097231,0.07731759321,0.0769883019272,0.0771529475686,0.0778444592626,0.0779103175191,0.0778115301343,0.0781078922888,0.0783383961868,0.0784371835717,0.0784701126999,0.0789640496242,0.0791286952656,0.0793591991636,0.0794909156767,0.0799189943444,0.0801824273707,0.0805446477818,0.0806105060384,0.0807092934232,0.0806763642949,0.0808410099364,0.0809068681929,0.0810385847061,0.0813020177323,0.0815983798869,0.081960600298,0.082191104196,0.082421608094,0.0825533246071,0.0827179702485,0.0827508993768,0.0830801906597,0.0834753401991,0.083936347995,0.0838704897385,0.0838046314819,0.083705844097,0.0840351353799,0.0840351353799,0.0840680645082,0.0843314975344,0.0840351353799,0.0843314975344,0.0843644266627,0.0847595762021,0.0850559383567,0.0852205839981,0.0855498752809,0.0856157335375,0.0856486626658,0.0856486626658,0.0853852296395,0.0855498752809,0.0859450248203,0.0864389617446,0.0865377491294,0.087064615182,0.08729511908,0.0868999695406,0.0871963316951,0.0874597647214,0.0875256229779,0.0877561268759,0.0882171346719,0.0884147094416,0.0879866307739,0.0885134968265,0.0881512764153,0.0882171346719,0.0885134968265,0.0886122842113,0.0890074337507,0.0893696541618,0.0889086463659,0.0890732920073,0.0896989454447,0.089501370675,0.0899294493427,0.0899623784709,0.0900282367275,0.0898635910861,0.0902258114972,0.0903575280103,0.0903904571386,0.0902916697538,0.0902916697538,0.0901599532406,0.0898965202144,0.0898965202144,0.0901928823689,0.0900611658558,0.0904892445235,0.0904233862669,0.0906538901649,0.0907197484215,0.0903904571386,0.0902916697538,0.09055510278,0.0908185358063,0.0910819688326,0.0917405513983,0.0916417640134,0.0919710552962,0.0918393387831,0.0924320630922,0.0925637796053,0.0928601417599,0.0925308504771,0.0928272126316,0.093452866069,0.0934199369407,0.0935516534539,0.0935187243256,0.093452866069,0.0931894330427,0.0935516534539,0.0934857951973,0.0934199369407,0.093683369967,0.093683369967,0.0933540786842,0.0936504408387,0.0935187243256,0.0932552912993,0.0930906456579,0.0930247874013,0.0925967087336,0.092991858273,0.0933540786842,0.0934857951973,0.093452866069,0.0938150864801,0.0937821573518,0.0939468029933,0.0940785195064,0.0943419525327,0.0943748816609,0.0942102360195,0.0944407399175,0.0944407399175,0.0945065981741,0.0947041729438,0.0948358894569,0.0948688185852,0.0950663933549,0.0948358894569,0.0948029603286,0.0945724564306,0.0947700312003,0.0949346768418,0.0956261885357,0.0951651807398,0.0952639681246,0.0953956846377,0.0953298263812,0.0960542672034,0.0967787080257,0.0976019362327,0.097634865361,0.097865369259,0.0978982983873,0.0977995110024,0.097865369259,0.0978324401307,0.0978324401307,0.0979970857721,0.0983922353116,0.0980629440287,0.0982934479267,0.0979312275156,0.0976677944893,0.0975690071045,0.0974372905913,0.0974372905913,0.097634865361,0.0975690071045,0.0977665818742,0.0978982983873,0.0982275896701,0.0981946605418,0.0987215265944,0.0989520304924,0.0990508178772,0.0989191013641,0.0990508178772,0.0988532431075,0.0993801091601,0.0994459674166,0.0993471800318,0.0993801091601,0.099610613058,0.0997752586995,0.0995776839298,0.100005762597,0.100236266495,0.100565557778,0.100861919933,0.100664345163,0.101092423831,0.101191211216,0.101092423831,0.101158282087,0.100960707318,0.100796061676,0.100466770393,0.100894849061,0.100861919933,0.101553431627,0.101586360755,0.102212014192,0.102607163732,0.102705951117,0.102508376347,0.103397462811,0.10379261235,0.104253620146,