# R script for Peak Model
#  -- generated by MACS
p <- c(0.0252840186388,0.0262147187114,0.0277658854991,0.0288517022504,0.0302477523593,0.0313335691107,0.0322642691833,0.0330398525771,0.0341256693285,0.0358319527949,0.0367626528675,0.0378484696188,0.0395547530853,0.0409508031942,0.0429673200181,0.0437429034119,0.0446736034845,0.046379886951,0.0454491868784,0.0446736034845,0.0442082534482,0.0446736034845,0.0454491868784,0.0454491868784,0.0451389535208,0.0452940701996,0.0459145369147,0.0460696535934,0.0452940701996,0.0445184868058,0.0440531367695,0.0446736034845,0.0445184868058,0.0435877867332,0.0431224366969,0.0429673200181,0.0429673200181,0.0437429034119,0.0437429034119,0.0435877867332,0.0438980200907,0.0438980200907,0.0440531367695,0.0448287201633,0.0445184868058,0.0445184868058,0.0446736034845,0.044363370127,0.0446736034845,0.0440531367695,0.0434326700544,0.0438980200907,0.044363370127,0.0442082534482,0.0445184868058,0.0445184868058,0.044363370127,0.0435877867332,0.0438980200907,0.0431224366969,0.0434326700544,0.0437429034119,0.0442082534482,0.044363370127,0.0445184868058,0.0449838368421,0.0457594202359,0.0454491868784,0.0451389535208,0.0449838368421,0.0448287201633,0.0451389535208,0.0451389535208,0.0446736034845,0.0448287201633,0.0465350036297,0.0471554703448,0.0473105870236,0.0477759370599,0.047000353666,0.0480861704174,0.0474657037023,0.0477759370599,0.0488617538112,0.0483964037749,0.0483964037749,0.0479310537386,0.0477759370599,0.0474657037023,0.047000353666,0.0474657037023,0.0480861704174,0.0479310537386,0.0487066371325,0.0482412870962,0.0487066371325,0.0494822205263,0.0491719871687,0.0483964037749,0.0485515204537,0.04901687049,0.0491719871687,0.0494822205263,0.0493271038475,0.0487066371325,0.0487066371325,0.04901687049,0.0493271038475,0.0488617538112,0.0483964037749,0.0480861704174,0.0465350036297,0.0452940701996,0.0456043035571,0.0451389535208,0.0449838368421,0.044363370127,0.0442082534482,0.0446736034845,0.0442082534482,0.0442082534482,0.0451389535208,0.0454491868784,0.0459145369147,0.0468452369873,0.0471554703448,0.0471554703448,0.0468452369873,0.0479310537386,0.0483964037749,0.0482412870962,0.049637337205,0.0491719871687,0.0494822205263,0.0504129205989,0.0501026872413,0.0505680372776,0.0502578039201,0.0497924538838,0.0504129205989,0.0505680372776,0.0513436206715,0.0508782706352,0.0518089707078,0.0524294374228,0.053670370853,0.053670370853,0.0546010709256,0.0541357208893,0.054290837568,0.0549113042831,0.0558420043557,0.0558420043557,0.0567727044283,0.0566175877495,0.0567727044283,0.056927821107,0.0570829377858,0.0580136378584,0.0584789878947,0.0577034045009,0.0575482878221,0.0580136378584,0.0583238712159,0.0584789878947,0.0584789878947,0.058944337931,0.0578585211796,0.0572380544646,0.0572380544646,0.0567727044283,0.0566175877495,0.0566175877495,0.0564624710707,0.056927821107,0.0573931711433,0.0570829377858,0.0583238712159,0.0590994546098,0.0586341045735,0.0586341045735,0.0573931711433,0.0567727044283,0.0572380544646,0.0577034045009,0.0573931711433,0.0570829377858,0.0567727044283,0.056927821107,0.0561522377132,0.0553766543194,0.0553766543194,0.0552215376406,0.0550664209618,0.0549113042831,0.0541357208893,0.0539806042105,0.054290837568,0.0538254875317,0.0530499041379,0.0533601374954,0.0528947874591,0.0528947874591,0.0535152541742,0.0541357208893,0.0535152541742,0.054290837568,0.0547561876043,0.0546010709256,0.0556868876769,0.0556868876769,0.0556868876769,0.0556868876769,0.0550664209618,0.0549113042831,0.0539806042105,0.0538254875317,0.0552215376406,0.056307354392,0.0553766543194,0.056307354392,0.056307354392,0.0558420043557,0.056307354392,0.0561522377132,0.0564624710707,0.0573931711433,0.0575482878221,0.0566175877495,0.0559971210344,0.0553766543194,0.0558420043557,0.056307354392,0.0567727044283,0.0577034045009,0.0594096879673,0.0590994546098,0.0592545712885,0.0594096879673,0.0594096879673,0.0598750380036,0.0603403880399,0.0601852713611,0.0603403880399,0.0594096879673,0.0592545712885,0.0587892212522,0.0586341045735,0.0586341045735,0.0573931711433,0.0575482878221,0.0583238712159,0.0587892212522,0.0586341045735,0.0584789878947,0.058944337931,0.0597199213248,0.0600301546824,0.0611159714337,0.0601852713611,0.0603403880399,0.0611159714337,0.0608057380762,0.0611159714337,0.0622017881851,0.0629773715789,0.0634427216152,0.064218305009,0.064218305009,0.063597838294,0.0632876049364,0.0625120215426,0.0622017881851,0.0629773715789,0.063597838294,0.0625120215426,0.0628222549001,0.064218305009,0.063597838294,0.0639080716515,0.0649938884029,0.0646836550453,0.066855288548,0.066855288548,0.0667001718693,0.068871805372,0.0693371554083,0.0694922720871,0.0701127388021,0.0698025054446,0.0699576221234,0.0701127388021,0.0699576221234,0.071508788911,0.0722843723048,0.0727497223411,0.073525305735,0.0724394889836,0.0732150723774,0.0736804224137,0.0738355390925,0.0733701890562,0.0733701890562,0.0725946056624,0.073525305735,0.0738355390925,0.0744560058076,0.0747662391651,0.0766276393103,0.0767827559891,0.0764725226315,0.0781788060979,0.0784890394555,0.0783339227767,0.0789543894918,0.078799272813,0.0789543894918,0.0792646228493,0.0777134560616,0.0784890394555,0.0795748562068,0.0794197395281,0.0803504396007,0.080815789637,0.0809709063157,0.0819016063883,0.0826771897822,0.0823669564246,0.083452773176,0.0832976564972,0.0823669564246,0.0843834732486,0.0854692899999,0.088106273539,0.0882613902177,0.0884165068965,0.0901227903629,0.0908983737567,0.0908983737567,0.0918290738293,0.0924495405444,0.0930700072595,0.0929148905807,0.0940007073321,0.0932251239382,0.0938455906533,0.0949314074046,0.0953967574409,0.0957069907985,0.0946211740471,0.0963274575135,0.0971030409074,0.0991195577313,0.100205374483,0.100980957877,0.101446307913,0.102842358022,0.102842358022,0.104548641488,0.105944691597,0.105634458239,0.105944691597,0.106254924955,0.10687539167,0.10687539167,0.107340741706,0.108581675136,0.107495858385,0.107806091742,0.106720274991,0.10687539167,0.107495858385,0.106565158312,0.10687539167,0.108736791815,0.109202141851,0.111528892033,0.111684008711,0.11183912539,0.111528892033,0.112459592105,0.11308005882,0.114010758893,0.113390292178,0.113235175499,0.114631225608,0.113390292178,0.113235175499,0.112459592105,0.112149358748,0.112459592105,0.111218658675,0.111684008711,0.112769825463,0.11308005882,0.11308005882,0.112769825463,0.112924942141,0.112304475426,0.112459592105,0.112614708784,0.111994242069,0.113390292178,0.11556192568,0.115251692323,0.117423325826,0.118354025898,0.119594959328,0.120525659401,0.122076826189,0.123317759619,0.123627992976,0.120370542722,0.121456359474,0.12192170951,0.12316264294,0.123938226334,0.123317759619,0.123938226334,0.127040559909,0.127971259982,0.129677543448,0.131694060272,0.133865693775,0.135261743884,0.135106627205,0.134951510526,0.138519194138,0.138519194138,0.139605010889,0.137278260708,0.137898727423,0.141001060998,0.142707344465,0.145189211325,0.147205728149,0.148446661579,0.15077341176,0.150308061724,0.150152945045,0.151859228512,0.151238761797,0.151704111833,0.151859228512,0.153255278621,0.154961562087,0.155426912123,0.158219012341,0.160080412486,0.161321345916,0.164113446134,0.164889029528,0.165354379564,0.168611829818,0.167526013067,0.167215779709,0.16969764657,0.169852763249,0.169387413212,0.169852763249,0.16845671314,0.16969764657,0.172024396751,0.172489746788,0.17342044686,0.173265330181,0.175592080363,0.176212547078,0.174506263611,0.175436963684,0.174971613648,0.175281847005,0.174040913575,0.173885796896,0.174351146933,0.17590231372,0.176367663757,0.176988130472,0.177918830544,0.179314880653,0.180400697405,0.17978023069,0.181176280798,0.179004647296,0.180866047441,0.184588847731,0.18350303098,0.184123497695,0.185364431125,0.186760481234,0.189397464773,0.190017931488,0.189087231415,0.189242348094,0.192034448312,0.192189564991,0.193740731778,0.196687948675,0.197153298711,0.197153298711,0.198083998784,0.199014698856,0.199945398929,0.200720982323,0.204443782613,0.203357965862,0.203668199219,0.207080766152,0.209717749691,0.211424033158,