# R script for Peak Model
#  -- generated by MACS
p <- c(0.0361270384055,0.0379155056533,0.0399275313071,0.0421184036857,0.0439515826147,0.0458294732249,0.0478862105598,0.0501217946196,0.0515525684178,0.0532963239844,0.0556660430878,0.0576780687415,0.0592429775834,0.0611655798747,0.0629093354413,0.0650107844575,0.0672016568361,0.0690795474462,0.0693925292146,0.0695266642582,0.0693478175334,0.0699737810701,0.0700184927513,0.0700184927513,0.0697949343454,0.0699737810701,0.0698396460266,0.0698396460266,0.0697949343454,0.0697502226642,0.0696160876206,0.0693031058522,0.0689007007215,0.0688112773591,0.0689007007215,0.0689007007215,0.0684088722283,0.0684088722283,0.0684535839095,0.0684535839095,0.0685430072719,0.0690348357651,0.0690348357651,0.0691689708086,0.0694372408958,0.0695713759394,0.0688559890403,0.0688112773591,0.0693478175334,0.0694372408958,0.0696607993018,0.0693478175334,0.0690795474462,0.0695713759394,0.0688559890403,0.0684088722283,0.0686324306343,0.0681406021412,0.0680064670976,0.0675593502856,0.0679170437352,0.0671569451549,0.0672463685173,0.067425215242,0.0675593502856,0.0679170437352,0.0676040619668,0.0674699269232,0.06809589046,0.0677829086916,0.067872332054,0.067648773648,0.067648773648,0.0683641605471,0.0681853138223,0.0680511787788,0.0679170437352,0.0672463685173,0.0666651166617,0.0656814596754,0.0659497297626,0.0656367479942,0.0660838648062,0.0661732881686,0.0659944414438,0.0661732881686,0.0657708830378,0.0655473246318,0.0653684779071,0.0646530910079,0.0652343428635,0.065592036313,0.0654579012695,0.065815594719,0.066039153125,0.0661732881686,0.0661285764874,0.0658603064002,0.0663521348934,0.0660838648062,0.066039153125,0.0664415582557,0.066262711531,0.066262711531,0.0661732881686,0.0659050180814,0.0654579012695,0.0649213610951,0.0651449195011,0.0646083793267,0.0647425143703,0.0644742442832,0.0645636676456,0.0651002078199,0.0652790545447,0.0659944414438,0.0659050180814,0.0663968465745,0.0665756932993,0.0663968465745,0.066262711531,0.0655026129506,0.0652790545447,0.0656814596754,0.0656814596754,0.066262711531,0.0658603064002,0.066039153125,0.0663074232122,0.0667098283429,0.0664862699369,0.0670228101113,0.0667098283429,0.0675593502856,0.0668886750677,0.0669333867489,0.0669333867489,0.0668886750677,0.067425215242,0.0672463685173,0.0675146386044,0.0681853138223,0.0687665656779,0.0690348357651,0.0682747371847,0.06809589046,0.0673357918796,0.0672463685173,0.0676040619668,0.0669333867489,0.0669780984301,0.0669780984301,0.0670675217925,0.0666651166617,0.0666204049805,0.0664862699369,0.0671569451549,0.0679170437352,0.0684982955907,0.0687218539967,0.0693478175334,0.0693925292146,0.069929069389,0.0698396460266,0.0691689708086,0.069258394171,0.0693478175334,0.0685430072719,0.0686324306343,0.0689007007215,0.0693478175334,0.0692136824898,0.069258394171,0.0693031058522,0.0689007007215,0.0692136824898,0.0684535839095,0.0686324306343,0.0683194488659,0.0684088722283,0.0693925292146,0.0693478175334,0.0701973394761,0.0703314745197,0.0701079161137,0.0702420511573,0.0701526277949,0.069929069389,0.0697949343454,0.0701973394761,0.0692136824898,0.0693478175334,0.0685877189531,0.0676040619668,0.0675593502856,0.0671122334737,0.0664415582557,0.0662179998498,0.0655026129506,0.0657261713566,0.066039153125,0.0652790545447,0.0650554961387,0.065592036313,0.0656814596754,0.0656814596754,0.0654131895883,0.066039153125,0.0659497297626,0.0657708830378,0.0663968465745,0.0659944414438,0.0663521348934,0.0659050180814,0.0657708830378,0.0659050180814,0.0657261713566,0.0656367479942,0.065592036313,0.065815594719,0.0659497297626,0.066262711531,0.0661285764874,0.0660838648062,0.0664862699369,0.0665309816181,0.0672016568361,0.0675146386044,0.0678276203728,0.0683641605471,0.0686771423155,0.0687665656779,0.0689901240839,0.0689901240839,0.069258394171,0.0690795474462,0.0698396460266,0.0697502226642,0.0699737810701,0.0701973394761,0.0703314745197,0.0701526277949,0.0711809964624,0.0706891679693,0.0705997446069,0.0705550329257,0.0705550329257,0.0709574380564,0.0710915731,0.0714939782308,0.0714939782308,0.0714939782308,0.0720305184051,0.0723882118547,0.0722540768111,0.0721199417675,0.0722093651299,0.0719410950427,0.0725670585795,0.0728800403478,0.0723882118547,0.0721646534487,0.0722987884923,0.0722093651299,0.0723435001735,0.0727906169854,0.0728353286666,0.0730141753914,0.0734612922034,0.0735954272469,0.0740872557401,0.0742661024649,0.0735954272469,0.0745790842332,0.0750262010452,0.0748920660016,0.074757930958,0.0752944711324,0.074534372552,0.0751603360888,0.0758310113067,0.076367551481,0.076814668293,0.0774853435109,0.0782901537724,0.078424288816,0.0789608289903,0.079810350933,0.0800786210202,0.080481026151,0.0808387196005,0.0812411247313,0.0815541064996,0.0818223765868,0.082090646674,0.0824930518047,0.0832978620663,0.0845497891397,0.0853545994012,0.0857122928508,0.0858911395756,0.0862935447063,0.0865171031123,0.0868300848807,0.0866065264747,0.0864723914311,0.0865171031123,0.0868300848807,0.0872324900114,0.0867853731995,0.0874560484174,0.0878137418669,0.0883949937225,0.0879478769105,0.0885291287661,0.0885291287661,0.0879925885917,0.0879478769105,0.0874560484174,0.0870536432866,0.0867853731995,0.0866065264747,0.0864276797499,0.0859358512568,0.0850863293141,0.08530988772,0.0856228694884,0.0857122928508,0.085757004532,0.0862488330251,0.0862041213439,0.0862041213439,0.0862935447063,0.085757004532,0.0854440227636,0.0850416176329,0.0851757526764,0.0851310409952,0.0850416176329,0.085533446126,0.0859358512568,0.0862488330251,0.0861594096627,0.0861594096627,0.0861146979815,0.0865171031123,0.0860699863003,0.0858911395756,0.0861594096627,0.0872772016926,0.087143066649,0.0874560484174,0.0877690301858,0.0882608586789,0.0890656689404,0.08942336239,0.0887973988532,0.0899151908831,0.0903623076951,0.090809424507,0.0912118296378,0.0908988478694,0.0912118296378,0.0911224062754,0.0915695230873,0.0915248114061,0.0916142347685,0.0912118296378,0.0909882712318,0.0911224062754,0.0914353880437,0.0918825048557,0.0919719282181,0.0920613515805,0.0923296216676,0.0922849099864,0.0924637567112,0.0923296216676,0.0928214501608,0.09241904503,0.0931344319291,0.0927320267984,0.0927767384796,0.0929555852044,0.0923743333488,0.0917483698121,0.0918377931745,0.0921060632617,0.0920613515805,0.0914800997249,0.0907200011446,0.0901387492891,0.0907200011446,0.0900940376079,0.0905411544198,0.0903175960139,0.0902281726515,0.0902728843327,0.0897363441583,0.0893786507088,0.0887079754908,0.089199803984,0.0896022091147,0.0903623076951,0.0903175960139,0.0895574974335,0.0893339390276,0.0888868222156,0.0890209572592,0.0890209572592,0.088976245578,0.0883949937225,0.0883949937225,0.0887079754908,0.0882608586789,0.0887973988532,0.0883949937225,0.0884844170849,0.0884844170849,0.0887973988532,0.0888421105344,0.088752687172,0.0886632638096,0.0877690301858,0.0880373002729,0.0878137418669,0.0876796068234,0.0885738404473,0.0887973988532,0.0888421105344,0.0885291287661,0.0888868222156,0.0894680740712,0.0893786507088,0.0895574974335,0.0903175960139,0.0907200011446,0.0900493259267,0.0900940376079,0.0896469207959,0.0897810558395,0.0903623076951,0.0903623076951,0.091256541319,0.0914353880437,0.0914353880437,0.0914800997249,0.0917483698121,0.0917483698121,0.0919272165369,0.0925531800736,0.0935815487411,0.0933579903351,0.0939839538719,0.0940733772342,0.0943863590026,0.0951464575829,0.0954147276701,0.0954594393513,0.0962195379316,0.0965325197,0.0967113664247,0.0976056000486,0.0972479065991,0.0976056000486,0.097695023411,0.0977397350922,0.0982315635854,0.0979632934982,0.0982315635854,0.0985445453537,0.098365698629,0.0986339687161,0.0987681037597,0.0985892570349,0.0986339687161,0.0984998336725,0.0988128154409,0.0992152205717,0.0992599322529,0.0991257972093,0.0991705088905,0.0994834906588,0.0996623373836,0.0989022388033,0.0985445453537,0.0979632934982,0.0972479065991,0.0979632934982,0.097918581817,0.0975161766863,0.0974267533239,0.0970690598743,0.0976503117298,0.0977844467734,0.0979632934982,0.0985445453537,0.0984551219914,0.0980080051794,0.0984104103102,