# R script for Peak Model
#  -- generated by MACS
p <- c(0.040217783219,0.0414116953586,0.0426056074983,0.0439359667397,0.0448910964514,0.0462214556927,0.0472789207307,0.048438721095,0.0497690803363,0.0512017749039,0.0523274634927,0.0533167049799,0.0544423935687,0.05577275281,0.0568984413989,0.0579900182123,0.0590815950257,0.0601731718391,0.0614353075296,0.0625609961184,0.0638913553598,0.0651534910503,0.0662109560883,0.0670637504737,0.0681894390626,0.0691786805497,0.0702361455877,0.0710548281977,0.0721122932357,0.0731697582737,0.0741589997609,0.0753529119005,0.0765809358156,0.0779795186078,0.0779454068324,0.0782183010357,0.0782865245866,0.0781159657095,0.0782524128112,0.0778771832815,0.077911295057,0.0778430715061,0.0775360655274,0.0774337302011,0.0770243888961,0.0773313948748,0.0774337302011,0.0769220535698,0.0765809358156,0.0758987003072,0.0757281414301,0.0757622532056,0.0757622532056,0.0758304767564,0.0759328120827,0.0762739298369,0.0764444887139,0.0767514946927,0.0770585006715,0.0769902771207,0.0769220535698,0.076853830019,0.0768197182436,0.0765127122648,0.0763080416123,0.0760692591843,0.0760692591843,0.0755575825531,0.075387023676,0.0754211354514,0.0752164647989,0.0753188001251,0.0756258061039,0.0754552472268,0.0753188001251,0.0751141294726,0.0746706763922,0.074329558638,0.0742954468626,0.074329558638,0.0741248879855,0.0734767642525,0.0735790995788,0.0736473231296,0.0740225526592,0.0741931115363,0.0739543291084,0.0738519937821,0.0736473231296,0.0739202173329,0.0738519937821,0.07409077621,0.0738178820067,0.0738861055575,0.0738519937821,0.0742954468626,0.0740566644346,0.0741931115363,0.07409077621,0.0741931115363,0.0742272233117,0.0737155466804,0.07409077621,0.0739543291084,0.07409077621,0.0743977821888,0.0743977821888,0.0743977821888,0.0739543291084,0.0739543291084,0.0738178820067,0.0736132113542,0.0735108760279,0.0733403171508,0.0731356464983,0.0733403171508,0.0732720936,0.0734085407017,0.0736473231296,0.0740566644346,0.07409077621,0.0735108760279,0.0735108760279,0.0733062053754,0.0731697582737,0.072862752295,0.0729309758458,0.072623969867,0.0724875227653,0.072214628562,0.0723169638883,0.0726580816424,0.0729991993966,0.073033311172,0.0729309758458,0.0731356464983,0.0736132113542,0.0733062053754,0.0734767642525,0.0731697582737,0.0732038700491,0.0735790995788,0.0740225526592,0.07409077621,0.074329558638,0.0745001175151,0.0745001175151,0.0746365646167,0.0748753470447,0.075148241248,0.0751141294726,0.0749435705955,0.0746024528413,0.0741248879855,0.074329558638,0.0746365646167,0.0747047881676,0.0742272233117,0.0743636704134,0.0744660057396,0.0745001175151,0.0750459059218,0.0754211354514,0.0750800176972,0.0755575825531,0.0755575825531,0.0763421533877,0.0763080416123,0.0760351474089,0.0763762651631,0.0761374827352,0.0759328120827,0.0758304767564,0.075796364981,0.0754893590022,0.0758987003072,0.0764103769385,0.0767173829173,0.0770585006715,0.0770585006715,0.0773996184257,0.0772972830994,0.0774337302011,0.0771949477732,0.0771267242223,0.0771267242223,0.0771949477732,0.0770243888961,0.0772290595486,0.0771949477732,0.0771267242223,0.0774337302011,0.077263171324,0.0770243888961,0.0769220535698,0.076853830019,0.0768197182436,0.0764103769385,0.0762398180614,0.0759328120827,0.0757622532056,0.0756258061039,0.0758304767564,0.0754552472268,0.0749094588201,0.0750800176972,0.0749776823709,0.0750800176972,0.0749094588201,0.074738899943,0.0744318939642,0.0742954468626,0.0740225526592,0.0737155466804,0.0735108760279,0.073681434905,0.0738519937821,0.0741589997609,0.0739202173329,0.0742272233117,0.0740566644346,0.074329558638,0.0738519937821,0.0739884408838,0.0739543291084,0.0737496584558,0.0735108760279,0.0734426524771,0.0737155466804,0.0731015347229,0.072862752295,0.0730674229475,0.0730674229475,0.0731015347229,0.0727263051933,0.0727263051933,0.0728968640704,0.073033311172,0.0729991993966,0.0735449878033,0.0737496584558,0.0737155466804,0.0740566644346,0.0736132113542,0.0737837702313,0.0736132113542,0.0733744289262,0.0734767642525,0.073681434905,0.0739884408838,0.0739202173329,0.0742954468626,0.0743636704134,0.0741589997609,0.0742272233117,0.0741589997609,0.0741931115363,0.0747047881676,0.0749776823709,0.0746706763922,0.0749776823709,0.0751823530234,0.0750117941464,0.075387023676,0.0754893590022,0.0757281414301,0.0757622532056,0.0759328120827,0.0761374827352,0.0765809358156,0.0768197182436,0.0770243888961,0.0771608359977,0.0771267242223,0.0771267242223,0.0770926124469,0.0774678419765,0.0775360655274,0.0779795186078,0.0785253070145,0.0790028718704,0.0796168838279,0.0800262251329,0.0800944486838,0.0800944486838,0.0802991193363,0.0807425724167,0.0808107959676,0.0813565843743,0.0812201372726,0.0820047081072,0.0819364845564,0.0821070434335,0.0824481611877,0.0826187200648,0.0828233907173,0.0828916142681,0.0833350673486,0.0833009555732,0.0834032908994,0.0842219735095,0.0841878617341,0.0841196381832,0.0841537499586,0.0841196381832,0.0841537499586,0.0841878617341,0.0840855264078,0.0842560852849,0.0843925323866,0.0845289794882,0.0849383207933,0.0851088796704,0.0853817738737,0.0856205563017,0.0862686800346,0.0859275622804,0.0859616740558,0.0864733506871,0.0864392389117,0.0871896979709,0.0876331510514,0.0873943686234,0.0880424923564,0.0881448276827,0.088008380581,0.0880766041318,0.0883153865598,0.088417721886,0.088827063191,0.0893728515977,0.0893046280469,0.0894410751486,0.0897821929028,0.0900891988815,0.0900550871061,0.0908396579408,0.090941993267,0.0908737697162,0.0912148874704,0.0912831110212,0.0914195581229,0.0917606758771,0.0918288994279,0.0917265641017,0.0912489992458,0.0912489992458,0.0909078814916,0.0909078814916,0.0908737697162,0.0905667637374,0.0904303166357,0.0902938695341,0.090532651962,0.0910443285933,0.0912489992458,0.0912148874704,0.0921017936313,0.0918971229787,0.0921017936313,0.0921700171821,0.0927499173642,0.0931933704447,0.0934321528726,0.0935003764234,0.0937732706268,0.0939779412793,0.0941485001564,0.0935003764234,0.093466264648,0.0934321528726,0.0936709353005,0.0941485001564,0.0941826119318,0.0943190590335,0.0943872825843,0.0942167237072,0.0945578414614,0.0948989592156,0.0950695180927,0.094933070991,0.0952400769698,0.0955470829486,0.0957176418257,0.0965704362112,0.0965022126603,0.0963657655586,0.0963998773341,0.095990536029,0.0963316537832,0.0964339891095,0.095990536029,0.096229318457,0.0966727715374,0.0968433304145,0.0971503363933,0.0976279012491,0.0972867834949,0.0971162246179,0.0971503363933,0.0973550070458,0.0973891188212,0.0975937894737,0.0979349072279,0.097457342372,0.0975255659229,0.0981395778804,0.0983101367575,0.0986853662871,0.0992311546938,0.0998792784268,0.099981613753,0.0999133902022,0.100322731507,0.0996746077743,0.100083949079,0.0998451666514,0.100049837304,0.100697961037,0.101073190566,0.101141414117,0.100800296363,0.100561513935,0.100425066833,0.0999475019776,0.0997428313251,0.0995040488972,0.0992993782447,0.0994699371218,0.0992993782447,0.0989241487151,0.098753589838,0.0990605958167,0.0990947075922,0.0994358253463,0.0994699371218,0.0998451666514,0.0997769431005,0.100186284406,0.100186284406,0.100254507956,0.100083949079,0.100390955058,0.100493290384,0.100663849261,0.100425066833,0.0999475019776,0.0998792784268,0.099981613753,0.0994699371218,0.0996404959989,0.0993334900201,0.0987194780625,0.099162931143,0.0993334900201,0.0994017135709,0.0994699371218,0.0993334900201,0.0997428313251,0.100220396181,0.0999133902022,0.0998451666514,0.10015217263,0.100049837304,0.0999133902022,0.100254507956,0.100459178609,0.10052740216,0.100629737486,0.100834408139,0.10052740216,0.100390955058,0.100220396181,0.100083949079,0.0996063842234,0.0998451666514,0.0999133902022,0.100118060855,0.0996404959989,0.100322731507,0.100595625711,0.100663849261,0.101311972994,0.101243749444,0.101823649626,0.101550755422,0.101755426075,0.102062432054,0.102471773359,0.102778779337,0.103051673541,0.103017561765,0.103597461947,0.1038021326,0.104347921007,0.10499604474,0.105098380066,0.105132491841,0.105951174451,0.106599298184,0.107042751265,0.106838080612,0.107179198366,