# R script for Peak Model
#  -- generated by MACS
p <- c(0.0361214845595,0.0369710989505,0.0381811558103,0.0389792784199,0.0399318763734,0.0408072366549,0.0417598346084,0.042841162015,0.0437165222966,0.0446948661407,0.0456474640941,0.0466000620476,0.0477586271261,0.048891446314,0.04994702783,0.0506679127678,0.0516205107212,0.0528820593623,0.0540148785502,0.0548902388318,0.0556626155508,0.0568726724106,0.0578767621453,0.0589580895519,0.0597819580522,0.0607345560057,0.0616099162872,0.0626397519126,0.0633348909597,0.064441964257,0.0653173245385,0.0665016355077,0.0674799793518,0.0685098149772,0.0684068314146,0.0682781019615,0.0684840690865,0.0683038478521,0.0682266101802,0.0682266101802,0.0681751183989,0.0681493725083,0.0680206430551,0.0679691512738,0.0679948971645,0.0678919136019,0.0676602005862,0.0677116923675,0.0680721348364,0.0677889300394,0.0678661677113,0.0678661677113,0.068097880727,0.0684583231959,0.0685613067584,0.0687672738835,0.0687415279929,0.0685098149772,0.0686127985397,0.0686900362116,0.0689474951179,0.0687930197741,0.0688445115554,0.0685613067584,0.0684068314146,0.0685870526491,0.0684840690865,0.0685870526491,0.0682008642895,0.0683553396334,0.0680206430551,0.0683295937427,0.0683553396334,0.0684325773053,0.0685870526491,0.0685613067584,0.0687415279929,0.0687672738835,0.0688445115554,0.0691792081336,0.0691792081336,0.069153462243,0.0692306999149,0.0694881588213,0.0696426341651,0.0696426341651,0.0694881588213,0.0698486012901,0.0700288225246,0.0699000930714,0.0701060601965,0.0701575519777,0.0704665026653,0.0703892649934,0.0704665026653,0.070698215681,0.0710071663687,0.0708011992436,0.070981420478,0.0705952321185,0.0706467238998,0.0706467238998,0.0705694862279,0.0704407567747,0.0706467238998,0.0707239615717,0.0710071663687,0.070981420478,0.0711616417125,0.0710586581499,0.0714448465094,0.0717795430877,0.0719855102128,0.0720884937753,0.0722429691191,0.072320206791,0.0721657314472,0.072320206791,0.0720884937753,0.0720884937753,0.0717023054158,0.071264625275,0.071264625275,0.0714191006188,0.0714963382907,0.0719855102128,0.0722172232285,0.0721657314472,0.0720112561034,0.0721399855566,0.0720627478847,0.0722687150097,0.0720884937753,0.072320206791,0.0725004280254,0.0724489362442,0.072603411588,0.0724746821348,0.072603411588,0.0724746821348,0.0723459526816,0.0722429691191,0.0720112561034,0.0720112561034,0.0719855102128,0.0718567807596,0.0716765595251,0.0713933547282,0.0714448465094,0.0714963382907,0.0712131334937,0.0713676088375,0.0713676088375,0.0710071663687,0.0710844040406,0.0710844040406,0.0711616417125,0.0709299286968,0.0707497074623,0.0705694862279,0.070492248556,0.0706724697904,0.0708269451342,0.070698215681,0.0709041828061,0.0711616417125,0.0711616417125,0.0715735759626,0.0717023054158,0.0717023054158,0.0717795430877,0.0718052889783,0.0715735759626,0.0716250677439,0.0714448465094,0.0712131334937,0.0707239615717,0.070981420478,0.0708784369155,0.0709041828061,0.0705694862279,0.070492248556,0.0702347896496,0.0704150108841,0.0705694862279,0.0708269451342,0.0708526910249,0.070981420478,0.0712388793844,0.0713676088375,0.0713933547282,0.0715220841813,0.0720627478847,0.0717795430877,0.071753797197,0.0719855102128,0.0720627478847,0.0722172232285,0.0725519198067,0.072603411588,0.0727321410411,0.0725261739161,0.0724746821348,0.0724746821348,0.0725519198067,0.0726291574786,0.0725776656973,0.0726549033692,0.0726549033692,0.0727836328224,0.0732213129632,0.0730410917287,0.072809378713,0.0730668376194,0.0729895999475,0.0732728047445,0.0731440752913,0.0732728047445,0.0734787718695,0.0735045177602,0.0734272800883,0.0737104848852,0.0736332472133,0.0738134684478,0.0739936896822,0.074431369823,0.0745343533855,0.0741739109166,0.0743541321511,0.0742254026979,0.0739936896822,0.0740451814635,0.0738392143384,0.0739936896822,0.0740709273541,0.0735817554321,0.0737619766665,0.0740709273541,0.0741996568073,0.0742254026979,0.074431369823,0.0743798780417,0.0746373369481,0.0747660664012,0.0749977794169,0.0751780006514,0.0752809842139,0.0752294924326,0.0752552383233,0.0753067301045,0.0759503773704,0.0758216479172,0.0757959020266,0.0755899349015,0.0758216479172,0.0757959020266,0.0758731396985,0.0761563444955,0.076259328058,0.075976123261,0.0753067301045,0.0754612054483,0.0757444102453,0.0758988855891,0.0764138034018,0.076259328058,0.0762850739486,0.0762078362767,0.0763880575112,0.0760276150423,0.0761048527142,0.0764395492924,0.076542532855,0.0768514835426,0.0772376719021,0.0775208766991,0.0780100486211,0.0781387780743,0.0780357945117,0.0782675075275,0.0786794417776,0.0787566794495,0.0789626465746,0.0787309335589,0.0791171219184,0.0791943595903,0.0794775643873,0.0794775643873,0.0798637527468,0.0798894986374,0.0800697198718,0.0801212116531,0.0803014328875,0.0807391130283,0.0809965719347,0.0818719322162,0.0820521534507,0.0824125959195,0.0826443089352,0.082592817154,0.0826958007165,0.0828502760603,0.0832107185292,0.0837256363419,0.0837513822325,0.0836226527793,0.0835454151074,0.0837771281231,0.0842405541546,0.0848069637485,0.0848584555298,0.0850129308736,0.0854248651237,0.0856565781394,0.0858110534832,0.0860170206083,0.0866091760929,0.0869696185618,0.0869696185618,0.0871240939056,0.0872785692494,0.0876390117182,0.087587519937,0.0877162493901,0.0879737082965,0.0879222165152,0.0881024377497,0.0885658637811,0.089132273375,0.0895442076252,0.089698682969,0.0898789042034,0.0899561418753,0.0902136007816,0.090187854891,0.0905482973599,0.0908057562662,0.0911919446257,0.0914494035321,0.0915008953133,0.0915008953133,0.0921702884698,0.0924534932668,0.09258222272,0.0926594603919,0.0930456487514,0.0931228864233,0.0935605665641,0.0934318371109,0.0934833288922,0.0941527220487,0.0942299597206,0.0943071973925,0.0944616727363,0.0942557056112,0.0947963693145,0.0949508446583,0.0954915083616,0.095748967268,0.0954142706897,0.0956202378148,0.0955944919242,0.095748967268,0.0956202378148,0.0958519508305,0.0961866474087,0.09623813919,0.0965470898776,0.096804548784,0.096521343987,0.0962896309713,0.096521343987,0.0967530570027,0.0969847700184,0.0972679748154,0.0973452124873,0.0971649912528,0.0968817864559,0.0969590241278,0.0970620076903,0.0969332782371,0.0968302946746,0.0967015652214,0.0971392453622,0.0973452124873,0.0975254337217,0.097576925503,0.0979888597531,0.0979373679719,0.0980403515344,0.0986582529096,0.0987612364721,0.0989414577066,0.0990959330504,0.0992761542848,0.0991731707223,0.0991989166129,0.0985810152377,0.0984780316752,0.0986582529096,0.0985037775658,0.0987097446909,0.0989414577066,0.0988127282534,0.0986582529096,0.0991474248317,0.0988127282534,0.0987612364721,0.0988642200347,0.0984265398939,0.098066097425,0.0982978104407,0.0981433350969,0.0982463186595,0.0984780316752,0.0986067611283,0.0988899659253,0.0989929494878,0.098838474144,0.0992504083942,0.0991731707223,0.0988899659253,0.0991731707223,0.0990444412691,0.0990959330504,0.0985037775658,0.0984007940033,0.0987354905815,0.0985552693471,0.0981433350969,0.0982205727688,0.0981690809876,0.0979888597531,0.0978343844093,0.0981175892063,0.0981948268782,0.0981690809876,0.0986067611283,0.0986582529096,0.0989157118159,0.0987354905815,0.0990701871598,0.0989414577066,0.0991474248317,0.0990959330504,0.0994306296286,0.0996623426443,0.0996623426443,0.099688088535,0.100048531004,0.100614940598,0.10028024402,0.0998168179881,0.0995336131912,0.0995078673005,0.0992504083942,0.0996108508631,0.100203006348,0.100125768676,0.100151514566,0.0998425638788,0.0997395803162,0.0997395803162,0.100254498129,0.100563448817,0.101078366629,0.101361571426,0.101490300879,0.101619030333,0.101644776223,0.101464554989,0.101902235129,0.102185439926,0.102030964583,0.102442898833,0.102262677598,0.102262677598,0.102082456364,0.102648865958,0.102571628286,0.102674611849,0.102648865958,0.102262677598,0.102056710473,0.102365661161,0.102468644723,0.102417152942,0.102391407052,0.102211185817,0.10272610363,0.102854833083,0.102932070755,0.103112291989,0.103833176927,0.104554061865,0.10476002899,0.104785774881,0.105377930365,0.105635389271,0.106201798865,0.106562241334,0.107231634491,