# R script for Peak Model
#  -- generated by MACS
p <- c(0.032151076215,0.0328279409774,0.032997157168,0.034689319074,0.0355354000271,0.0362122647895,0.0367199133613,0.0375659943143,0.0377352105049,0.0387505076486,0.0401042371734,0.041119534317,0.0423040476513,0.0429809124137,0.0436577771761,0.0445038581291,0.0451807228916,0.0460268038446,0.0468728847976,0.0482266143225,0.0497495600379,0.0504264248003,0.0509340733721,0.0521185867064,0.0527954514688,0.0536415324218,0.0549952619467,0.0553336943279,0.0565182076621,0.0573642886151,0.0582103695682,0.05871801814,0.0599025314742,0.0605793962366,0.0614254771897,0.0624407743333,0.0622715581427,0.0615946933803,0.0622715581427,0.0626099905239,0.0626099905239,0.0622715581427,0.0619331257615,0.0617639095709,0.0612562609991,0.0614254771897,0.0626099905239,0.0624407743333,0.0622715581427,0.0629484229051,0.0624407743333,0.0621023419521,0.0627792067145,0.0632868552863,0.0629484229051,0.0631176390957,0.0624407743333,0.0627792067145,0.0622715581427,0.0639637200487,0.0646405848112,0.0641329362393,0.0639637200487,0.0644713686205,0.0653174495736,0.0646405848112,0.0644713686205,0.0656558819548,0.0656558819548,0.0656558819548,0.0665019629078,0.0666711790984,0.067686476242,0.067686476242,0.0678556924327,0.067686476242,0.0690402057669,0.0692094219575,0.0695478543387,0.0695478543387,0.0693786381481,0.0690402057669,0.0681941248139,0.0678556924327,0.0675172600514,0.067686476242,0.0675172600514,0.0680249086233,0.067686476242,0.067686476242,0.0666711790984,0.0666711790984,0.066840395289,0.0665019629078,0.0670096114796,0.0671788276702,0.066840395289,0.0666711790984,0.0666711790984,0.0666711790984,0.0665019629078,0.0670096114796,0.066840395289,0.0663327467172,0.0666711790984,0.0666711790984,0.0663327467172,0.065994314336,0.0656558819548,0.0653174495736,0.0654866657642,0.0648098010018,0.0646405848112,0.0648098010018,0.0649790171924,0.065148233383,0.0643021524299,0.0643021524299,0.0631176390957,0.0624407743333,0.0626099905239,0.0626099905239,0.0619331257615,0.0609178286178,0.0612562609991,0.0610870448084,0.0610870448084,0.0600717476648,0.0599025314742,0.0583795857588,0.0577027209963,0.0573642886151,0.0580411533776,0.0577027209963,0.0580411533776,0.057871937187,0.057871937187,0.0573642886151,0.0577027209963,0.0580411533776,0.0575335048057,0.0573642886151,0.0573642886151,0.0560105590903,0.0560105590903,0.0560105590903,0.0546568295655,0.0543183971842,0.0546568295655,0.0541491809936,0.0543183971842,0.0544876133748,0.0549952619467,0.0555029105185,0.0555029105185,0.0555029105185,0.0560105590903,0.0556721267091,0.0556721267091,0.0553336943279,0.0556721267091,0.0556721267091,0.0556721267091,0.0556721267091,0.0551644781373,0.0549952619467,0.0555029105185,0.0560105590903,0.0555029105185,0.0551644781373,0.0558413428997,0.0558413428997,0.0558413428997,0.0563489914715,0.0560105590903,0.0548260457561,0.0549952619467,0.0553336943279,0.0546568295655,0.0548260457561,0.0551644781373,0.0558413428997,0.0558413428997,0.0553336943279,0.0563489914715,0.0558413428997,0.0558413428997,0.0560105590903,0.0566874238527,0.0568566400433,0.0561797752809,0.0565182076621,0.0571950724245,0.0573642886151,0.0565182076621,0.0560105590903,0.0555029105185,0.0555029105185,0.0553336943279,0.0556721267091,0.0565182076621,0.0563489914715,0.0558413428997,0.0546568295655,0.0533031000406,0.0543183971842,0.0546568295655,0.0551644781373,0.0548260457561,0.0543183971842,0.0541491809936,0.0543183971842,0.0541491809936,0.0549952619467,0.0544876133748,0.0546568295655,0.0549952619467,0.0544876133748,0.0541491809936,0.0538107486124,0.0534723162312,0.05313388385,0.05313388385,0.0524570190876,0.0536415324218,0.0534723162312,0.05313388385,0.0534723162312,0.053979964803,0.0538107486124,0.0538107486124,0.0544876133748,0.0546568295655,0.0546568295655,0.0551644781373,0.0548260457561,0.0546568295655,0.0548260457561,0.0553336943279,0.0555029105185,0.0561797752809,0.0556721267091,0.0560105590903,0.0560105590903,0.0561797752809,0.0560105590903,0.0561797752809,0.0563489914715,0.0565182076621,0.0561797752809,0.0556721267091,0.0555029105185,0.0556721267091,0.0570258562339,0.0560105590903,0.0560105590903,0.0561797752809,0.0556721267091,0.0551644781373,0.0551644781373,0.0556721267091,0.0556721267091,0.0565182076621,0.0568566400433,0.0583795857588,0.0588872343306,0.0590564505212,0.0599025314742,0.0614254771897,0.0607486124272,0.0607486124272,0.0615946933803,0.0621023419521,0.0631176390957,0.0643021524299,0.0644713686205,0.0654866657642,0.0643021524299,0.0653174495736,0.0666711790984,0.0675172600514,0.0687017733857,0.0692094219575,0.0697170705293,0.0705631514823,0.0710708000541,0.0714092324354,0.0729321781508,0.0736090429132,0.0742859076756,0.074116691485,0.0742859076756,0.0753012048193,0.0773317991065,0.0773317991065,0.0785163124408,0.0802084743468,0.080546906728,0.0819006362529,0.0830851495871,0.0839312305401,0.0846080953026,0.085284960065,0.0866386895898,0.0871463381616,0.0874847705428,0.0881616353053,0.0890077162583,0.0895153648301,0.0906998781643,0.0898537972113,0.0905306619737,0.0905306619737,0.0918843914986,0.0923920400704,0.0937457695952,0.0947610667389,0.0950994991201,0.0957763638825,0.0979761743604,0.0979761743604,0.0986530391228,0.0996683362664,0.0993299038852,0.100514417219,0.101868146744,0.102545011507,0.103898741032,0.104575605794,0.105760119128,0.1062677677,0.106775416272,0.106098551509,0.106436983891,0.105252470556,0.106098551509,0.107113848653,0.107452281034,0.107452281034,0.108806010559,0.108298361987,0.10914444294,0.108636794368,0.10897522675,0.108467578178,0.108636794368,0.108129145797,0.108636794368,0.107621497225,0.106436983891,0.1062677677,0.105929335319,0.105760119128,0.106098551509,0.106098551509,0.106098551509,0.105929335319,0.105421686747,0.104744821985,0.105252470556,0.105929335319,0.106775416272,0.105421686747,0.104575605794,0.104067957222,0.102883443888,0.102037362935,0.102037362935,0.10068363341,0.100514417219,0.100006768648,0.0988222553134,0.0984838229322,0.0969608772167,0.0969608772167,0.0966224448355,0.0959455800731,0.0956071476919,0.0957763638825,0.0949302829295,0.0952687153107,0.0950994991201,0.0952687153107,0.0947610667389,0.0944226343577,0.0932381210234,0.0923920400704,0.0930689048328,0.0939149857858,0.0922228238798,0.0923920400704,0.092561256261,0.0922228238798,0.0920536076892,0.092561256261,0.0927304724516,0.0922228238798,0.0922228238798,0.0923920400704,0.0920536076892,0.0922228238798,0.0918843914986,0.0913767429268,0.0905306619737,0.0912075267362,0.091715175308,0.091715175308,0.091715175308,0.0910383105456,0.0898537972113,0.0898537972113,0.0883308514959,0.0901922295925,0.0900230134019,0.0901922295925,0.0901922295925,0.0906998781643,0.0918843914986,0.0923920400704,0.0927304724516,0.0922228238798,0.0923920400704,0.0920536076892,0.0913767429268,0.0913767429268,0.0927304724516,0.0930689048328,0.0928996886422,0.093407337214,0.0940842019764,0.0947610667389,0.0962840124543,0.0978069581698,0.0984838229322,0.098991471504,0.0994991200758,0.0996683362664,0.0993299038852,0.100514417219,0.099837552457,0.099837552457,0.101022065791,0.101022065791,0.102037362935,0.101698930554,0.102375795316,0.102883443888,0.103052660079,0.103052660079,0.103729524841,0.104067957222,0.104744821985,0.104914038175,0.106098551509,0.1062677677,0.107959929606,0.108298361987,0.108467578178,0.108636794368,0.110159740084,0.110667388656,0.111344253418,0.112021118181,0.113544063896,0.113205631515,0.112867199134,0.112867199134,0.113036415324,0.114051712468,0.114220928658,0.113544063896,0.11455936104,0.115067009611,0.116589955327,0.117097603899,0.116928387708,0.117097603899,0.118112901042,0.118620549614,0.118620549614,0.119805062948,0.120481927711,0.12031271152,0.120651143901,0.120989576283,0.121497224854,0.120989576283,0.12031271152,0.119974279139,0.121158792473,0.122512521998,0.122681738189,0.123866251523,0.124543116285,0.124204683904,0.122174089617,0.122343305807,0.123527819142,0.124035467714,0.123527819142,0.12302017057,0.122343305807,0.123358602951,0.123697035332,0.124712332476,0.125050764857,