# R script for Peak Model
#  -- generated by MACS
p <- c(0.0286541161638,0.0294081718523,0.0304638498162,0.0310670943671,0.032122772331,0.0330276391572,0.0331784502949,0.0345357505342,0.0360438619113,0.0363454841867,0.0372503510129,0.0384568401146,0.0392108958031,0.0399649514916,0.0405681960424,0.0413222517309,0.0422271185572,0.0426795519703,0.0432827965211,0.0446400967604,0.0455449635867,0.0459973969998,0.0466006415506,0.0475055083768,0.0481087529276,0.0496168643047,0.0508233534063,0.0515774090948,0.0518790313702,0.0523314647833,0.0533871427473,0.0539903872981,0.0547444429866,0.0551968763997,0.0564033655013,0.0573082323276,0.0577606657407,0.0583639102915,0.0577606657407,0.0577606657407,0.0573082323276,0.0574590434653,0.0573082323276,0.0565541766391,0.0571574211899,0.0574590434653,0.0573082323276,0.0577606657407,0.0579114768784,0.0579114768784,0.0580622880161,0.0583639102915,0.0580622880161,0.0579114768784,0.0573082323276,0.0570066100522,0.0565541766391,0.0556493098128,0.0559509320882,0.0553476875374,0.0551968763997,0.0551968763997,0.0545936318489,0.0548952541243,0.0541411984358,0.0536887650227,0.0538395761604,0.0538395761604,0.0536887650227,0.0541411984358,0.0541411984358,0.0544428207112,0.0556493098128,0.0559509320882,0.0561017432259,0.0558001209505,0.0556493098128,0.0559509320882,0.0556493098128,0.0548952541243,0.0554984986751,0.0548952541243,0.0544428207112,0.0548952541243,0.0547444429866,0.0544428207112,0.0542920095735,0.0541411984358,0.0538395761604,0.0541411984358,0.0539903872981,0.0541411984358,0.0544428207112,0.0538395761604,0.0533871427473,0.0547444429866,0.0551968763997,0.0551968763997,0.0556493098128,0.0547444429866,0.0544428207112,0.0545936318489,0.0547444429866,0.0553476875374,0.0547444429866,0.0544428207112,0.0541411984358,0.0545936318489,0.0545936318489,0.0548952541243,0.0559509320882,0.0561017432259,0.0559509320882,0.0567049877768,0.0568557989145,0.0567049877768,0.0568557989145,0.0571574211899,0.0571574211899,0.0564033655013,0.0568557989145,0.0571574211899,0.0571574211899,0.0564033655013,0.0562525543636,0.0558001209505,0.0559509320882,0.0559509320882,0.0562525543636,0.0577606657407,0.0577606657407,0.0582130991538,0.0580622880161,0.0583639102915,0.0588163437046,0.0585147214292,0.0585147214292,0.0585147214292,0.0594195882554,0.0597212105308,0.0603244550817,0.0604752662194,0.0604752662194,0.0604752662194,0.060173643944,0.060173643944,0.0597212105308,0.0595703993931,0.0595703993931,0.0598720216685,0.0597212105308,0.05911796598,0.0588163437046,0.0597212105308,0.0598720216685,0.0604752662194,0.060173643944,0.0603244550817,0.0613801330456,0.0609276996325,0.0612293219079,0.0612293219079,0.0618325664587,0.0622849998718,0.0618325664587,0.061681755321,0.0613801330456,0.0609276996325,0.0612293219079,0.0604752662194,0.0604752662194,0.0600228328062,0.0604752662194,0.0604752662194,0.060173643944,0.0600228328062,0.0603244550817,0.0603244550817,0.0604752662194,0.0613801330456,0.061681755321,0.0613801330456,0.0607768884948,0.0600228328062,0.0586655325669,0.0582130991538,0.0586655325669,0.0582130991538,0.057609854603,0.057609854603,0.0568557989145,0.0567049877768,0.0565541766391,0.0573082323276,0.0571574211899,0.057609854603,0.0570066100522,0.0571574211899,0.0567049877768,0.0568557989145,0.0570066100522,0.0570066100522,0.0568557989145,0.0567049877768,0.0561017432259,0.0564033655013,0.0564033655013,0.0561017432259,0.0556493098128,0.0565541766391,0.0564033655013,0.0567049877768,0.0559509320882,0.0554984986751,0.0545936318489,0.0547444429866,0.0553476875374,0.0551968763997,0.0551968763997,0.0545936318489,0.0547444429866,0.0542920095735,0.0539903872981,0.0539903872981,0.0538395761604,0.0548952541243,0.0554984986751,0.0553476875374,0.0558001209505,0.0554984986751,0.0554984986751,0.0553476875374,0.0541411984358,0.0542920095735,0.0544428207112,0.0548952541243,0.0553476875374,0.0547444429866,0.055046065262,0.0553476875374,0.0559509320882,0.0573082323276,0.0573082323276,0.0568557989145,0.0567049877768,0.0574590434653,0.0562525543636,0.0570066100522,0.0573082323276,0.0577606657407,0.0577606657407,0.0577606657407,0.0585147214292,0.0585147214292,0.05911796598,0.0597212105308,0.0597212105308,0.0597212105308,0.0609276996325,0.0610785107702,0.0615309441833,0.0618325664587,0.063189866698,0.0637931112489,0.0648487892128,0.0662060894521,0.0665077117275,0.0665077117275,0.0671109562783,0.0663569005898,0.067261767416,0.0686190676554,0.0696747456193,0.0710320458587,0.0713336681341,0.0714844792718,0.0714844792718,0.0713336681341,0.0734450240619,0.0740482686127,0.0743498908881,0.0748023243013,0.0760088134029,0.0757071911275,0.0766120579537,0.0766120579537,0.0775169247799,0.0784217916062,0.0791758472947,0.0793266584324,0.080533147534,0.0809855809471,0.0817396366356,0.0832477480127,0.0838509925635,0.0847558593897,0.0864147819045,0.0868672153176,0.0880737044192,0.0874704598684,0.0888277601077,0.0889785712454,0.0892801935209,0.0891293823831,0.0895818157963,0.0901850603471,0.0913915494487,0.0915423605864,0.0924472274126,0.0930504719635,0.0925980385503,0.0941061499274,0.0939553387897,0.0947093944782,0.0941061499274,0.0935029053766,0.0942569610651,0.0965191281307,0.0974239949569,0.0981780506454,0.0990829174716,0.0990829174716,0.0999877842978,0.100440217711,0.10179751795,0.101043462262,0.10179751795,0.102249951363,0.10179751795,0.102702384777,0.103607251603,0.104512118429,0.104813740704,0.105718607531,0.106623474357,0.106472663219,0.105567796393,0.106020229806,0.106774285495,0.106623474357,0.106774285495,0.106623474357,0.105869418668,0.106321852081,0.106623474357,0.106774285495,0.107980774596,0.107226718908,0.108131585734,0.107829963458,0.108433208009,0.108734830285,0.107829963458,0.109338074836,0.110695375075,0.110846186213,0.109338074836,0.108433208009,0.108282396872,0.108282396872,0.10903645256,0.109488885973,0.110242941662,0.110846186213,0.110393752799,0.110846186213,0.110846186213,0.110544563937,0.110544563937,0.11099699735,0.111147808488,0.11235429759,0.112505108727,0.112806731003,0.111901864176,0.111901864176,0.111298619626,0.111751053039,0.111449430763,0.112052675314,0.112203486452,0.11295754214,0.112655919865,0.112806731003,0.112655919865,0.112203486452,0.113560786691,0.113711597829,0.115370520344,0.116124576032,0.115973764894,0.114767275793,0.114465653517,0.114616464655,0.115370520344,0.115822953757,0.117331065134,0.118085120822,0.117481876272,0.119593232199,0.119894854475,0.119291609924,0.120347287888,0.12019647675,0.12019647675,0.12019647675,0.120347287888,0.119894854475,0.12019647675,0.120498099026,0.121101343576,0.121101343576,0.119894854475,0.12019647675,0.120045665612,0.120799721301,0.122006210403,0.123665132917,0.123966755193,0.123815944055,0.12215702154,0.122307832678,0.121704588127,0.12351432178,0.12351432178,0.12351432178,0.124569999744,0.123061888367,0.122307832678,0.123212699504,0.123815944055,0.124871622019,0.125173244294,0.127133789085,0.126228922258,0.125927299983,0.125927299983,0.125927299983,0.125927299983,0.125776488845,0.125625677708,0.126681355671,0.126982977947,0.127887844773,0.127284600222,0.126379733396,0.125927299983,0.126681355671,0.127284600222,0.127586222498,0.128641900462,0.129245145012,0.129999200701,0.129094333875,0.129697578426,0.130904067527,0.13135650094,0.131959745491,0.132562990042,0.132412178904,0.132412178904,0.132261367767,0.133015423455,0.134221912557,0.136182457347,0.137238135311,0.138143002137,0.137841379862,0.137539757586,0.138444624412,0.136785701898,0.136484079622,0.137841379862,0.137690568724,0.13859543555,0.139801924652,0.140706791478,0.140857602616,0.142064091717,0.14251652513,0.143119769681,0.144778692196,0.144778692196,0.145080314471,0.145381936747,0.146739236986,0.147945726088,0.147945726088,0.148850592914,0.149453837465,0.149604648603,0.149303026327,0.149303026327,0.150509515429,0.151866815668,0.153224115907,0.153827360458,0.153978171596,0.155335471835,0.156391149799,0.157145205488,0.158200883452,0.159558183691,0.159407372553,0.160463050517,0.161367917343,0.16287602872,0.161820350757,0.163479273271,0.164836573511,