# R script for Peak Model
#  -- generated by MACS
p <- c(0.0195271550113,0.0207373806987,0.0216859359673,0.0226672000382,0.0236484641091,0.0246951457848,0.0257745362628,0.0269193443455,0.0279006084164,0.028849163685,0.0298304277559,0.0309098182339,0.0316621206883,0.0326106759568,0.0337554840396,0.0347040393081,0.0357507209838,0.03666656745,0.03666656745,0.0365357322405,0.0364048970311,0.0361759354145,0.0362740618216,0.0365684410429,0.0361105178098,0.0362086442169,0.0363394794263,0.0362740618216,0.0364376058334,0.0368301114618,0.0369609466712,0.0373207434972,0.0373207434972,0.0374515787067,0.0378113755327,0.0377786667303,0.0377132491256,0.0376478315209,0.0375497051138,0.0375497051138,0.0375497051138,0.0380403371493,0.0381711723587,0.0378767931374,0.0378440843351,0.0378113755327,0.0382365899634,0.038105754754,0.0382365899634,0.0383674251729,0.038105754754,0.0380730459516,0.0382365899634,0.0382038811611,0.0383347163705,0.0384001339753,0.0383347163705,0.0388580572083,0.0386290955918,0.0383674251729,0.0385636779871,0.0386290955918,0.03846555158,0.0387272219989,0.0384328427776,0.0381384635563,0.03846555158,0.0379095019398,0.0376805403232,0.0374842875091,0.0371244906831,0.0374188699043,0.0373207434972,0.0374515787067,0.0376151227185,0.0380076283469,0.0383674251729,0.0380730459516,0.0377786667303,0.0380730459516,0.0382365899634,0.0383020075682,0.0379422107422,0.0380076283469,0.0385309691847,0.0384328427776,0.0388907660107,0.0389561836154,0.0391197276273,0.0393486892438,0.0393159804414,0.0396103596627,0.0396103596627,0.0394468156509,0.0393486892438,0.0393159804414,0.0391524364296,0.0390543100225,0.0389234748131,0.0391197276273,0.0394141068485,0.0392832716391,0.0390870188249,0.0392832716391,0.0393159804414,0.0393813980462,0.0392178540344,0.0389234748131,0.0389234748131,0.03846555158,0.0386945131965,0.038105754754,0.0378113755327,0.0376805403232,0.0380730459516,0.0381711723587,0.0379749195445,0.0379749195445,0.0379749195445,0.0381384635563,0.0378113755327,0.0380730459516,0.0377132491256,0.0378440843351,0.0372880346949,0.0372226170902,0.0372880346949,0.0373207434972,0.0376151227185,0.0380730459516,0.0385636779871,0.0387599308013,0.0388580572083,0.0391197276273,0.0393159804414,0.0395776508604,0.0397411948722,0.0400682828958,0.0402972445124,0.0400355740935,0.0404280797218,0.0402972445124,0.0402972445124,0.0401991181053,0.0404934973265,0.0406897501407,0.0402972445124,0.0405916237336,0.0404280797218,0.0407224589431,0.0405262061289,0.0404280797218,0.0404607885242,0.0406570413384,0.0404280797218,0.0403953709195,0.0401337005005,0.04026453571,0.0407224589431,0.0411149645715,0.0411803821762,0.0414747613975,0.0416710142116,0.0418018494211,0.0417691406187,0.041343926188,0.0411803821762,0.0412130909786,0.0414093437927,0.0414093437927,0.0411803821762,0.0405916237336,0.0405589149313,0.0406570413384,0.0408205853502,0.041343926188,0.0412130909786,0.0413766349904,0.0414420525951,0.0415401790022,0.0415728878046,0.0416710142116,0.0421616462471,0.0423578990613,0.0424560254684,0.0424887342707,0.0425214430731,0.0428812398991,0.0432737455275,0.0431756191204,0.0435681247488,0.0437316687606,0.0437643775629,0.0438952127724,0.043502707144,0.043142910318,0.0431756191204,0.0428485310967,0.0423578990613,0.0423251902589,0.0425541518755,0.0428158222944,0.043142910318,0.0433064543298,0.0436662511558,0.0437316687606,0.0437970863653,0.0443858448079,0.0442550095984,0.0439933391795,0.0435681247488,0.043502707144,0.0432737455275,0.0436335423535,0.0437970863653,0.0436008335511,0.0436008335511,0.0435681247488,0.0436008335511,0.0434372895393,0.0439279215748,0.0435681247488,0.0435354159464,0.0433391631322,0.0432737455275,0.043502707144,0.0435681247488,0.0438952127724,0.0444839712149,0.044582097622,0.0448110592386,0.0450727296575,0.0453344000764,0.0456941969024,0.0462502465426,0.0461848289379,0.046282955345,0.0463156641473,0.0460212849261,0.0464464993568,0.0460212849261,0.046282955345,0.0467735873804,0.046282955345,0.045923158519,0.0461194113331,0.0466754609733,0.0472969282182,0.0479511042655,0.0483436098939,0.0487361155223,0.0497173795932,0.0498482148026,0.0503061380357,0.0503388468381,0.0505678084546,0.0503388468381,0.0506659348617,0.0507967700712,0.0511238580948,0.0515817813279,0.0518107429445,0.0518434517468,0.0518434517468,0.0514836549208,0.0515163637232,0.0515490725256,0.0519415781539,0.0522686661776,0.0525303365965,0.0528574246201,0.0529882598296,0.0532499302485,0.0535116006674,0.0539368150981,0.0541657767147,0.0543947383312,0.0544601559359,0.0544601559359,0.0557685080305,0.0566843544967,0.0571095689274,0.0574366569511,0.0567824809038,0.0568478985085,0.0569133161132,0.0571095689274,0.0571095689274,0.0571749865322,0.0569460249156,0.0571749865322,0.0576656185676,0.0579272889865,0.0578291625794,0.0582216682078,0.0581562506031,0.0579272889865,0.0581235418007,0.0585160474291,0.0588104266503,0.0593664762905,0.0593337674882,0.0596281467094,0.0593664762905,0.0594646026976,0.0597916907213,0.0593991850929,0.0594318938953,0.0590066794645,0.0591048058716,0.0587450090456,0.0583197946149,0.0585814650338,0.0589412618598,0.0593010586858,0.0586468826385,0.0587123002433,0.0590393882669,0.0593337674882,0.0597916907213,0.0600206523378,0.0602496139544,0.0601841963496,0.0601841963496,0.0608056635945,0.0615579660489,0.0619831804796,0.0619177628749,0.062375686108,0.0629644445506,0.0631934061671,0.0637167470049,0.0640438350286,0.064174670238,0.0643055054475,0.0642400878428,0.0645017582617,0.0649269726924,0.0652867695184,0.0658428191586,0.0661044895775,0.0661044895775,0.0667586656248,0.0674782592768,0.0679688913122,0.0682305617312,0.0687866113713,0.0693099522092,0.0697351666399,0.0695389138257,0.0700622546635,0.0708799747226,0.0710108099321,0.0713706067581,0.071632277177,0.0723845796314,0.0731695908881,0.0734966789118,0.0742489813661,0.074870448611,0.0751975366347,0.0755573334607,0.0761133831009,0.0769965207647,0.0778142408238,0.0785665432782,0.0789590489065,0.0791225929183,0.0796786425585,0.0802674010011,0.0809215770484,0.0814449178862,0.08232805555,0.0829822315973,0.0839634956682,0.0845522541108,0.0850755949486,0.0859587326124,0.0868418702762,0.0872997935093,0.0879539695566,0.0883137663826,0.0891969040464,0.0895894096748,0.0906688001528,0.0915192290143,0.0919771522474,0.0924023666781,0.0931546691325,0.0937107187727,0.0939396803892,0.0937107187727,0.0942667684128,0.0945284388318,0.0948555268554,0.0951499060767,0.0951499060767,0.0954442852979,0.0962947141594,0.0960984613452,0.0964582581712,0.0968507637996,0.0977993190682,0.098682456732,0.0995983031982,0.100285188048,0.101102908107,0.10224771619,0.103098145051,0.10335981547,0.103719612296,0.104504623553,0.105584014031,0.106597986904,0.10751383337,0.108168009418,0.109051147081,0.110294081571,0.110915548816,0.112125774504,0.112289318515,0.113564961808,0.114448099471,0.11526581953,0.115919995578,0.116901259649,0.118176902941,0.120204848687,0.122069250422,0.123933652157,0.125798053892,0.127825999638,0.129396022152,0.13103146227,0.131685638317,0.133877128076,0.135218188972,0.136134035439,0.137017173103,0.13891428364,0.140124509327,0.141465570224,0.143558933575,0.144769159263,0.145848549741,0.14735315465,0.148759633151,0.14970818842,0.151212793328,0.15206322219,0.153665953506,0.155857443264,0.15801622422,0.15994604356,0.162268368527,0.163871099843,0.166193424811,0.168123244151,0.16949701385,0.171655794806,0.174403334204,0.176300444742,0.178295681686,0.179571324978,0.180454462642,0.182220737969,0.18388888689,0.185033694973,0.18637475587,0.187683107964,0.189776471316,0.19177170826,0.19357069239,0.196383649393,0.198902227175,0.200701211305,0.202859992261,0.204430014775,0.205672949264,0.208027983035,0.210415725607,0.213392226622,0.215616425183,0.218265838175,0.219803151886,0.22235443847,0.223924460983,0.22650845637,0.228699946129,0.231218523911,0.233410013669,0.23619026187,0.238708839652,0.240278862165,0.242764731145,0.244988929706,0.246755205033,0.249568162037,0.251923195807,0.254474482391,0.257516401011,0.260329358015,0.262880644599,0.265464639986,0.269095317048,0.272366197284,