# R script for Peak Model
#  -- generated by MACS
p <- c(0.0281508373046,0.0294304208185,0.0312583972668,0.03326917136,0.0347315525187,0.0367423266119,0.0393014936396,0.0422262559569,0.0438714347604,0.046613399433,0.0478929829468,0.0511833405538,0.0528285193574,0.0517317334883,0.0526457217125,0.0535597099367,0.0528285193574,0.054290900516,0.0550220910954,0.0566672698989,0.0583124487024,0.0575812581231,0.0573984604782,0.0563016746092,0.0552048887402,0.0548392934505,0.0552048887402,0.055387686385,0.055387686385,0.0559360793196,0.0575812581231,0.0583124487024,0.0579468534127,0.0573984604782,0.0583124487024,0.0577640557679,0.0573984604782,0.0557532816747,0.0570328651886,0.0584952463472,0.0577640557679,0.0575812581231,0.0584952463472,0.0573984604782,0.0570328651886,0.0550220910954,0.054290900516,0.0537425075815,0.0535597099367,0.0550220910954,0.0559360793196,0.0568500675437,0.0572156628334,0.0588608416369,0.0605060204404,0.0599576275059,0.0595920322163,0.0575812581231,0.0570328651886,0.0557532816747,0.0546564958057,0.0548392934505,0.0559360793196,0.0577640557679,0.0561188769644,0.0557532816747,0.0568500675437,0.0568500675437,0.0568500675437,0.0577640557679,0.0573984604782,0.0583124487024,0.0590436392818,0.0586780439921,0.0590436392818,0.0594092345714,0.0590436392818,0.0583124487024,0.0583124487024,0.0575812581231,0.0570328651886,0.0570328651886,0.0566672698989,0.0583124487024,0.0583124487024,0.0597748298611,0.0601404251508,0.0608716157301,0.0616028063094,0.0606888180853,0.0617856039543,0.0621511992439,0.0606888180853,0.0606888180853,0.0606888180853,0.0608716157301,0.0630651874681,0.0634307827578,0.0630651874681,0.0641619733371,0.0652587592061,0.0650759615613,0.064344770982,0.0641619733371,0.0641619733371,0.064344770982,0.0639791756923,0.0645275686268,0.0645275686268,0.0652587592061,0.0659899497855,0.0670867356545,0.0667211403648,0.0648931639165,0.0636135804026,0.0637963780475,0.0626995921785,0.0619684015991,0.0623339968888,0.0626995921785,0.0621511992439,0.0617856039543,0.0601404251508,0.0605060204404,0.0601404251508,0.0599576275059,0.0594092345714,0.0594092345714,0.0597748298611,0.0603232227956,0.0605060204404,0.0603232227956,0.0595920322163,0.0605060204404,0.0605060204404,0.0608716157301,0.0614200086646,0.0616028063094,0.0623339968888,0.0639791756923,0.0648931639165,0.0637963780475,0.0641619733371,0.0645275686268,0.0650759615613,0.0650759615613,0.0656243544958,0.0659899497855,0.0661727474303,0.0652587592061,0.0652587592061,0.0650759615613,0.0648931639165,0.064344770982,0.0645275686268,0.0645275686268,0.0645275686268,0.0645275686268,0.0647103662716,0.0645275686268,0.063247985113,0.0625167945336,0.0616028063094,0.0603232227956,0.0608716157301,0.0599576275059,0.0594092345714,0.0606888180853,0.0616028063094,0.0608716157301,0.0606888180853,0.0621511992439,0.0621511992439,0.0606888180853,0.0616028063094,0.0628823898233,0.0626995921785,0.063247985113,0.0637963780475,0.0630651874681,0.0634307827578,0.0647103662716,0.0639791756923,0.063247985113,0.0639791756923,0.0637963780475,0.0656243544958,0.065441556851,0.0667211403648,0.0670867356545,0.0661727474303,0.0672695332993,0.0683663191683,0.0669039380097,0.0669039380097,0.0680007238787,0.0683663191683,0.0663555450752,0.0659899497855,0.0667211403648,0.0650759615613,0.0641619733371,0.0648931639165,0.0647103662716,0.0645275686268,0.0650759615613,0.0648931639165,0.0628823898233,0.0634307827578,0.0645275686268,0.0641619733371,0.063247985113,0.0621511992439,0.0621511992439,0.0608716157301,0.0597748298611,0.0610544133749,0.0595920322163,0.0584952463472,0.0590436392818,0.0579468534127,0.0573984604782,0.0573984604782,0.0575812581231,0.0583124487024,0.0573984604782,0.0584952463472,0.0595920322163,0.0601404251508,0.0603232227956,0.0601404251508,0.0603232227956,0.0605060204404,0.0616028063094,0.0619684015991,0.0621511992439,0.0621511992439,0.0626995921785,0.0639791756923,0.0647103662716,0.065441556851,0.065441556851,0.0650759615613,0.06653834272,0.067635128589,0.0678179262338,0.0685491168132,0.0689147121028,0.0692803073925,0.0683663191683,0.0672695332993,0.0685491168132,0.0692803073925,0.0683663191683,0.067635128589,0.0678179262338,0.0672695332993,0.0670867356545,0.065441556851,0.0650759615613,0.0647103662716,0.0645275686268,0.0639791756923,0.0637963780475,0.063247985113,0.0619684015991,0.0619684015991,0.0614200086646,0.0606888180853,0.0608716157301,0.0605060204404,0.0605060204404,0.0619684015991,0.0610544133749,0.0608716157301,0.063247985113,0.065441556851,0.065441556851,0.0645275686268,0.0639791756923,0.0645275686268,0.064344770982,0.0656243544958,0.0663555450752,0.0672695332993,0.0672695332993,0.069828700327,0.0707426885512,0.0718394744202,0.0723878673547,0.0725706649996,0.0727534626444,0.0736674508686,0.0758610226066,0.0771406061204,0.0776889990549,0.0775062014101,0.0775062014101,0.0765922131859,0.0776889990549,0.0771406061204,0.0773234037653,0.0769578084756,0.0778717966998,0.0795169755033,0.0826245354655,0.0837213213345,0.084269714269,0.0840869166242,0.0857320954277,0.0877428695209,0.0890224530347,0.088656857745,0.0871944765864,0.0873772742312,0.0884740601002,0.088656857745,0.0899364412589,0.0899364412589,0.0901192389037,0.0912160247727,0.0904848341934,0.0913988224176,0.0943235847349,0.0934095965108,0.0939579894453,0.0954203706039,0.0959687635385,0.0966999541178,0.0972483470523,0.0977967399868,0.0974311446971,0.0966999541178,0.0970655494075,0.0992591211455,0.0988935258558,0.0985279305661,0.0974311446971,0.0963343588281,0.098710728211,0.098710728211,0.0974311446971,0.0974311446971,0.097613942342,0.0988935258558,0.0985279305661,0.0985279305661,0.0990763235006,0.098710728211,0.0963343588281,0.0992591211455,0.0994419187903,0.0990763235006,0.0985279305661,0.0974311446971,0.098710728211,0.0983451329213,0.0979795376316,0.097613942342,0.0974311446971,0.0961515611833,0.0972483470523,0.0961515611833,0.0983451329213,0.100355907014,0.0990763235006,0.10017310937,0.10017310937,0.100721502304,0.101818288173,0.100538704659,0.100355907014,0.101635490528,0.102001085818,0.102366681108,0.103646264622,0.102001085818,0.102915074042,0.103829062266,0.104011859911,0.106205431649,0.106205431649,0.10547424107,0.105657038715,0.106571026939,0.107119419873,0.106936622229,0.104560252846,0.106753824584,0.105657038715,0.104377455201,0.106022634004,0.107485015163,0.109861384546,0.110226979836,0.109312991611,0.108947396322,0.109861384546,0.109130193967,0.109495789256,0.11114096806,0.11114096806,0.112968944508,0.111506563349,0.110592575125,0.112786146863,0.111689360994,0.111872158639,0.113151742153,0.112420551574,0.111689360994,0.110592575125,0.111323765705,0.112237753929,0.110958170415,0.113334539798,0.114431325667,0.114248528022,0.114248528022,0.113882932732,0.113882932732,0.114796920956,0.115893706825,0.116624897405,0.11644209976,0.117173290339,0.114614123312,0.115345313891,0.115528111536,0.116624897405,0.117538885629,0.116624897405,0.11680769505,0.115528111536,0.115710909181,0.117538885629,0.118270076208,0.119732457367,0.119549659722,0.118087278564,0.118087278564,0.114979718601,0.113334539798,0.113334539798,0.111872158639,0.110226979836,0.11114096806,0.111872158639,0.112054956284,0.113517337443,0.114431325667,0.113334539798,0.116259302115,0.115162516246,0.114248528022,0.11607650447,0.115893706825,0.115710909181,0.115345313891,0.11644209976,0.11680769505,0.115710909181,0.118818469143,0.119366862077,0.119366862077,0.12210882675,0.124302398488,0.126678767871,0.129420732543,0.131431506636,0.131431506636,0.132893887795,0.133259483085,0.13307668544,0.13271109015,0.130517518412,0.130883113702,0.130517518412,0.132162697216,0.134356268954,0.135087459533,0.135635852468,0.138012221851,0.13910900772,0.140936984168,0.140205793589,0.141850972392,0.14441013942,0.142947758261,0.145141329999,0.147700497027,0.150625259344,0.152453235793,0.152270438148,0.151722045213,0.150808056989,0.152087640503,0.152636033437,0.152453235793,0.153550021662,0.157388772203,0.159582343941,0.158851153362,0.161410320389,0.161410320389,0.160861927455,0.163055499193,0.162872701548,