# R script for Peak Model
#  -- generated by MACS
p <- c(0.0309527983521,0.0319115133453,0.0326876159589,0.0335321982148,0.0344224335656,0.0351985361792,0.0359518122453,0.0367050883113,0.0376181502096,0.0386453448452,0.0396953660283,0.0407682137587,0.0416356225621,0.042525857913,0.0434845729062,0.044123716235,0.0451509108705,0.0461324524112,0.0471596470468,0.0484151071569,0.0494194752451,0.0504466698806,0.0514966910637,0.0525923653416,0.0534141210501,0.0542815298535,0.0552174182992,0.0560620005551,0.056952235906,0.0579109508992,0.0589381455348,0.0599425136229,0.0610153613534,0.0619740763466,0.0629099647923,0.0632067099093,0.0633208426466,0.0630469240771,0.0628871382449,0.0628871382449,0.0628871382449,0.0631154037194,0.0632295364567,0.0632295364567,0.0629099647923,0.0633208426466,0.0633893222889,0.063640414311,0.0638002001432,0.0638002001432,0.0640512921652,0.064142598355,0.0641654249025,0.0643252107347,0.0646219558516,0.0644621700194,0.0641654249025,0.0642567310923,0.0645078231143,0.0645763027567,0.0645078231143,0.0648045682313,0.0648730478737,0.0652610991804,0.0653524053703,0.0654665381076,0.0656034973923,0.0657632832245,0.0659687221516,0.0661513345313,0.0664252531008,0.0659687221516,0.0664252531008,0.0666078654804,0.0666535185753,0.0669046105974,0.0667904778601,0.0668589575024,0.0670187433346,0.0670187433346,0.0670643964296,0.0669046105974,0.066836130955,0.0670187433346,0.067383968094,0.0676807132109,0.0677491928533,0.0677263663058,0.0677720194007,0.0674752742838,0.0674981008313,0.0674752742838,0.0674524477363,0.0673611415465,0.0673611415465,0.0671785291668,0.0668589575024,0.0669730902397,0.0668817840499,0.0669274371448,0.0667448247652,0.066585038933,0.0664480796482,0.0663339469109,0.0661513345313,0.0660600283414,0.0660600283414,0.0660143752465,0.0663339469109,0.0662654672686,0.0662654672686,0.0661741610787,0.0661513345313,0.0662426407211,0.0663796000058,0.0658545894143,0.0659458956042,0.0659002425092,0.0660143752465,0.0661513345313,0.0661056814364,0.0659915486991,0.0661056814364,0.0664709061957,0.0664024265533,0.0665622123855,0.0667676513126,0.0667448247652,0.0666306920279,0.0667219982177,0.0667448247652,0.0666078654804,0.066836130955,0.0666535185753,0.0666306920279,0.0666535185753,0.0669046105974,0.0667904778601,0.066836130955,0.0668589575024,0.0666991716702,0.0673154884516,0.0669274371448,0.0667904778601,0.0669502636923,0.0670643964296,0.0673154884516,0.0675437539262,0.0674067946414,0.067383968094,0.067383968094,0.0673383149991,0.0677035397584,0.067635060116,0.0672926619041,0.0673611415465,0.0672926619041,0.0671557026194,0.0669959167872,0.0669046105974,0.066836130955,0.0668817840499,0.0668589575024,0.0666763451228,0.0667676513126,0.0670643964296,0.0673611415465,0.067383968094,0.067383968094,0.0672926619041,0.0674752742838,0.0675209273787,0.0675894070211,0.0676122335685,0.0679318052329,0.0681372441601,0.0682285503499,0.0680687645177,0.0680231114228,0.0680002848753,0.0679089786855,0.0678633255906,0.0677263663058,0.0678404990431,0.0677948459482,0.0680231114228,0.0680459379702,0.0680459379702,0.0678633255906,0.0678633255906,0.0678404990431,0.0677948459482,0.0674981008313,0.0674981008313,0.0674981008313,0.0676578866635,0.0676578866635,0.0674981008313,0.0674981008313,0.0676807132109,0.0678633255906,0.0682057238024,0.0685937751092,0.0683883361821,0.0685937751092,0.0684568158245,0.068433989277,0.068433989277,0.068433989277,0.0683883361821,0.0685252954668,0.0683655096346,0.0685709485617,0.0688676936787,0.0689589998685,0.0692100918905,0.0692100918905,0.0690959591533,0.0691872653431,0.0691187857007,0.0691644387956,0.0694155308177,0.0689589998685,0.0687763874889,0.0687079078465,0.0684796423719,0.0683883361821,0.0684568158245,0.0685252954668,0.0686394282041,0.0688905202261,0.068981826416,0.0691416122482,0.0690731326058,0.068981826416,0.0689589998685,0.0691187857007,0.0690046529634,0.0693470511753,0.0695524901024,0.0697579290295,0.0697351024821,0.0698492352194,0.0699405414092,0.0698948883143,0.069780755577,0.0698264086719,0.0700546741465,0.070328592716,0.070282939621,0.0704883785482,0.0706025112854,0.0712188280668,0.0713557873515,0.0719036244905,0.0717894917532,0.0720405837753,0.0722003696075,0.0724971147244,0.0724971147244,0.0727482067464,0.0728851660312,0.0732732173379,0.0730221253159,0.0731590846007,0.073227564243,0.0733416969803,0.0737982279295,0.0738667075718,0.0739580137617,0.0740493199515,0.074026493404,0.0738438810244,0.0741406261413,0.0744373712583,0.0744601978057,0.0744601978057,0.0747797694701,0.0748482491125,0.0748939022074,0.0749167287549,0.0750765145871,0.0753047800616,0.0754417393464,0.0754417393464,0.0754417393464,0.0760352295803,0.0762178419599,0.0763776277921,0.0768569852887,0.076720026004,0.0768113321938,0.0773591693328,0.0776559144498,0.0777015675447,0.0784548436108,0.0786374559904,0.0790026807497,0.079413558604,0.0796874771735,0.0796189975311,0.079413558604,0.0795048647938,0.0803266205023,0.0806918452616,0.0811712027582,0.0810798965683,0.0815364275175,0.0816049071599,0.0819701319192,0.081810346087,0.0822897035836,0.0825179690582,0.0829745000073,0.0832484185768,0.0836364698836,0.0837277760734,0.0840930008327,0.0840016946429,0.0846408379717,0.0849375830886,0.0849147565412,0.0847777972564,0.0848691034463,0.0850517158259,0.0859647777242,0.0862158697462,0.0864441352208,0.0865810945056,0.0865354414106,0.0868321865276,0.0872658909293,0.0876767687835,0.087950687353,0.0881561262801,0.0884756979445,0.0888180961564,0.0891148412733,0.0897311580547,0.0899594235292,0.0900050766242,0.0903246482886,0.0906670465004,0.0907583526902,0.0905300872157,0.0911692305445,0.0915801083987,0.0917170676835,0.0918996800631,0.0921735986326,0.0926301295817,0.0929953543411,0.0930866605309,0.0935660180275,0.0936116711224,0.093839936597,0.0936801507648,0.0942051613563,0.0945019064732,0.0945932126631,0.0951638763495,0.095437794919,0.0955062745614,0.0958486727732,0.0962823771749,0.0962823771749,0.096784561219,0.0971269594308,0.0971726125257,0.0973552249054,0.0978574089495,0.0985878584681,0.0991128690596,0.0991356956071,0.0995694000088,0.099729185841,0.10036832917,0.100596594644,0.100596594644,0.100596594644,0.101167258331,0.101372697258,0.10180640166,0.101920534397,0.102240106061,0.102285759156,0.102605330821,0.102628157368,0.102947729032,0.102947729032,0.103130341412,0.103701005099,0.103792311288,0.104157536048,0.103997750215,0.103701005099,0.103974923668,0.10431732188,0.104728199734,0.10557278199,0.105869527107,0.106143445676,0.106120619129,0.106577150078,0.107056507575,0.107147813765,0.107330426144,0.107353252692,0.107307599597,0.107764130546,0.108517406612,0.108631539349,0.108859804824,0.109133723393,0.109864172912,0.110115264934,0.110457663146,0.111005500285,0.111439204687,0.111598990519,0.111804429446,0.112169654205,0.112329440037,0.112534878965,0.113333808126,0.113425114315,0.113607726695,0.11374468598,0.113858818717,0.114041431097,0.114246870024,0.114794707163,0.115616462871,0.116050167273,0.116324085842,0.116620830959,0.116803443339,0.116940402624,0.117168668098,0.117465413215,0.117465413215,0.117579545953,0.117944770712,0.118561087493,0.118675220231,0.11913175118,0.119451322844,0.119862200698,0.120706782954,0.120889395334,0.121437232473,0.121619844853,0.121756804137,0.122190508539,0.122669866036,0.1229894377,0.123423142102,0.124176418168,0.124838388044,0.125249265898,0.125956888869,0.126481899461,0.127052563147,0.127851492308,0.128353676352,0.128787380754,0.128878686944,0.129198258608,0.129495003725,0.129654789557,0.129768922295,0.130042840864,0.130453718718,0.130522198361,0.130613504551,0.131343954069,0.132028750493,0.132827679654,0.133307037151,0.133170077866,0.133421169888,0.133923353932,0.134220099049,0.13483641583,0.134973375115,0.135384252969,0.136000569751,0.136320141415,0.137119070576,0.13752994843,0.138032132474,0.138488663423,0.139104980205,0.139378898774,0.139698470439,0.14040609341,0.141136542929,0.141775686257,0.142300696849,0.143031146367,0.143715942791,0.144035514456,0.144218126835,0.144697484332,0.145382280756,0.145998597537,0.146523608128,