# R script for Peak Model
#  -- generated by MACS
p <- c(0.0396396764453,0.0407990541686,0.0416823895769,0.0426209334481,0.0437251027084,0.0448016677373,0.0456850031455,0.0468443808688,0.0477277162771,0.0487766770744,0.0497980336402,0.050874598669,0.0518131425402,0.0526964779485,0.0539110641348,0.0547115868486,0.0558985688034,0.0568095084432,0.0574996142309,0.0586589919542,0.059735556983,0.0607569135488,0.0617230616516,0.0624407716708,0.0634069197735,0.064897548275,0.0661949471558,0.0671610952586,0.0680444306669,0.0693142253162,0.0701975607245,0.0712189172903,0.0722402738561,0.0732892346534,0.0742277785246,0.0744486123767,0.0746418419972,0.0741449658301,0.073924131978,0.0741173615986,0.0740345489041,0.0738965277465,0.0736204854315,0.0739517362095,0.0739517362095,0.0740621531356,0.0740069446726,0.0740069446726,0.073758506589,0.0736756938945,0.0733720473479,0.0732616304219,0.0730407965698,0.0729855881068,0.0727095457917,0.0727371500232,0.0729027754122,0.0726267330972,0.0721574611615,0.0717433976889,0.0713845426793,0.0709704792067,0.0709704792067,0.0709704792067,0.0705288115026,0.070335581882,0.0697006845573,0.0698939141779,0.0699767268724,0.0697006845573,0.0697006845573,0.0693418295477,0.0694246422423,0.0698387057149,0.0695074549368,0.0695074549368,0.0697282887888,0.0693970380108,0.0694798507053,0.0694798507053,0.0694798507053,0.0695626633998,0.0695902676313,0.0697282887888,0.0694246422423,0.0696454760943,0.0692314126217,0.0692314126217,0.0696178718628,0.0691209956957,0.0689829745381,0.0689001618436,0.0689829745381,0.0693970380108,0.0697558930204,0.0691485999272,0.0687069322231,0.0687621406861,0.0689829745381,0.0687345364546,0.0687345364546,0.0687345364546,0.0688725576121,0.0689001618436,0.0689553703066,0.0685137026025,0.0682928687504,0.0684584941395,0.0683204729819,0.0680168264354,0.0681272433614,0.0678235968148,0.0681548475929,0.0678512010463,0.0678235968148,0.0676579714258,0.0677407841203,0.0677959925833,0.0677959925833,0.0677683883518,0.0675475544997,0.0676303671942,0.0676579714258,0.0675199502682,0.0675751587312,0.0674095333422,0.0672163037216,0.0673543248792,0.0676303671942,0.0678512010463,0.0681272433614,0.0680996391299,0.0680444306669,0.0683480772135,0.0684032856765,0.068596515297,0.0687069322231,0.06865172376,0.0683204729819,0.068486098371,0.0685689110655,0.0686241195285,0.06865172376,0.0681824518244,0.0682928687504,0.0682652645189,0.0682928687504,0.068430889908,0.068486098371,0.0682376602874,0.0681824518244,0.0681548475929,0.068375681445,0.068430889908,0.0688725576121,0.0688449533806,0.0689553703066,0.0689553703066,0.0688173491491,0.0691485999272,0.0690933914642,0.0691762041587,0.0690105787696,0.0689553703066,0.0688725576121,0.0692590168532,0.0694522464738,0.0693418295477,0.0694522464738,0.0695626633998,0.0696730803258,0.0697282887888,0.0697834972519,0.0701975607245,0.0701975607245,0.0707220411231,0.0712189172903,0.0710808961327,0.0713845426793,0.0717157934574,0.0717433976889,0.071909023078,0.0715777722999,0.0715225638369,0.0717157934574,0.0719366273095,0.0721022526985,0.0721022526985,0.0723506907821,0.0723782950136,0.0725439204026,0.0725439204026,0.0723230865506,0.0724335034766,0.0723782950136,0.0726267330972,0.0727371500232,0.0729579838753,0.0729303796438,0.0728751711807,0.0725439204026,0.0723782950136,0.0721022526985,0.0719366273095,0.0718538146149,0.0716053765314,0.0717986061519,0.0718538146149,0.0717986061519,0.0718538146149,0.0719366273095,0.0723506907821,0.0722954823191,0.0723782950136,0.0724335034766,0.0723782950136,0.0724058992451,0.0726543373287,0.0727371500232,0.0730684008013,0.0730684008013,0.0730407965698,0.0729579838753,0.0730407965698,0.0726267330972,0.0727095457917,0.0727095457917,0.0728199627177,0.0729303796438,0.0729027754122,0.0730684008013,0.0730960050328,0.0733720473479,0.0735100685054,0.0733444431164,0.0728751711807,0.0727095457917,0.0725715246342,0.0722402738561,0.0723230865506,0.0722954823191,0.0722402738561,0.0718538146149,0.0715777722999,0.0716329807629,0.0715501680684,0.0711637088273,0.0714121469108,0.0713569384478,0.0710256876697,0.0710808961327,0.0713017299848,0.0715501680684,0.0716881892259,0.0718814188465,0.0718538146149,0.0714949596053,0.0718538146149,0.0716053765314,0.0717157934574,0.072019440004,0.0719366273095,0.0723230865506,0.0725991288657,0.0729027754122,0.0730131923383,0.0732616304219,0.0733444431164,0.0733168388849,0.0735100685054,0.0739517362095,0.0746418419972,0.0749178843123,0.0748626758493,0.0751663223959,0.075497573174,0.075718407026,0.075718407026,0.0758840324151,0.0758840324151,0.0762428874247,0.0762704916562,0.0765465339713,0.0768501805179,0.0772090355275,0.0771538270645,0.0773194524535,0.077457473611,0.0776783074631,0.0778439328522,0.0780923709357,0.0781751836302,0.0782027878618,0.0782303920933,0.0783960174823,0.0786720597974,0.078920497881,0.0793345613536,0.0799142502152,0.0803283136879,0.0804387306139,0.0806871686975,0.0809080025495,0.0807423771605,0.0808527940865,0.0813496702537,0.0817361294948,0.0823710268194,0.0825918606715,0.0827022775975,0.0832543622277,0.0836684257003,0.084248114562,0.0846345738031,0.0849382203497,0.0851590542017,0.0856559303689,0.0860147853785,0.0865944742401,0.0868153080922,0.0869533292497,0.0870361419443,0.0872845800278,0.0873949969539,0.0876158308059,0.0881403112046,0.0886095831402,0.0886095831402,0.0893548973909,0.0895481270115,0.0897689608635,0.0900726074101,0.0901830243362,0.0905970878088,0.0908179216608,0.0909007343554,0.0907627131978,0.0906799005033,0.0909559428184,0.0909559428184,0.091204380902,0.0910387555129,0.0912319851335,0.0916736528376,0.0920877163102,0.0925845924774,0.0927502178664,0.0929158432554,0.0933851151911,0.0936335532746,0.0937991786637,0.0939924082843,0.0942408463678,0.0942684505993,0.0944340759884,0.0946273056089,0.0946825140719,0.0951241817761,0.0952622029336,0.0955106410172,0.0958418917953,0.0964215806569,0.0968356441296,0.0969736652871,0.0971668949077,0.0971116864446,0.0976085626118,0.0975533541488,0.0972221033707,0.0971944991392,0.0974705414542,0.0978017922323,0.0978570006954,0.0981882514734,0.0983538768625,0.0985747107146,0.0985747107146,0.0988507530296,0.0996236715119,0.0997892969009,0.0995684630488,0.0994304418913,0.0994856503543,0.0990439826502,0.0993200249653,0.0996512757434,0.0997064842064,0.0997892969009,0.0995960672803,0.0998445053639,0.0998169011324,0.0998721095954,0.0999549222899,0.0998721095954,0.100037734984,0.0998721095954,0.0999273180584,0.100148151911,0.0994580461228,0.0992924207338,0.0992096080392,0.0989611699557,0.0987955445666,0.0988231487981,0.0986851276406,0.0985195022515,0.0987955445666,0.0986299191776,0.0984090853255,0.098547106483,0.0984090853255,0.09849189802,0.0990163784187,0.0989887741872,0.0988231487981,0.0984642937885,0.0982434599365,0.0982986683995,0.0981330430104,0.0980226260844,0.0978293964638,0.0977465837693,0.0980502303159,0.098215855705,0.098271064168,0.0986575234091,0.0986851276406,0.098436689557,0.0984642937885,0.098381481094,0.0982434599365,0.0979674176214,0.0980502303159,0.0978017922323,0.0977189795378,0.0977465837693,0.0974153329912,0.0976637710748,0.0977465837693,0.0975809583803,0.0975533541488,0.0974981456857,0.0974153329912,0.0973877287597,0.0975533541488,0.0974705414542,0.0979398133899,0.0979122091584,0.0974153329912,0.0974981456857,0.0978293964638,0.098215855705,0.0981330430104,0.098381481094,0.098326272631,0.0980502303159,0.0978017922323,0.0975809583803,0.0975533541488,0.0979674176214,0.098215855705,0.0983538768625,0.0986299191776,0.0989611699557,0.0987955445666,0.0990991911132,0.0993752334283,0.0996236715119,0.100092943447,0.100424194226,0.100976278856,0.101693988875,0.102604928515,0.102825762367,0.103046596219,0.103571076617,0.103929931627,0.104454412026,0.104923683961,0.105199726276,0.105503372823,0.105503372823,0.105392955897,0.105530977055,0.105420560129,0.10600024899,0.106469520926,0.106773167472,0.106938792861,0.107132022482,0.107242439408,0.107490877492,0.10782212827,0.108401817131,0.108622650983,0.108871089067,0.109229944077,0.109754424475,0.110223696411,0.110637759883,0.110996614893,