# R script for Peak Model
#  -- generated by MACS
p <- c(0.0370065999357,0.0378998626928,0.0388356617716,0.0398139971722,0.0408348688945,0.0417281316516,0.0429616849828,0.0438124114181,0.0450459647493,0.0457265458975,0.0470451718723,0.0484488704905,0.0497249601435,0.0509159771529,0.0520219215188,0.0528301116323,0.0538935196765,0.0548293187553,0.0555524362253,0.0565307716259,0.0575516433483,0.0582322244965,0.0592105598971,0.0602314316195,0.0609545490895,0.061762739203,0.0630813651777,0.063932091613,0.0645701364395,0.0655059355183,0.0664417345972,0.0678454332154,0.0690789865466,0.0703550761996,0.0711207299913,0.0711207299913,0.0707379030955,0.0712908752784,0.0711632663131,0.0712908752784,0.0712058026349,0.0714610205655,0.0715035568872,0.0716737021743,0.0710356573478,0.0712908752784,0.0713334116002,0.0717587748178,0.0715886295308,0.0720990653919,0.0729072555055,0.0731624734361,0.0730774007925,0.0731624734361,0.0732050097578,0.0736303729755,0.0733326187231,0.0734176913667,0.0733751550449,0.0732900824014,0.0725244286096,0.072269210679,0.0724818922878,0.0726945738967,0.0722266743572,0.0724393559661,0.0722266743572,0.0719289201049,0.0715035568872,0.0714184842437,0.0710781936696,0.0711207299913,0.0713334116002,0.0712483389566,0.0709505847043,0.0712483389566,0.0706953667737,0.0710781936696,0.0708655120607,0.070822975739,0.0702274672343,0.0695894224078,0.0693342044772,0.0692065955119,0.0691215228684,0.0690364502248,0.0690789865466,0.0691640591901,0.0698021040166,0.0699297129819,0.0703125398778,0.0703550761996,0.0705677578084,0.0705677578084,0.0710356573478,0.0713334116002,0.0712058026349,0.0714184842437,0.0717162384961,0.0720139927484,0.072269210679,0.071546093209,0.0718013111396,0.0716311658525,0.0718863837831,0.0717587748178,0.072269210679,0.0718438474613,0.0723117470008,0.0720139927484,0.0716737021743,0.0712058026349,0.0708655120607,0.0704401488431,0.0710781936696,0.0709505847043,0.0712483389566,0.0711207299913,0.0710356573478,0.0706953667737,0.0703125398778,0.0700573219472,0.0704826851649,0.0706528304519,0.0707804394172,0.0703550761996,0.0705252214866,0.0705677578084,0.0704401488431,0.0704401488431,0.0706528304519,0.0709080483825,0.0710356573478,0.0706953667737,0.0710356573478,0.0707804394172,0.0706528304519,0.0707804394172,0.0712058026349,0.0710356573478,0.0711632663131,0.0713334116002,0.0710781936696,0.070993121026,0.0712483389566,0.0708655120607,0.0714184842437,0.0712483389566,0.0713334116002,0.0718013111396,0.0718863837831,0.0721416017137,0.0719289201049,0.0716311658525,0.0715035568872,0.0718013111396,0.0716311658525,0.0720139927484,0.0717587748178,0.0714610205655,0.0712483389566,0.071546093209,0.0716311658525,0.0713334116002,0.0713759479219,0.0710781936696,0.070993121026,0.070822975739,0.0707379030955,0.0703976125213,0.0703550761996,0.0704401488431,0.0705252214866,0.0703125398778,0.0701849309125,0.0701849309125,0.0700573219472,0.0702274672343,0.0703125398778,0.070993121026,0.0710356573478,0.0713759479219,0.0718438474613,0.072269210679,0.0721416017137,0.0718438474613,0.0719714564266,0.0717587748178,0.0718438474613,0.0717162384961,0.0716737021743,0.0719289201049,0.0712058026349,0.0712058026349,0.0712908752784,0.0713334116002,0.0711207299913,0.070993121026,0.0710356573478,0.0712908752784,0.0712908752784,0.070993121026,0.0711207299913,0.0713334116002,0.0709505847043,0.0710356573478,0.0704826851649,0.0709505847043,0.0708655120607,0.0712483389566,0.0712483389566,0.0712908752784,0.0712058026349,0.0713334116002,0.0717587748178,0.0720139927484,0.0720990653919,0.0721416017137,0.0721416017137,0.0720139927484,0.0724818922878,0.0725244286096,0.0725244286096,0.072992328149,0.0731199371143,0.0733751550449,0.0733326187231,0.0728221828619,0.0727371102184,0.0732475460796,0.0731624734361,0.0733326187231,0.0732900824014,0.0733326187231,0.0730774007925,0.0733326187231,0.0731624734361,0.0735027640102,0.0739281272278,0.0739706635496,0.0738005182625,0.0740982725149,0.0732900824014,0.073545300332,0.0735878366537,0.073715445619,0.0733751550449,0.0734602276884,0.0732050097578,0.0729072555055,0.0732900824014,0.0732475460796,0.0733751550449,0.0732900824014,0.0734602276884,0.0738855909061,0.0737579819408,0.0739281272278,0.0738005182625,0.0737579819408,0.0741408088367,0.0745236357326,0.0751191442373,0.0750766079155,0.075161680559,0.0757997253855,0.0757571890637,0.0760124069943,0.076607915499,0.076437770212,0.0769907423949,0.0771183513602,0.0775437145779,0.0777989325085,0.0783093683697,0.0785220499785,0.0784795136567,0.0782242957261,0.0784795136567,0.0786921952655,0.0794153127355,0.0798406759532,0.0800958938838,0.0801809665273,0.0798406759532,0.0799257485967,0.0801384302056,0.0808615476756,0.0812443745714,0.0814570561803,0.0812869108932,0.081329447215,0.0821376373285,0.0821801736503,0.0829032911203,0.0829458274421,0.0833711906597,0.0836689449121,0.0840517718079,0.0840092354862,0.0843495260603,0.0843495260603,0.0845622076691,0.0849875708868,0.0851577161738,0.0852002524956,0.0854554704262,0.0853278614609,0.0858382973221,0.0861785878962,0.0863487331833,0.0868591690444,0.0872419959403,0.0874546775492,0.0878800407668,0.0883054039845,0.0889009124892,0.0888583761674,0.0890285214545,0.0891986667415,0.0891561304198,0.089113594098,0.0891986667415,0.0892837393851,0.0894538846721,0.0895814936374,0.0900919294986,0.090559829038,0.0910277285774,0.0920486002998,0.0919209913345,0.0917508460474,0.0917933823692,0.0914956281168,0.0916657734039,0.0917083097257,0.0915807007604,0.0917508460474,0.0913254828298,0.0914530917951,0.0913254828298,0.0919209913345,0.0922187455869,0.0921762092651,0.0922187455869,0.092559036161,0.0937075168486,0.094005271101,0.0937925894922,0.0938776621357,0.0934948352398,0.0934948352398,0.0934948352398,0.0937075168486,0.0934948352398,0.0934948352398,0.0931970809875,0.0930269357004,0.0929843993786,0.0931970809875,0.0933672262745,0.0938776621357,0.0934948352398,0.0934948352398,0.0930269357004,0.0928993267351,0.092729181448,0.0928993267351,0.0928993267351,0.0927717177698,0.0927717177698,0.0930269357004,0.0928142540916,0.0928142540916,0.0930694720222,0.0931120083439,0.0930269357004,0.0931970809875,0.0926441088045,0.092559036161,0.0931970809875,0.0929843993786,0.0933246899528,0.0933246899528,0.093282153631,0.0929843993786,0.0927717177698,0.092729181448,0.0930269357004,0.0935799078833,0.0936224442051,0.0939201984575,0.0936224442051,0.0936649805269,0.0937075168486,0.094005271101,0.0939627347792,0.094005271101,0.0940478074228,0.0935373715616,0.0934097625963,0.0934097625963,0.0930694720222,0.0933246899528,0.0931545446657,0.0928993267351,0.0929843993786,0.0928142540916,0.0931970809875,0.0933246899528,0.0934097625963,0.0930269357004,0.0923038182304,0.0920486002998,0.092006063978,0.0920911366216,0.092006063978,0.0919209913345,0.0923038182304,0.0921336729433,0.0926015724827,0.0925164998392,0.0926441088045,0.0925164998392,0.0926441088045,0.0928142540916,0.0928567904133,0.0924314271957,0.0926866451263,0.0925164998392,0.0922187455869,0.0919209913345,0.092006063978,0.0920911366216,0.0923038182304,0.0923888908739,0.0928142540916,0.0931545446657,0.0928993267351,0.0931970809875,0.0934097625963,0.0932396173092,0.0933672262745,0.0935799078833,0.0933246899528,0.0935373715616,0.0940478074228,0.0940478074228,0.0940903437445,0.0941754163881,0.0937075168486,0.0936649805269,0.0938776621357,0.0940478074228,0.0941754163881,0.0943030253533,0.0943455616751,0.0946858522492,0.094728388571,0.0942604890316,0.0945582432839,0.0946007796057,0.094728388571,0.0952388244322,0.0952388244322,0.0946433159275,0.0943030253533,0.0945157069622,0.0940903437445,0.0940903437445,0.0942604890316,0.0940903437445,0.0944731706404,0.0944731706404,0.0943880979969,0.094728388571,0.0953238970757,0.0960470145457,0.0955791150063,0.0954940423628,0.0953664333975,0.0953238970757,0.0957067239716,0.0960470145457,0.096897740981,0.0966850593722,0.0966850593722,0.096727595694,0.0971529589116,0.0978335400599,0.0978335400599,0.0984290485646,0.0987693391387,0.0991947023563,0.0999178198263,0.100343183044,0.100896155227,0.101534200053,0.101661809019,