# R script for Peak Model
#  -- generated by MACS
p <- c(0.0345626424541,0.0358704181146,0.0368045435863,0.0392332698128,0.0399805701902,0.0427829466054,0.0448380226432,0.0467062735867,0.0487613496245,0.0515637260397,0.0528715017001,0.0545529275492,0.056608003587,0.0584762545305,0.0607181556627,0.0625864066061,0.0646414826439,0.0663229084931,0.0674438590591,0.0674438590591,0.0680043343422,0.0672570339648,0.0668833837761,0.0666965586818,0.0663229084931,0.0665097335874,0.0661360833987,0.0668833837761,0.0668833837761,0.0668833837761,0.065201957927,0.0646414826439,0.0650151328326,0.0648283077383,0.0648283077383,0.0650151328326,0.0653887830213,0.0655756081157,0.06576243321,0.0650151328326,0.0663229084931,0.0655756081157,0.0648283077383,0.0646414826439,0.0638941822666,0.0622127564174,0.0622127564174,0.0627732317005,0.0629600567948,0.0622127564174,0.0616522811344,0.0614654560401,0.0623995815118,0.0623995815118,0.0625864066061,0.0635205320779,0.0627732317005,0.0637073571722,0.0635205320779,0.0646414826439,0.0646414826439,0.0644546575496,0.0644546575496,0.0637073571722,0.0633337069835,0.0627732317005,0.0622127564174,0.0625864066061,0.0623995815118,0.0620259313231,0.0616522811344,0.0612786309457,0.0614654560401,0.0620259313231,0.0625864066061,0.0629600567948,0.0616522811344,0.0616522811344,0.0622127564174,0.060904980757,0.0610918058514,0.0618391062287,0.0627732317005,0.0625864066061,0.0627732317005,0.0631468818892,0.0646414826439,0.0646414826439,0.0638941822666,0.0648283077383,0.0642678324553,0.0635205320779,0.0642678324553,0.0638941822666,0.0637073571722,0.0633337069835,0.0638941822666,0.0638941822666,0.0638941822666,0.0633337069835,0.0642678324553,0.0650151328326,0.06576243321,0.0666965586818,0.0666965586818,0.0672570339648,0.0678175092478,0.0674438590591,0.0666965586818,0.0665097335874,0.0661360833987,0.0663229084931,0.0685648096252,0.0678175092478,0.0680043343422,0.0696857601913,0.069498935097,0.0696857601913,0.0693121100026,0.0691252849083,0.0681911594365,0.0689384598139,0.0670702088705,0.0683779845309,0.0676306841535,0.0666965586818,0.0670702088705,0.0670702088705,0.0674438590591,0.0663229084931,0.0665097335874,0.0659492583044,0.0663229084931,0.0659492583044,0.0650151328326,0.0646414826439,0.0638941822666,0.0629600567948,0.0638941822666,0.0629600567948,0.0623995815118,0.0622127564174,0.0625864066061,0.0625864066061,0.0625864066061,0.0622127564174,0.0622127564174,0.0614654560401,0.0601576803796,0.0605313305683,0.0601576803796,0.0592235549079,0.0594103800022,0.0590367298135,0.0590367298135,0.0581026043418,0.0575421290588,0.0571684788701,0.0569816537757,0.0558607032097,0.0564211784927,0.056047528304,0.0564211784927,0.0569816537757,0.0575421290588,0.0584762545305,0.0579157792475,0.0586630796249,0.0581026043418,0.0575421290588,0.0590367298135,0.0592235549079,0.0588499047192,0.0581026043418,0.056608003587,0.0567948286814,0.0577289541531,0.0579157792475,0.0558607032097,0.0564211784927,0.056608003587,0.0567948286814,0.0573553039644,0.0582894294362,0.0581026043418,0.0573553039644,0.0571684788701,0.0581026043418,0.0584762545305,0.0582894294362,0.0584762545305,0.0590367298135,0.0595972050966,0.0595972050966,0.0594103800022,0.0592235549079,0.0592235549079,0.0588499047192,0.0601576803796,0.0595972050966,0.0579157792475,0.0579157792475,0.0588499047192,0.0594103800022,0.0584762545305,0.0590367298135,0.0594103800022,0.0601576803796,0.0601576803796,0.0610918058514,0.0618391062287,0.0610918058514,0.0610918058514,0.0605313305683,0.0618391062287,0.0601576803796,0.0607181556627,0.0610918058514,0.0605313305683,0.0594103800022,0.0592235549079,0.0599708552853,0.0597840301909,0.0590367298135,0.0588499047192,0.0590367298135,0.0584762545305,0.0582894294362,0.0586630796249,0.0584762545305,0.0592235549079,0.0590367298135,0.0588499047192,0.0597840301909,0.0581026043418,0.0581026043418,0.0586630796249,0.0588499047192,0.0579157792475,0.0575421290588,0.0592235549079,0.0588499047192,0.0592235549079,0.0597840301909,0.0601576803796,0.0599708552853,0.060344505474,0.0622127564174,0.0620259313231,0.0618391062287,0.0620259313231,0.0631468818892,0.0625864066061,0.0627732317005,0.0627732317005,0.0627732317005,0.0635205320779,0.0633337069835,0.0648283077383,0.0648283077383,0.0648283077383,0.0648283077383,0.0653887830213,0.0661360833987,0.065201957927,0.0659492583044,0.0670702088705,0.0676306841535,0.0681911594365,0.0683779845309,0.0678175092478,0.0676306841535,0.0683779845309,0.0683779845309,0.0691252849083,0.0676306841535,0.0668833837761,0.0672570339648,0.0665097335874,0.0663229084931,0.0672570339648,0.0670702088705,0.0670702088705,0.0674438590591,0.0672570339648,0.0683779845309,0.0681911594365,0.0683779845309,0.0676306841535,0.0680043343422,0.0687516347196,0.0696857601913,0.0693121100026,0.0693121100026,0.0676306841535,0.0689384598139,0.0689384598139,0.069498935097,0.0689384598139,0.0681911594365,0.0696857601913,0.0683779845309,0.0678175092478,0.0672570339648,0.0670702088705,0.0668833837761,0.0678175092478,0.0680043343422,0.0689384598139,0.0681911594365,0.0674438590591,0.0680043343422,0.0687516347196,0.07005941038,0.069498935097,0.069498935097,0.0698725852857,0.0698725852857,0.07005941038,0.0687516347196,0.0696857601913,0.0691252849083,0.0685648096252,0.0689384598139,0.0704330605687,0.070619885663,0.0715540111348,0.0719276613235,0.0724881366065,0.0736090871726,0.0741695624556,0.0745432126443,0.0754773381161,0.0747300377387,0.0752905130217,0.0758509883047,0.0754773381161,0.0762246384934,0.0756641632104,0.0758509883047,0.0764114635878,0.0773455890595,0.0779060643426,0.0788401898143,0.0790270149086,0.0794006650973,0.0807084407578,0.0833239920786,0.0829503418899,0.0827635167956,0.083510817173,0.0848185928334,0.0848185928334,0.0859395433995,0.0859395433995,0.0872473190599,0.0874341441542,0.0879946194373,0.0896760452864,0.0894892201921,0.0885550947203,0.0881814445316,0.0887419198147,0.0878077943429,0.0885550947203,0.088368269626,0.0893023950977,0.0887419198147,0.0881814445316,0.0898628703807,0.0894892201921,0.0896760452864,0.0904233456638,0.0909838209468,0.0917311213242,0.093225722079,0.0928520718903,0.0919179464186,0.0917311213242,0.0921047715129,0.0907969958525,0.0917311213242,0.0913574711355,0.0904233456638,0.0907969958525,0.0896760452864,0.0900496954751,0.0887419198147,0.0900496954751,0.0906101707581,0.0913574711355,0.0898628703807,0.0878077943429,0.0870604939655,0.0872473190599,0.0872473190599,0.0896760452864,0.0896760452864,0.0887419198147,0.0894892201921,0.0887419198147,0.0879946194373,0.088928744909,0.0893023950977,0.0896760452864,0.0878077943429,0.0891155700034,0.0900496954751,0.0898628703807,0.0894892201921,0.0904233456638,0.0896760452864,0.0906101707581,0.0915442962299,0.0921047715129,0.0917311213242,0.0911706460412,0.0898628703807,0.0902365205694,0.0906101707581,0.0904233456638,0.0919179464186,0.0915442962299,0.0930388969846,0.0926652467959,0.0921047715129,0.0913574711355,0.0924784217016,0.0941598475507,0.0952807981168,0.0945334977394,0.0945334977394,0.0921047715129,0.0911706460412,0.0926652467959,0.0926652467959,0.0930388969846,0.093786197362,0.0930388969846,0.093786197362,0.093786197362,0.0954676232111,0.0950939730225,0.0947203228338,0.0943466726451,0.0960280984942,0.0947203228338,0.0945334977394,0.0935993722677,0.093786197362,0.0926652467959,0.0922915966073,0.0928520718903,0.0939730224564,0.093786197362,0.0930388969846,0.0928520718903,0.0928520718903,0.0921047715129,0.0906101707581,0.0900496954751,0.0907969958525,0.0909838209468,0.0900496954751,0.0898628703807,0.0894892201921,0.0896760452864,0.088928744909,0.0894892201921,0.0904233456638,0.0879946194373,0.0879946194373,0.0874341441542,0.0868736688712,0.0859395433995,0.0855658932108,0.0857527183051,0.0851922430221,0.0853790681164,0.0850054179277,0.0865000186825,0.0850054179277,0.0857527183051,0.0866868437769,0.0872473190599,0.0874341441542,0.0885550947203,0.0894892201921,0.0891155700034,0.088928744909,0.0891155700034,0.0891155700034,0.0891155700034,0.0893023950977,0.0911706460412,0.0915442962299,0.0907969958525,0.0913574711355,