# R script for Peak Model
#  -- generated by MACS
p <- c(0.00525125134273,0.00532378243863,0.00548335084959,0.00570094413728,0.00593304364414,0.00607810583592,0.00631020534279,0.00644076131539,0.00661483594554,0.00686144167158,0.00705002252091,0.00716607227434,0.00745619665791,0.0076012588497,0.00777533347985,0.00796391432917,0.0081524951785,0.00839910090454,0.00858768175386,0.00881978126072,0.0091099056443,0.00932749893198,0.00960311709638,0.00989324147995,0.0100818223293,0.0104009591512,0.0106475648773,0.0109376892608,0.0111552825485,0.0113728758362,0.0115904691239,0.0118370748499,0.0117790499732,0.0117790499732,0.0118080624116,0.011764543754,0.0118660872883,0.0119096059458,0.0119096059458,0.0120111494801,0.0120401619184,0.0119531246033,0.0119096059458,0.0120401619184,0.012083680576,0.0121852241102,0.0122722614253,0.0123012738636,0.0122867676445,0.0124463360554,0.0126059044664,0.0127074480006,0.0127654728774,0.0127509666582,0.0127074480006,0.0126059044664,0.0126929417815,0.0127799790965,0.0128380039733,0.0127509666582,0.0128670164116,0.0128670164116,0.0128815226308,0.0128234977541,0.0128815226308,0.0129540537267,0.0129685599459,0.0129395475075,0.0128815226308,0.01289602885,0.0128234977541,0.0128234977541,0.0128670164116,0.012736460439,0.0127654728774,0.0128234977541,0.0126784355623,0.0126784355623,0.012736460439,0.0126929417815,0.0126204106856,0.0125333733705,0.0125333733705,0.0124608422746,0.0123592987404,0.0123592987404,0.012330286302,0.012170717891,0.012170717891,0.0120691743568,0.0121562116718,0.0121126930143,0.0120981867951,0.0120546681376,0.011924112165,0.0117935561924,0.011764543754,0.0117935561924,0.011764543754,0.0118080624116,0.0117935561924,0.0117935561924,0.0118950997266,0.0118515810691,0.011924112165,0.0120111494801,0.012083680576,0.0120401619184,0.0121562116718,0.0121417054527,0.0121562116718,0.012170717891,0.0122287427677,0.0121126930143,0.012083680576,0.0120256556992,0.0120401619184,0.0120256556992,0.012083680576,0.0121562116718,0.0121417054527,0.012170717891,0.0122722614253,0.0123592987404,0.0124173236171,0.0124463360554,0.0124173236171,0.012489854713,0.012489854713,0.0126494231239,0.0126349169047,0.0126929417815,0.012736460439,0.0127799790965,0.0128089915349,0.01289602885,0.0128670164116,0.0131281283568,0.0132586843294,0.0132876967678,0.0133747340829,0.0134327589596,0.0134327589596,0.0136213398089,0.0137228833432,0.0137518957815,0.0137518957815,0.0138679455349,0.0139694890692,0.0139839952884,0.0139404766308,0.014114551261,0.0143031321103,0.014274119672,0.0142306010144,0.014274119672,0.0143901694254,0.0144627005213,0.0146222689322,0.0147528249049,0.0147383186857,0.0147818373432,0.0147528249049,0.0147818373432,0.0149123933158,0.0150574555076,0.015173505261,0.0152315301378,0.0152750487953,0.0153475798912,0.0153040612337,0.0153185674528,0.0152895550145,0.0152170239186,0.0152750487953,0.0153040612337,0.0153040612337,0.0153765923295,0.0153185674528,0.0154056047679,0.0155216545213,0.0156812229323,0.0156377042748,0.0155941856172,0.0156231980556,0.0156957291515,0.0157827664666,0.0159133224392,0.0159133224392,0.01589881622,0.0160003597542,0.0159858535351,0.0160438784118,0.0160438784118,0.0161164095077,0.0162034468227,0.0162469654803,0.0164065338912,0.0166241271789,0.0167836955899,0.0169432640009,0.0169142515625,0.0169432640009,0.0169867826584,0.0170738199735,0.0171318448502,0.0173204256995,0.0172333883844,0.0173784505762,0.0174509816721,0.017523512768,0.0176105500831,0.0177120936173,0.0178281433708,0.0179586993434,0.018089255316,0.018089255316,0.0183648734804,0.018495429453,0.0185824667681,0.0185534543297,0.018742035179,0.0190176533434,0.0193222839462,0.0195253710147,0.0196414207681,0.0198300016174,0.0199605575901,0.0200040762476,0.0202506819736,0.0203812379462,0.0206713623298,0.0207583996449,0.0209614867134,0.0212661173161,0.0215707479189,0.0218753785217,0.0222670464395,0.0225426646039,0.0226732205765,0.0228618014258,0.0232389631245,0.0234565564121,0.0237031621382,0.0240368051793,0.0242253860286,0.0245735352889,0.0250087218643,0.0252988462479,0.0257340328232,0.0260096509876,0.0261837256178,0.0264883562205,0.0268074930425,0.0271701485219,0.0276488537548,0.0279244719192,0.0283306460562,0.0287368201932,0.0289834259193,0.0293750938371,0.0296507120015,0.0297812679741,0.030100404796,0.0305210851522,0.0307821970975,0.0311158401386,0.0315510267139,0.0318991759742,0.0322763376729,0.0324939309606,0.0330741797277,0.0334803538647,0.0340606026319,0.0344377643305,0.0347859135908,0.0351775815086,0.035772336495,0.0358883862484,0.0361494981936,0.0364396225772,0.0368167842758,0.0372084521937,0.0376001201115,0.0380788253444,0.0384414808239,0.038775123865,0.0390942606869,0.0396600032349,0.0402112395637,0.0407334634541,0.0412411811254,0.0418939609884,0.0422711226871,0.0426047657282,0.0431269896186,0.0436492135091,0.0440698938652,0.0444905742214,0.0448242172625,0.0452594038379,0.0456510717557,0.0459411961393,0.0466374946599,0.0473628056188,0.047783485975,0.0484072533997,0.049002008386,0.0495387384957,0.0499884312902,0.0506557173724,0.0510909039478,0.0518162149067,0.0523674512355,0.0529912186602,0.0537600482767,0.0546014089891,0.0553412261672,0.0560665371261,0.0566322796741,0.0575461714824,0.0581554326879,0.0588662374276,0.0597656230167,0.0604619215373,0.0613613071264,0.0621446429621,0.0631310658662,0.0637403270717,0.0645381691266,0.0651184178937,0.0660468159212,0.0666270646883,0.0674829316199,0.0684403420857,0.0690060846336,0.0697749142501,0.0707033122776,0.0716752289625,0.0724730710174,0.0736335685517,0.074474929264,0.0758675263052,0.0769409865244,0.0781885213738,0.0794940810999,0.0808721719219,0.0819456321411,0.0830771172371,0.0844552080591,0.085746261566,0.0867616969085,0.0879221944428,0.0891407168538,0.0905913387717,0.0919259109362,0.0933620266349,0.0946095614842,0.0958425901144,0.0972351871556,0.0985842655392,0.0999623563612,0.101296928526,0.103052181046,0.104807433567,0.105953424882,0.107462071677,0.109159299321,0.110377821732,0.111654369019,0.113206534471,0.114657156389,0.116252840499,0.118066117896,0.119545752253,0.121301004773,0.122969219979,0.124521385431,0.126233119294,0.127596703897,0.129395475075,0.131324802226,0.133007523651,0.134719257514,0.136518028692,0.138374824747,0.140072052391,0.141725761377,0.143640582309,0.145395834829,0.147310655761,0.149225476692,0.151270853597,0.153461292693,0.155608213131,0.157189391022,0.159597423405,0.161584775433,0.16357212746,0.165661023022,0.168141586502,0.170128938529,0.172348390064,0.17469839757,0.176801799351,0.179064769543,0.180965084256,0.18318453579,0.185708617927,0.187768501051,0.189625297106,0.192250922777,0.194223768585,0.196138589517,0.19837254727,0.20067903612,0.203101574723,0.205277507599,0.207279365846,0.209223199216,0.211196045024,0.213836176915,0.216418283929,0.218260573764,0.220509037737,0.22310565097,0.225513683354,0.227849184642,0.229865549108,0.232578212094,0.234812169848,0.237365264423,0.239773296807,0.242442441136,0.244792448643,0.247214987245,0.249739069383,0.252234139081,0.254511615492,0.256992178972,0.259342186479,0.261880774835,0.264288807219,0.267306100808,0.269801170507,0.272165684233,0.274631741493,0.277068786315,0.279679905768,0.281855838644,0.284220352371,0.286686409631,0.289312035302,0.291966673412,0.294621311522,0.296985825248,0.299451882508,0.301990470865,0.304340478372,0.307096660016,0.309693273249,0.312333405139,0.315133105441,0.317584656482,0.319862132893,0.322183127962,0.324649185222,0.327013698948,0.329059075852,0.331887788592,0.33476001999,0.337443670538,0.339416516346,0.34182454873,0.344334124648,0.346626107278,0.349382288922,0.352269026538,0.354619034045,0.357317190813,0.359449605032,0.362176774238,0.364729868813,0.367195926073,0.369923095279,0.371823409991,0.374289467252,0.377103673773,0.379569731033,0.381673132814,0.384052152759,0.38598147991,0.38809938791,0.390376864321,0.39252378476,0.394540149225,0.396846638075,0.398921027417,0.401285541144,0.402968262568,0.404796046185,0.406377224075,0.408219513911,0.410337421911,0.412353786377,0.413876939391,0.415588673254,