# R script for Peak Model
#  -- generated by MACS
p <- c(0.0080502245521,0.00834519461203,0.00856642215697,0.00878764970191,0.00907032934268,0.00931613772595,0.00954965569005,0.00975859281583,0.00993065868412,0.0101273053907,0.010373113774,0.0106312125764,0.0108278592831,0.0110613772472,0.0112826047921,0.0114915419179,0.0116636077862,0.0119462874269,0.0122043862294,0.0124624850318,0.0126099700618,0.0128066167684,0.0128926497025,0.0130401347325,0.0132613622774,0.0134457185649,0.0135932035948,0.0138021407206,0.0140848203614,0.0142937574872,0.0144535329363,0.0147116317387,0.0149328592837,0.0150680538945,0.0151172155711,0.0150557634753,0.0150680538945,0.0150803443136,0.0150557634753,0.0150557634753,0.0149697305412,0.0148959880262,0.014957440122,0.0150926347328,0.0149451497028,0.0149082784453,0.014957440122,0.0150188922178,0.0149820209603,0.0149328592837,0.014957440122,0.0148345359304,0.0148468263495,0.0148714071879,0.0150434730561,0.0150557634753,0.0151417964095,0.0152401197628,0.0152401197628,0.0151540868286,0.0151417964095,0.0152769910203,0.0153876047927,0.0153261526969,0.0153507335352,0.0154613473077,0.0155842514993,0.015707155691,0.0157563173676,0.0156702844335,0.0157686077868,0.0158669311401,0.0158546407209,0.0158054790443,0.0157440269485,0.0157440269485,0.0159038023976,0.0160389970084,0.0160144161701,0.0159529640742,0.0159529640742,0.0159775449126,0.0159898353317,0.0160021257509,0.016088158685,0.0159283832359,0.0158792215593,0.0159529640742,0.0160758682659,0.0161496107809,0.0163708383258,0.016383128745,0.0164445808408,0.0165920658707,0.0166780988049,0.0167026796432,0.0166903892241,0.0167149700624,0.0167395509007,0.0167518413199,0.0168010029965,0.0168747455115,0.0168624550923,0.0168993263498,0.0168870359307,0.0167887125774,0.0168010029965,0.016837874254,0.0169361976073,0.0170099401223,0.0170222305415,0.016985359284,0.0170713922181,0.0171205538948,0.017059101799,0.0170468113798,0.0171082634756,0.0171697155714,0.0172065868289,0.0173049101822,0.0174278143739,0.0173909431164,0.0172557485056,0.0173172006014,0.0173540718589,0.0173909431164,0.017513847308,0.0176244610805,0.0177104940146,0.0176367514996,0.017735074853,0.0177842365296,0.0178825598829,0.0178702694638,0.0178333982063,0.0177473652721,0.017735074853,0.0178333982063,0.0178333982063,0.0178211077871,0.0178825598829,0.0180300449129,0.0181406586854,0.0183741766495,0.0183127245536,0.0183987574878,0.0184970808411,0.018718308386,0.018792050901,0.0188289221585,0.018865793416,0.0189886976076,0.0190009880268,0.0192345059909,0.0193819910209,0.01939428144,0.0194065718592,0.01954176647,0.0196523802425,0.0198367365299,0.0198613173682,0.0198736077874,0.0200088023982,0.0200825449132,0.0201808682665,0.020217739524,0.0203283532965,0.0204143862306,0.0204389670689,0.0205618712606,0.0206847754522,0.0207708083863,0.0207953892247,0.0209551646738,0.0209920359313,0.0210411976079,0.0210043263504,0.0211026497038,0.0210903592846,0.0210780688654,0.0211641017996,0.0212132634762,0.0213607485062,0.0214836526978,0.021495943117,0.0216188473086,0.0216680089853,0.0217294610811,0.0216925898236,0.0219383982069,0.0220613023985,0.0221596257518,0.0222702395243,0.0223562724584,0.0223685628776,0.0223316916201,0.0222948203626,0.0223439820393,0.0223562724584,0.0224668862309,0.0224054341351,0.0225529191651,0.0227249850333,0.0228355988058,0.0228970509016,0.022847889225,0.0228355988058,0.0228355988058,0.0229339221591,0.0230691167699,0.023228892219,0.0232166017999,0.0233886676682,0.0235853143748,0.0236467664706,0.0236713473089,0.0237942515006,0.0238925748539,0.0240646407222,0.0241383832371,0.0242489970096,0.0243719012013,0.0245439670695,0.0245193862312,0.0246791616803,0.0247037425187,0.0246791616803,0.0247529041953,0.0248635179678,0.0249249700636,0.0249372604828,0.0250847455127,0.0250847455127,0.0252936826385,0.0253920059918,0.025551781441,0.0257484281476,0.0258344610817,0.0258713323392,0.0261171407225,0.0264121107824,0.026608757489,0.0268422754531,0.0270512125789,0.0274445059921,0.0277271856329,0.027960703597,0.0281819311419,0.0284769012019,0.0286489670702,0.0289808083876,0.0290545509026,0.0293372305433,0.0294355538966,0.0297059431182,0.0299517515015,0.0302590119806,0.0303819161722,0.0307752095854,0.0308489521004,0.0310701796454,0.0312299550945,0.0316847006035,0.0321148652743,0.0324958682683,0.0329137425199,0.0331226796457,0.0334913922206,0.0340075898255,0.034277979047,0.0344869161728,0.0349416616819,0.0353349550951,0.0358511527,0.0363181886282,0.0367360628798,0.0371539371313,0.0374366167721,0.037805329347,0.0380634281494,0.038260074856,0.0384321407243,0.0388131437184,0.0391941467125,0.0395259880299,0.0398209580898,0.0401896706647,0.0404846407246,0.0409393862337,0.0412343562936,0.0414432934194,0.0420086527009,0.0424142365333,0.0426846257549,0.0432622754556,0.0437293113838,0.0442332185695,0.0449214820427,0.0454253892284,0.0459907485099,0.0466175598872,0.0471583383304,0.0477974401269,0.0482398952168,0.0487683832408,0.0491862574924,0.0496901646781,0.0502678143788,0.0507840119837,0.0513002095885,0.0519147305467,0.0525784131815,0.0531191916247,0.0536968413254,0.0542499101878,0.0549135928226,0.0554297904275,0.0560197305473,0.0565359281522,0.0575314521044,0.0583057485117,0.0592152395298,0.0599157934221,0.0604934431228,0.0612677395301,0.0620297455183,0.0628163323447,0.0639224700694,0.0648319610875,0.0657168712673,0.066442005998,0.0669950748603,0.0678185329443,0.0684822155791,0.0694408682739,0.0700922604895,0.0707805239627,0.0716039820466,0.0724643113881,0.0731894461187,0.0740620658794,0.07463971558,0.0755860778556,0.0767045059995,0.0778352245626,0.0788553293531,0.0798877245629,0.0809324101918,0.0820631287548,0.0828865868388,0.0839066916293,0.0850497006115,0.0858731586955,0.0870776197735,0.0882083383366,0.0894865419296,0.0904574850435,0.0918585928281,0.0933948952236,0.09447645211,0.0957423652838,0.0968730838468,0.0980775449249,0.0994049101945,0.100633952111,0.101629476063,0.10314119762,0.104493143728,0.105722185645,0.106865194627,0.108303173669,0.109593667681,0.111007065885,0.112715434149,0.114214865287,0.115296422173,0.1166606587,0.11798802397,0.119462874269,0.120741077862,0.122117604809,0.123531003013,0.124968982055,0.126677350318,0.128299685648,0.129995763493,0.13121251499,0.132490718583,0.134162215589,0.135600194631,0.137394595829,0.139361062895,0.141044850321,0.143146511997,0.14457220062,0.146219116788,0.147878323375,0.149611272477,0.15133193116,0.153347559903,0.155166541939,0.157145299425,0.158730763497,0.160770973078,0.162811182659,0.164900553917,0.167014506013,0.168944101822,0.170775374277,0.173073682661,0.175236796433,0.176687065895,0.178469176673,0.180263577871,0.182217754518,0.184221092842,0.186445658711,0.188448997034,0.190354012005,0.192381931167,0.194581916197,0.196462350329,0.198465688652,0.200616512006,0.20290252997,0.205028772486,0.206798592845,0.208887964103,0.210903592846,0.213349386259,0.215143787457,0.217392934164,0.219494595841,0.221878937159,0.223538143746,0.225357125782,0.227532529974,0.229904580873,0.232178308418,0.234513488059,0.236590568898,0.238544745545,0.240892215605,0.243657559917,0.246140224588,0.248770374289,0.250982649738,0.253342410218,0.255419491056,0.257619476086,0.260052979081,0.262252964111,0.264686467105,0.266984775489,0.269836152735,0.272060718604,0.274199251538,0.276804820401,0.278832739563,0.280909820401,0.283195838366,0.285076272498,0.287595808426,0.289758922199,0.292057230583,0.294109730583,0.296813622799,0.299087350344,0.301471691662,0.303376706632,0.305724176692,0.307690643759,0.309620239567,0.311463802442,0.31325820364,0.31531070364,0.317522979089,0.319477155736,0.321283847353,0.323938577893,0.325732979091,0.327932964121,0.330059206636,0.332087125798,0.333844655739,0.335921736577,0.338220044961,0.340186512027,0.342546272506,0.344807709632,0.346983113824,0.348875838376,0.350621077897,0.35204676652,0.35380429646,0.355524955143,0.357282485083,0.358831077898,0.360539446162,0.361965134785,0.36350143718,0.365086901252,0.367151691672,0.36908128748,0.371072335385,0.372584056942,0.37378851802,0.375521467122,