# R script for Peak Model
#  -- generated by MACS
p <- c(0.0324288407231,0.034884476769,0.0363289685606,0.0389290537857,0.0416013636003,0.044418122594,0.0463681865128,0.0478126783045,0.0504127635295,0.0521461536795,0.0538795438295,0.0559740569274,0.0584296929733,0.0588630405108,0.0597297355858,0.0602353077129,0.0601630831233,0.0605964306608,0.0600908585337,0.0600908585337,0.059513061817,0.0598741847649,0.0593686126379,0.0595852864066,0.0598019601754,0.0601630831233,0.0605242060712,0.0606686552504,0.061607574915,0.0611020027879,0.0605964306608,0.0598741847649,0.0596575109962,0.0606686552504,0.0601630831233,0.0601630831233,0.0606686552504,0.0609575536087,0.0606686552504,0.0595852864066,0.0590074896899,0.0583574683837,0.0584296929733,0.0581407946149,0.0593686126379,0.0598741847649,0.0599464093545,0.0593686126379,0.0593686126379,0.0589352651004,0.0578518962566,0.0579963454358,0.0577074470774,0.0566240782337,0.0568407520024,0.0566240782337,0.0565518536441,0.0574185487191,0.0579963454358,0.0579241208462,0.0579241208462,0.0587185913316,0.0587185913316,0.0585019175629,0.0583574683837,0.0593686126379,0.0595852864066,0.0592241634587,0.0592963880483,0.0592963880483,0.0589352651004,0.0591519388691,0.0594408372274,0.0600186339441,0.0599464093545,0.059513061817,0.0604519814816,0.0601630831233,0.0591519388691,0.0606686552504,0.0598019601754,0.060379756892,0.0599464093545,0.0596575109962,0.0595852864066,0.0599464093545,0.0598741847649,0.0596575109962,0.0595852864066,0.0596575109962,0.0599464093545,0.0596575109962,0.0592241634587,0.0596575109962,0.0593686126379,0.0596575109962,0.059513061817,0.0590797142795,0.0587908159212,0.0581407946149,0.0583574683837,0.0578518962566,0.056912976592,0.0571296503608,0.0575629978983,0.0566240782337,0.0568407520024,0.0568407520024,0.057779671667,0.0578518962566,0.0584296929733,0.0578518962566,0.0581407946149,0.0579963454358,0.0580685700254,0.0579963454358,0.0587185913316,0.0585741421524,0.0592241634587,0.0592963880483,0.0592241634587,0.058646366742,0.0581407946149,0.0587185913316,0.058646366742,0.0592963880483,0.0587185913316,0.0594408372274,0.0606686552504,0.0616797995045,0.0620409224525,0.0631242912962,0.0641354355504,0.0639909863712,0.0635576388337,0.062979842117,0.0626909437587,0.0631965158858,0.0632687404754,0.0634131896545,0.0634131896545,0.0639187617816,0.0630520667066,0.0639909863712,0.0641354355504,0.0638465371921,0.0635576388337,0.0647132322671,0.0645687830879,0.0639909863712,0.0651465798046,0.0647132322671,0.0651465798046,0.0655077027525,0.0657966011108,0.065074355215,0.0647132322671,0.0637020880129,0.0634131896545,0.0636298634233,0.0642798847296,0.0650021306254,0.0653632535733,0.0655077027525,0.065074355215,0.0652188043941,0.0660132748796,0.0661577240587,0.0665188470067,0.0655799273421,0.0649299060358,0.0656521519316,0.0657243765212,0.0652188043941,0.0658688257004,0.0663021732379,0.0657243765212,0.0657966011108,0.0654354781629,0.0650021306254,0.0641354355504,0.0641354355504,0.0649299060358,0.0663021732379,0.0663021732379,0.0661577240587,0.0653632535733,0.065074355215,0.0641354355504,0.0628353929379,0.0636298634233,0.0644965584983,0.0639187617816,0.0639187617816,0.0647132322671,0.065074355215,0.0657243765212,0.0652188043941,0.0662299486483,0.0664466224171,0.066807745365,0.0665188470067,0.0663743978275,0.0663743978275,0.0665910715962,0.06767444044,0.0673133174921,0.0683244617462,0.06767444044,0.06594105029,0.0664466224171,0.0660132748796,0.0665188470067,0.0670966437233,0.0674577666712,0.0683966863358,0.0680355633879,0.0672410929025,0.0680355633879,0.0673855420817,0.0666632961858,0.0667355207754,0.0666632961858,0.0666632961858,0.0663021732379,0.06594105029,0.0653632535733,0.0652910289837,0.0657966011108,0.0655799273421,0.0657243765212,0.0650021306254,0.0660132748796,0.0649299060358,0.0651465798046,0.0660132748796,0.0652910289837,0.0655799273421,0.0663021732379,0.065074355215,0.0654354781629,0.0657966011108,0.0667355207754,0.0670966437233,0.0668799699546,0.0680355633879,0.0679633387983,0.0678188896192,0.0673855420817,0.0671688683129,0.0678911142087,0.0687578092837,0.06940783059,0.0701300764858,0.0694800551796,0.0707078732025,0.0712134453296,0.0716467928671,0.0719356912254,0.0717912420463,0.0723690387629,0.0725134879421,0.0732357338379,0.0736690813754,0.0743191026817,0.0744635518609,0.0741024289129,0.0741024289129,0.0732357338379,0.0726579371213,0.0724412633525,0.0725857125317,0.0722245895838,0.0724412633525,0.0733801830171,0.0734524076067,0.0730912846588,0.072007915815,0.072007915815,0.0715023436879,0.0715023436879,0.0707800977921,0.0707800977921,0.0703467502546,0.0706356486129,0.0717912420463,0.0714301190983,0.0715023436879,0.0733801830171,0.0735246321963,0.0725857125317,0.0730912846588,0.0742468780921,0.0743191026817,0.0754024715255,0.0761969420109,0.0765580649588,0.0759802682421,0.0764858403692,0.076702514138,0.0771358616755,0.0783636796984,0.0778581075713,0.0794470485421,0.0799526206692,0.0811082141026,0.082769379663,0.0829138288422,0.0829860534318,0.0825527058942,0.0830582780213,0.0831305026109,0.0838527485068,0.0848638927609,0.0826971550734,0.0829860534318,0.0832027272005,0.0843583206338,0.0843583206338,0.0850083419401,0.0849361173505,0.0848638927609,0.0850083419401,0.0855139140672,0.0866695075005,0.0871750796276,0.0860194861943,0.0860194861943,0.0868861812693,0.087102855038,0.0869584058589,0.0870306304484,0.0863806091422,0.0870306304484,0.0876084271651,0.0901362878005,0.0906418599276,0.0907863091068,0.0907140845172,0.0893418173151,0.0899918386214,0.0904974107485,0.0908585336964,0.0907140845172,0.0904251861589,0.0903529615693,0.0896307156735,0.0904974107485,0.0912918812339,0.0910752074651,0.0911474320547,0.090930758286,0.0921585763089,0.0922308008985,0.0933863943318,0.0928808222047,0.0938197418693,0.0933141697422,0.094397538586,0.0946864369443,0.0948308861235,0.093530843511,0.0932419451526,0.0933863943318,0.0932419451526,0.0949753353027,0.0950475598922,0.0973587467589,0.0969253992214,0.0976476451173,0.0973587467589,0.0973587467589,0.0988754631402,0.0984421156027,0.0974309713485,0.0982254418339,0.0985865647818,0.0991643614985,0.0995254844464,0.099597709036,0.0993088106777,0.0997421582152,0.0986587893714,0.0999588319839,0.0996699336256,0.0992365860881,0.100031056574,0.100753302469,0.100753302469,0.101475548365,0.10241446803,0.102847815567,0.103136713926,0.102558917209,0.104003409001,0.103858959821,0.104725654896,0.105231227024,0.105447900792,0.106170146688,0.106386820457,0.106820167994,0.106242371278,0.106964617174,0.107759087659,0.108698007324,0.109636926988,0.110503622063,0.111803664676,0.110575846653,0.110359172884,0.111586990907,0.111514766317,0.111586990907,0.111370317138,0.111731440086,0.112237012213,0.111659215497,0.111586990907,0.111298092549,0.110431397474,0.111514766317,0.111803664676,0.113392605647,0.113392605647,0.113970402363,0.115270444976,0.115342669565,0.115631567924,0.115631567924,0.115125995797,0.114620423669,0.114114851542,0.113681504005,0.113681504005,0.115992690872,0.117437182663,0.117148284305,0.117581631842,0.117870530201,0.118087203969,0.117364958074,0.116931610536,0.118159428559,0.118303877738,0.118087203969,0.119026123634,0.118087203969,0.119170572813,0.118087203969,0.119098348224,0.118737225276,0.119098348224,0.119892818709,0.120831738374,0.120831738374,0.12140953509,0.122059556397,0.122637353113,0.123504048188,0.12494853998,0.125237438338,0.124515192442,0.124804090801,0.124226294084,0.123937395726,0.124659641622,0.125815235055,0.126465256361,0.125598561286,0.127043053078,0.127548625205,0.12848754487,0.130798731736,0.131737651401,0.133326592372,0.132893244834,0.133904389088,0.133904389088,0.134265512036,0.134771084163,0.136215575955,0.136648923492,0.137443393978,0.138093415284,0.138165639874,0.137587843157,0.137443393978,0.139682356255,0.140187928382,0.143221361145,0.144449179168,0.145604772601,0.145965895549,0.146904815213,0.14914377749,0.14928822667,0.150082697155,0.149938247976,0.148349307005,0.14748261193,0.147988184057,0.147699285699,0.147988184057,0.148565980774,0.14928822667,