# R script for Peak Model
#  -- generated by MACS
p <- c(0.031706108355,0.0331524854468,0.0349794880891,0.0368826158415,0.0389379938141,0.0407649964564,0.0424397488785,0.0446093145162,0.0465885673787,0.0483013823559,0.0504328854386,0.0522218255258,0.0542010783883,0.0560280810306,0.057893146228,0.0597962739804,0.061090400852,0.0628793409392,0.0623084026135,0.0628412783842,0.0632599664897,0.064287655476,0.0645160308063,0.0650108440219,0.0654295321275,0.0653914695724,0.0658101576779,0.0656579074577,0.0652011567972,0.0655056572376,0.0652392193522,0.0653153444623,0.065086969132,0.0646302184715,0.0644399056962,0.0644018431412,0.064287655476,0.0647444061366,0.065086969132,0.0648205312467,0.0647063435815,0.0646302184715,0.0650108440219,0.0647444061366,0.0646302184715,0.0647444061366,0.0646302184715,0.0647444061366,0.0646302184715,0.0640973427008,0.0640973427008,0.0639070299255,0.0643637805861,0.0644018431412,0.0649727814669,0.0653914695724,0.0652392193522,0.0647444061366,0.0648205312467,0.0648205312467,0.0641354052558,0.0641734678109,0.0636025294852,0.0639831550356,0.0644779682513,0.0643257180311,0.0647824686916,0.0643257180311,0.0640592801457,0.0640212175907,0.0644399056962,0.0648585938017,0.0645160308063,0.064287655476,0.0636025294852,0.0635264043751,0.0630696537145,0.0628032158292,0.0623084026135,0.0620800272832,0.0619658396181,0.0620800272832,0.0616994017328,0.0615852140676,0.0614710264025,0.061889714508,0.0617374642878,0.0620039021731,0.061889714508,0.0617374642878,0.0614710264025,0.0605194625263,0.0607478378566,0.060329149751,0.0600627118657,0.0599485242006,0.0600246493106,0.060329149751,0.0605955876364,0.0607478378566,0.0605955876364,0.0604813999712,0.0606717127465,0.0609000880768,0.0613187761823,0.061090400852,0.0608239629667,0.0606336501914,0.0609762131868,0.0614329638474,0.0613949012924,0.0619658396181,0.0623084026135,0.062689028164,0.0629174034943,0.0629935286044,0.0631077162695,0.0628412783842,0.0625748404989,0.0625367779438,0.0627270907191,0.0627651532741,0.0627651532741,0.0623464651686,0.0625367779438,0.0625367779438,0.0626129030539,0.0627270907191,0.0631457788246,0.0636405920402,0.0635644669301,0.0632980290448,0.0633741541549,0.0631457788246,0.0632219039347,0.0627270907191,0.062689028164,0.0624987153888,0.061889714508,0.0618135893979,0.0612807136272,0.0616994017328,0.0615090889575,0.0612426510722,0.061090400852,0.0605575250813,0.0608239629667,0.0598723990905,0.0597201488703,0.0593395233198,0.0591111479895,0.0589208352143,0.0586543973289,0.0591111479895,0.0596440237602,0.0596440237602,0.0591492105445,0.0594156484299,0.0597582114253,0.0600627118657,0.0602149620859,0.060291087196,0.0604052748611,0.0607097753015,0.0601768995308,0.060291087196,0.0600627118657,0.0603672123061,0.0604052748611,0.0607859004116,0.0607478378566,0.0609762131868,0.061128463407,0.0615090889575,0.0621180898383,0.0626129030539,0.0631457788246,0.0630315911594,0.0632599664897,0.0632219039347,0.0633360915998,0.0632219039347,0.0636405920402,0.064287655476,0.0644018431412,0.0644779682513,0.065048906577,0.0653914695724,0.0655056572376,0.0654675946825,0.0655437197926,0.0657720951229,0.0663430334486,0.0661527206734,0.0659243453431,0.0655817823477,0.0652011567972,0.0652392193522,0.0647824686916,0.0648966563568,0.0654675946825,0.0652772819073,0.0660004704532,0.0656959700128,0.0654675946825,0.0652772819073,0.0654675946825,0.0652772819073,0.0655437197926,0.0652772819073,0.0644779682513,0.0639450924806,0.0638309048154,0.0637547797054,0.0636025294852,0.0643257180311,0.064287655476,0.0645540933614,0.0643637805861,0.0642115303659,0.0643637805861,0.0648205312467,0.0642115303659,0.0641354052558,0.0639070299255,0.063450279265,0.0632219039347,0.0629935286044,0.0628793409392,0.0625367779438,0.0623084026135,0.0621942149484,0.0622703400585,0.0623845277236,0.0623845277236,0.0629174034943,0.0622703400585,0.0619658396181,0.0616613391777,0.061889714508,0.062650965609,0.0625367779438,0.0630696537145,0.0632980290448,0.0634122167099,0.0636786545953,0.0638689673705,0.0637547797054,0.0640592801457,0.0640973427008,0.064287655476,0.0637547797054,0.06348834182,0.0643257180311,0.0645160308063,0.0648585938017,0.0651250316871,0.0647063435815,0.0650108440219,0.065048906577,0.0649347189118,0.065048906577,0.065086969132,0.0649347189118,0.0647063435815,0.0650108440219,0.0649347189118,0.0652772819073,0.0659624078981,0.0660004704532,0.0663049708936,0.0656579074577,0.0665333462239,0.0670281594395,0.0670281594395,0.0672945973248,0.0671042845496,0.067446847545,0.0669520343294,0.0672565347698,0.0669900968844,0.0671804096597,0.0675610352101,0.0676371603202,0.0677132854303,0.0680177858707,0.0687029118616,0.0691977250772,0.0693880378524,0.0691977250772,0.0691596625222,0.0693119127424,0.0695783506277,0.0702634766186,0.0706821647241,0.0711389153847,0.0718240413755,0.0721285418159,0.0724330422563,0.0733846061325,0.0741458572334,0.0749071083344,0.0755922343253,0.0766199233116,0.0762773603161,0.0765437982015,0.0774192369676,0.0784469259539,0.0779140501832,0.0779140501832,0.078523051064,0.0789417391695,0.0790559268346,0.0792462396099,0.0795126774952,0.0800455532659,0.0803881162613,0.0808068043668,0.0816441805779,0.0823293065688,0.082481556789,0.0829002448945,0.0830144325596,0.083280870445,0.0836234334404,0.0833569955551,0.0839279338808,0.0845749973166,0.0843846845414,0.0847653100918,0.0850698105322,0.0854123735276,0.0851459356423,0.0855646237478,0.0855646237478,0.0857549365231,0.0856026863029,0.0858310616332,0.0859071867433,0.085716873968,0.0860594369635,0.0862497497387,0.0852981858625,0.0850698105322,0.085678811413,0.0862497497387,0.0863639374038,0.0867826255094,0.0871251885048,0.0876580642755,0.0878864396058,0.0879625647159,0.0882670651562,0.0886096281517,0.0886476907067,0.0892186290324,0.0892186290324,0.0897515048031,0.089637317138,0.0897515048031,0.0899418175784,0.0900940677985,0.0900560052435,0.0899418175784,0.0897895673582,0.0889902537022,0.0881528774911,0.0879245021608,0.0884573779315,0.0886096281517,0.0890283162572,0.0889141285921,0.0890283162572,0.0881528774911,0.0885715655966,0.0884954404865,0.0883051277113,0.0886096281517,0.0889902537022,0.0883051277113,0.0885335030416,0.0883431902663,0.0880006272709,0.0877341893856,0.0875819391654,0.0875058140553,0.0876961268305,0.0877722519406,0.0877341893856,0.0869729382846,0.0874677515002,0.08731550128,0.0878864396058,0.0870490633947,0.0870490633947,0.086478125069,0.0862878122937,0.086478125069,0.0864400625139,0.0861355620736,0.0865542501791,0.0874677515002,0.0882670651562,0.0886096281517,0.0886096281517,0.0878864396058,0.0876961268305,0.0878103144957,0.0876961268305,0.0881148149361,0.0878103144957,0.0878483770507,0.0886476907067,0.0890283162572,0.0895231294728,0.089675379693,0.0902082554637,0.0900560052435,0.0902463180187,0.0900940677985,0.0903605056839,0.0898656924683,0.0898656924683,0.0895231294728,0.0900940677985,0.0906269435692,0.0897515048031,0.0897895673582,0.089675379693,0.0899418175784,0.0902463180187,0.0907030686793,0.0913881946702,0.0915023823353,0.0915023823353,0.0916546325555,0.0919591329959,0.092035258106,0.0923016959913,0.0922255708812,0.0926442589868,0.0934435726428,0.0941667611887,0.093633885418,0.094395136519,0.0953467003952,0.0956892633906,0.0957273259456,0.0953467003952,0.0949660748447,0.0954228255053,0.096793077487,0.0958034510557,0.0962982642714,0.0969453277072,0.0973640158127,0.0977065788081,0.0977827039182,0.0983155796889,0.0989245805697,0.0992290810101,0.0993813312303,0.100332895106,0.100409020217,0.101170271318,0.101512834313,0.101741209643,0.102159897749,0.102159897749,0.102616648409,0.102883086295,0.10345402462,0.103415962065,0.103263711845,0.10322564929,0.104024962946,0.103758525061,0.104367525942,0.104595901272,0.105242964708,0.105357152373,0.105204902153,0.105395214928,0.105966153254,0.10684159202,0.10691771713,0.10684159202,0.106346778804,0.10722221757,0.108059593781,0.108516344442,0.108896969992,0.109353720653,0.110685910079,0.110723972635,0.11114266074,0.111180723295,0.111865849286,0.112322599947,0.113426414043,0.113312226378,0.114111540034,