# R script for Peak Model
#  -- generated by MACS
p <- c(0.0364977563017,0.037633681058,0.038917769913,0.0398314485214,0.0409179852448,0.0420539100012,0.0431898347575,0.0443504535303,0.0455110723031,0.0464988329608,0.0474372055856,0.0482768021446,0.0493386448516,0.0502276294436,0.0511660020684,0.0520549866603,0.053042747318,0.0540552019921,0.055166432732,0.0563517455212,0.0574382822447,0.0583519608531,0.0592162514285,0.0601546240534,0.0611670787275,0.0622783094674,0.0632166820922,0.0642538307828,0.0652909794733,0.0663775161968,0.0674393589038,0.068451813578,0.069513656285,0.0706248870249,0.0717608117812,0.0712916254688,0.0710940733373,0.0711434613702,0.0711681553866,0.0711187673537,0.0710446853044,0.0709212152222,0.0708471331729,0.0708224391564,0.070575498992,0.070353252844,0.0701557007125,0.070131006696,0.0701557007125,0.0702544767782,0.0701803947289,0.070131006696,0.0700075366138,0.0700816186631,0.0697112084165,0.0695630443179,0.0698346784987,0.0696865144001,0.0697605964494,0.0696865144001,0.069513656285,0.0695383503014,0.0696371263672,0.0699334545645,0.0705014169427,0.0706001930084,0.0706001930084,0.0704273348933,0.0703285588276,0.0704767229262,0.0707236630906,0.070575498992,0.0703038648111,0.0706248870249,0.0705261109591,0.0705261109591,0.0704520289098,0.070353252844,0.0703038648111,0.070575498992,0.0709459092386,0.0712669314524,0.0710940733373,0.0710693793208,0.0712422374359,0.0713657075181,0.0712669314524,0.071019991288,0.0708718271893,0.070575498992,0.0705261109591,0.0705508049755,0.0703779468605,0.0702297827618,0.0701557007125,0.0700569246467,0.0700075366138,0.0700816186631,0.0699581485809,0.0700322306303,0.0698593725152,0.069735902433,0.0696124323507,0.0693901862028,0.0693407981699,0.0695383503014,0.0696371263672,0.0696124323507,0.0696865144001,0.0694148802192,0.069513656285,0.0695383503014,0.069513656285,0.0696371263672,0.0696371263672,0.069908760548,0.0698593725152,0.0701063126796,0.0700816186631,0.0699581485809,0.0701803947289,0.0703779468605,0.0702050887454,0.0703285588276,0.0706248870249,0.0703038648111,0.0702544767782,0.0702050887454,0.0701803947289,0.0702544767782,0.0706248870249,0.0705014169427,0.0704520289098,0.0702791707947,0.0696618203836,0.0696865144001,0.0698346784987,0.0703038648111,0.0703038648111,0.0698840665316,0.0694642682521,0.069735902433,0.0695877383343,0.0692420221041,0.0695383503014,0.0696124323507,0.0693654921863,0.0694642682521,0.0695630443179,0.069291410137,0.0689950819397,0.068846917841,0.0690938580055,0.069069163989,0.0689950819397,0.0691432460383,0.069291410137,0.069513656285,0.0694642682521,0.0696865144001,0.0698099844823,0.0698840665316,0.0701063126796,0.0702544767782,0.0701803947289,0.0701557007125,0.0706001930084,0.0706248870249,0.0706989690742,0.0706001930084,0.0706742750578,0.0707483571071,0.0707730511235,0.0709952972715,0.0709952972715,0.0710693793208,0.0711681553866,0.0713163194853,0.0713657075181,0.0714891776004,0.0713410135017,0.0713904015346,0.0713410135017,0.0713163194853,0.0714891776004,0.0710693793208,0.0710940733373,0.0708718271893,0.0709706032551,0.0709459092386,0.0708965212057,0.0709212152222,0.0713410135017,0.0711681553866,0.0709952972715,0.0714891776004,0.0714644835839,0.0718348938305,0.0721312220279,0.0723287741594,0.0723781621923,0.0725510203074,0.0726497963731,0.0727238784225,0.0726744903896,0.0728720425211,0.0727979604718,0.0727485724389,0.0734400048993,0.0737116390802,0.0738104151459,0.0736375570308,0.0737363330966,0.0741314373597,0.0739585792446,0.073761027113,0.0742302134254,0.0742302134254,0.0740573553103,0.0741314373597,0.0740573553103,0.0741067433432,0.0740079672775,0.0744771535899,0.074650011705,0.0744524595734,0.0745512356392,0.0745265416228,0.0746747057214,0.0748722578529,0.0746993997378,0.0748969518694,0.0753414441653,0.0753414441653,0.0755883843298,0.0756130783462,0.0752426680996,0.075045115968,0.0750204219516,0.0749216458858,0.0748475638365,0.0749463399023,0.0748969518694,0.0748475638365,0.0748228698201,0.0747240937543,0.0747240937543,0.0748722578529,0.0747981758036,0.0751932800667,0.0753167501489,0.0756871603955,0.0759834885928,0.0758600185106,0.0759834885928,0.076551450971,0.0766255330203,0.076551450971,0.076329204823,0.0766008390039,0.0768971672012,0.0768971672012,0.076551450971,0.0767490031026,0.0771441073656,0.0771688013821,0.0771194133492,0.0768971672012,0.0766008390039,0.0764526749052,0.076329204823,0.0765267569546,0.0763538988395,0.0763785928559,0.076551450971,0.0767983911354,0.0769712492505,0.0768971672012,0.0764526749052,0.0763538988395,0.0767243090861,0.0767243090861,0.0770206372834,0.0768477791683,0.0769465552341,0.0769465552341,0.0768477791683,0.0769218612177,0.0771194133492,0.0773416594972,0.0776626817109,0.0777861517931,0.0779590099082,0.0777614577767,0.0776626817109,0.0778602338425,0.078280032122,0.0786010543357,0.0790208526152,0.0788726885166,0.0789714645824,0.0790949346646,0.0789961585988,0.0795147329441,0.0796135090099,0.0802308594209,0.0805765756511,0.0811198440128,0.081687806391,0.0821076046705,0.0824533209007,0.0826508730323,0.0831447533611,0.083194141394,0.0833176114762,0.0839349618873,0.0842806781174,0.0843794541832,0.0848486404956,0.0845276182819,0.0846510883641,0.0846017003312,0.0844288422161,0.0847992524627,0.0851202746765,0.08509558066,0.0854412968902,0.085762319104,0.0863302814822,0.0865525276301,0.0866513036959,0.0868488558274,0.0872933481234,0.0874168182056,0.0874415122221,0.0879353925509,0.0881329446824,0.0885774369784,0.0888490711593,0.089170093373,0.0894911155868,0.0896886677183,0.0899356078827,0.0901825480471,0.0901578540307,0.0899603018992,0.0898615258334,0.0900837719814,0.0902072420636,0.0906270403431,0.0907752044418,0.0912690847706,0.0913431668199,0.0914419428857,0.0914172488693,0.0916641890337,0.0918864351817,0.0920099052639,0.0921333753461,0.0922568454283,0.0924790915763,0.092577867642,0.0926272556749,0.0933433821518,0.0936150163326,0.0935409342833,0.0935903223162,0.0937137923984,0.093466852234,0.0936644043655,0.0938866505135,0.0935903223162,0.0938866505135,0.0935409342833,0.0936150163326,0.0935903223162,0.0937878744477,0.0938125684642,0.0936150163326,0.093466852234,0.0937137923984,0.0939360385464,0.0940348146121,0.0944793069081,0.0948991051876,0.0948003291219,0.0952201274014,0.095812783796,0.096035029944,0.0964795222399,0.096874626503,0.0972203427332,0.0975660589634,0.0975660589634,0.0974919769141,0.0975413649469,0.0974919769141,0.0974178948647,0.097319118799,0.0972697307661,0.0971709547003,0.0973932008483,0.0975166709305,0.0977389170785,0.0976401410127,0.0973438128154,0.09793646921,0.0982574914238,0.0982327974073,0.0983562674895,0.0984550435553,0.0984550435553,0.098603207654,0.0986772897033,0.0991958640486,0.0993193341308,0.0997391324103,0.0999366845418,0.100381176838,0.10050464692,0.100479952904,0.100529340936,0.100677505035,0.100973833232,0.101220773397,0.101344243479,0.101566489627,0.101788735775,0.101936899874,0.10230731012,0.102332004137,0.102529556268,0.102924660531,0.102406086186,0.102628332334,0.103146906679,0.102998742581,0.103171600696,0.103467928893,0.103665481025,0.104011197255,0.104381607501,0.104430995534,0.105073039962,0.10564100234,0.105764472422,0.105912636521,0.106011412587,0.10640651685,0.106826315129,0.106925091195,0.106900397179,0.107023867261,0.106949785211,0.10675223308,0.107147337343,0.107023867261,0.106702845047,0.106678151031,0.107023867261,0.107048561277,0.107073255294,0.107418971524,0.10778938177,0.108159792017,0.108258568083,0.108801836445,0.109789597102,0.110209395382,0.110110619316,0.110703275711,0.110629193661,0.110950215875,0.111221850056,0.111641648335,0.111839200467,0.111987364566,0.112333080796,0.11292573719,0.113172677355,0.113222065388,0.113147983338,0.113271453421,0.113617169651,0.113197371371,0.113641863667,0.11411104998,0.114234520062,0.11411104998,0.114530848259,0.115271668752,0.115296362769,0.115395138835,0.11556799695,0.115938407196,0.116481675558,0.116778003755,0.116926167854,0.117444742199,0.118012704578,0.11890168917,0.11959312163,0.120087001959,0.120877210485,0.121198232699,