# R script for Peak Model
#  -- generated by MACS
p <- c(0.0252620942276,0.0265379575724,0.0285793389242,0.0302379612724,0.0317689972862,0.0331724469656,0.0353414146518,0.037000037,0.0389138320173,0.0408276270345,0.0424862493828,0.0444000444,0.0445276307345,0.0432517673897,0.0428690083862,0.0433793537242,0.0432517673897,0.0419759040449,0.0414655587069,0.0410827997035,0.0413379723725,0.0436345263931,0.0442724580656,0.0445276307345,0.0454207350759,0.0461862530828,0.0465690120863,0.0469517710897,0.0478448754311,0.0492483251104,0.0484828071035,0.0487379797725,0.048610393438,0.0478448754311,0.0488655661069,0.048355220769,0.048610393438,0.0493759114449,0.0493759114449,0.0493759114449,0.0489931524414,0.0505241884552,0.0503966021207,0.0507793611242,0.0505241884552,0.0489931524414,0.0487379797725,0.0482276344345,0.0488655661069,0.0484828071035,0.0481000481,0.048355220769,0.0479724617656,0.0468241847552,0.048355220769,0.0479724617656,0.048355220769,0.0503966021207,0.0496310841138,0.0497586704483,0.0498862567828,0.0506517747897,0.0501414294518,0.0501414294518,0.0507793611242,0.0498862567828,0.0498862567828,0.0500138431173,0.0502690157863,0.0505241884552,0.0510345337932,0.0510345337932,0.0506517747897,0.0506517747897,0.0496310841138,0.0501414294518,0.0507793611242,0.0512897064621,0.0500138431173,0.0510345337932,0.0512897064621,0.0501414294518,0.0497586704483,0.0509069474587,0.0514172927966,0.0510345337932,0.0515448791311,0.0511621201276,0.0510345337932,0.0518000518001,0.0521828108035,0.0526931561414,0.0525655698069,0.0530759151449,0.0535862604828,0.0540966058207,0.0534586741483,0.0549897101621,0.0566483325104,0.0553724691656,0.0543517784897,0.0546069511587,0.0551172964966,0.0548621238276,0.055755228169,0.0563931598414,0.0567759188449,0.0563931598414,0.0569035051794,0.0581793685242,0.0590724728656,0.0592000592001,0.0595828182035,0.059710404538,0.0603483362104,0.0595828182035,0.059965577207,0.0600931635414,0.059455231869,0.0589448865311,0.0592000592001,0.0586897138621,0.0586897138621,0.059965577207,0.0608586815483,0.0606035088794,0.0608586815483,0.0616241995552,0.0604759225449,0.0602207498759,0.0609862678828,0.0617517858897,0.0604759225449,0.059965577207,0.0593276455345,0.0593276455345,0.059965577207,0.059455231869,0.0595828182035,0.0593276455345,0.0584345411932,0.0580517821897,0.0581793685242,0.0583069548587,0.0589448865311,0.059455231869,0.0586897138621,0.0572862641828,0.0566483325104,0.0569035051794,0.0569035051794,0.0558828145035,0.0569035051794,0.056265573507,0.0558828145035,0.0552448828311,0.0575414368518,0.0566483325104,0.0569035051794,0.0579241958552,0.0569035051794,0.0575414368518,0.0574138505173,0.0571586778483,0.0585621275276,0.0581793685242,0.0584345411932,0.0581793685242,0.0579241958552,0.0574138505173,0.0577966095207,0.0583069548587,0.0588173001966,0.0590724728656,0.0592000592001,0.059455231869,0.0579241958552,0.0584345411932,0.0589448865311,0.0595828182035,0.0572862641828,0.0584345411932,0.0574138505173,0.0577966095207,0.0590724728656,0.0575414368518,0.0577966095207,0.059455231869,0.0590724728656,0.0589448865311,0.059455231869,0.0609862678828,0.0612414405518,0.0608586815483,0.0612414405518,0.0611138542173,0.0620069585587,0.0622621312276,0.0632828219035,0.0639207535759,0.0640483399104,0.0657069622587,0.0649414442518,0.0640483399104,0.0650690305863,0.0645586852483,0.0648138579173,0.0635379945725,0.0632828219035,0.0643035125794,0.0630276492345,0.0630276492345,0.063155235569,0.0640483399104,0.0630276492345,0.0618793722242,0.0627724765656,0.0630276492345,0.0616241995552,0.0625173038966,0.0623897175621,0.0622621312276,0.0617517858897,0.0617517858897,0.0635379945725,0.0622621312276,0.063410408238,0.0654517895897,0.0649414442518,0.0653242032552,0.0672379982725,0.0694069659587,0.0688966206208,0.0697897249621,0.0711931746415,0.0713207609759,0.0717035199794,0.0719586926483,0.0723414516518,0.0740000740001,0.0733621423277,0.0754035236794,0.0765518006897,0.0771897323621,0.0773173186966,0.0775724913656,0.0771897323621,0.0760414553518,0.0751483510104,0.0750207646759,0.0752759373449,0.0750207646759,0.0752759373449,0.0750207646759,0.0727242106552,0.0711931746415,0.0711931746415,0.0711931746415,0.0715759336449,0.0719586926483,0.0728517969897,0.0729793833242,0.0734897286621,0.0736173149966,0.074255246669,0.0725966243208,0.0737449013311,0.0736173149966,0.0743828330035,0.0734897286621,0.0750207646759,0.0771897323621,0.077955250369,0.0791035273794,0.0792311137139,0.0778276640346,0.0785931820415,0.0794862863828,0.0820380130725,0.081910426738,0.0844621534277,0.0848449124311,0.0854828441035,0.0849724987656,0.0845897397622,0.0838242217553,0.0845897397622,0.0844621534277,0.0836966354208,0.0839518080897,0.0838242217553,0.0849724987656,0.0845897397622,0.0867587074484,0.0853552577691,0.0867587074484,0.0857380167725,0.0865035347794,0.0870138801173,0.0873966391208,0.0882897434622,0.0885449161311,0.0889276751346,0.0921173334966,0.0912242291553,0.0921173334966,0.0931380241725,0.093265610507,0.0939035421794,0.0954345781932,0.0958173371966,0.0958173371966,0.0988794092242,0.100665617907,0.101813894917,0.102579412924,0.102706999259,0.103727689935,0.10474838061,0.104110448938,0.1073001073,0.106917348297,0.1073001073,0.110362179328,0.111893215341,0.113169078686,0.11355183769,0.112531147014,0.112531147014,0.112403560679,0.111638042673,0.113169078686,0.113041492352,0.113807010359,0.11355183769,0.11584839171,0.115082873704,0.114189769362,0.11355183769,0.11355183769,0.114062183028,0.113934596693,0.113807010359,0.114317355697,0.11214838801,0.112531147014,0.113296665021,0.111765629007,0.109469074986,0.108703556979,0.108575970645,0.108065625307,0.107682866304,0.109724247655,0.109596661321,0.108575970645,0.108958729648,0.110234592993,0.110107006659,0.108703556979,0.108320797976,0.108703556979,0.109086315983,0.107938038973,0.10844838431,0.108065625307,0.109341488652,0.10844838431,0.109724247655,0.108958729648,0.108065625307,0.107427693635,0.107555279969,0.109469074986,0.109086315983,0.109596661321,0.110362179328,0.10844838431,0.108575970645,0.111382870004,0.11214838801,0.112275974345,0.11355183769,0.114317355697,0.114827701035,0.115338046373,0.116358737048,0.116996668721,0.116358737048,0.117889773062,0.116741496052,0.1184001184,0.118655291069,0.119675981745,0.120696672421,0.121079431424,0.123631158114,0.121844949431,0.12324839911,0.124396676121,0.125417366797,0.125544953131,0.125927712135,0.123503571779,0.123375985445,0.122227708435,0.121589776762,0.121207017759,0.122610467438,0.122355294769,0.121972535766,0.121589776762,0.122610467438,0.121589776762,0.124779435124,0.123886330783,0.124779435124,0.124269089786,0.124524262455,0.12465184879,0.12324839911,0.124907021459,0.125162194128,0.124907021459,0.1258001258,0.125417366797,0.125544953131,0.125927712135,0.12694840281,0.127331161814,0.128096679821,0.127586334483,0.127331161814,0.128734611493,0.127586334483,0.129244956831,0.131541510852,0.131158751848,0.129372543166,0.130393233842,0.13064840651,0.132307028859,0.1332001332,0.134220823876,0.133710478538,0.134475996545,0.134475996545,0.134603582879,0.133838064873,0.134220823876,0.13434841021,0.13575185989,0.136007032559,0.137027723235,0.137920827576,0.139324277255,0.138941518252,0.140727726935,0.143789798962,0.144172557966,0.143024280955,0.142513935617,0.143279453624,0.142003590279,0.143534626293,0.142896694621,0.142386349283,0.144555316969,0.146979457324,0.147489802662,0.148765666007,0.149913943017,0.151955324369,0.153996705721,0.154379464724,0.153996705721,0.152593256042,0.151827738035,0.151189806362,0.151955324369,0.153103601379,0.153358774048,0.154379464724,0.155527741735,0.156676018745,0.159355331769,0.160248436111,0.163820853476,0.164076026145,0.168286375183,0.170582929204,0.17275189689,0.175048450911,0.174155346569,0.175431209914,0.177217418597,0.178748454611,0.180789835962,0.183341562652,0.187169152686,0.188445016031,0.191889847062,0.195972609766,0.197376059445,0.198907095459,0.198907095459,0.200055372469,0.200182958804,0.20120364948,0.202096753821,0.203882962504,0.20490365318,0.207710552538,