# R script for Peak Model
#  -- generated by MACS
p <- c(0.0267962262845,0.0278320926108,0.0292223342593,0.0303399795062,0.0316757018744,0.0329296453221,0.0342653676903,0.0360372443012,0.0375637841505,0.0390358047196,0.0402624885271,0.0417890283765,0.043506385707,0.0450056659162,0.0464504268451,0.0477316299329,0.0492854294225,0.0509755271128,0.0509482674727,0.0509482674727,0.0507029307112,0.050839228912,0.0508664885522,0.0508937481923,0.0513026427949,0.0514389409957,0.051820575958,0.0520659127195,0.0520931723597,0.0520386530794,0.0519568741589,0.0520386530794,0.0524475476819,0.052311249481,0.0520386530794,0.0517933163179,0.0523385091212,0.0529927404852,0.0527746633639,0.0532925965271,0.0534561543681,0.0538923086107,0.0540286068116,0.0532925965271,0.0531017790459,0.0531835579664,0.0534834140082,0.0534561543681,0.0534016350877,0.0532925965271,0.0531290386861,0.0533743754476,0.0532380772467,0.0527201440836,0.0528837019246,0.0532653368869,0.0535651929287,0.0532108176066,0.0537287507697,0.0531835579664,0.0532380772467,0.0533743754476,0.0531562983262,0.0533198561672,0.0532925965271,0.0536469718492,0.0538923086107,0.0537014911296,0.0536197122091,0.0539740875312,0.0540286068116,0.0539740875312,0.0534016350877,0.0529109615647,0.0535651929287,0.0536469718492,0.0537287507697,0.0534834140082,0.0534834140082,0.0536742314894,0.0537014911296,0.0538650489706,0.0537560104099,0.0538923086107,0.0537014911296,0.0539195682509,0.0542466839329,0.0543829821338,0.0546283188953,0.0554733677405,0.0553643291798,0.0547100978158,0.0548191363764,0.0550644731379,0.0550644731379,0.0553643291798,0.0552007713388,0.0550099538576,0.0553370695396,0.0549009152969,0.0550917327781,0.0550644731379,0.0554188484601,0.0554461081003,0.0549554345773,0.0543284628534,0.0546010592551,0.0549554345773,0.0555006273806,0.055718704502,0.0555824063011,0.0549281749371,0.0550372134978,0.0555278870208,0.0556096659413,0.0560185605438,0.0564819744266,0.0561821183848,0.0562638973053,0.0563184165856,0.0564001955061,0.0562366376651,0.0560185605438,0.0558004834225,0.0557459641421,0.0553915888199,0.0556096659413,0.0561275991045,0.056045820184,0.0561548587446,0.0564001955061,0.0562638973053,0.0561548587446,0.0559640412635,0.0557732237823,0.0559095219831,0.0556369255815,0.0554188484601,0.0549009152969,0.0551189924183,0.0553370695396,0.055882262343,0.0556096659413,0.0554188484601,0.0555006273806,0.0558004834225,0.0558277430626,0.0568908690292,0.0568908690292,0.0564819744266,0.0562638973053,0.0563184165856,0.056045820184,0.0561821183848,0.056209378025,0.0559095219831,0.0561003394643,0.0564001955061,0.0568908690292,0.0569726479497,0.0569999075898,0.0568908690292,0.0568090901086,0.0565637533471,0.0564547147865,0.0567818304685,0.0565910129873,0.05702716723,0.0573270232718,0.0573270232718,0.0576268793137,0.0574905811128,0.057844956435,0.0578176967948,0.0580902931965,0.0579812546358,0.0579267353555,0.0579812546358,0.0581448124768,0.058008514276,0.0578994757153,0.0576268793137,0.057517840753,0.0571089461505,0.0573270232718,0.057517840753,0.0583901492384,0.0585537070794,0.0588808227614,0.058989861322,0.0592351980835,0.0599712083681,0.0598894294476,0.0597803908869,0.0591261595229,0.0592624577237,0.058826303481,0.0590171209622,0.0590443806024,0.0592897173639,0.0593987559245,0.0591261595229,0.0592351980835,0.0592079384434,0.0591806788032,0.059644092686,0.0594532752049,0.0598621698074,0.0599439487279,0.0604891415312,0.0604891415312,0.0610615939747,0.0614977482174,0.0617430849789,0.0619884217404,0.0623700567028,0.0620156813806,0.0622064988618,0.0622337585019,0.0624790952634,0.0625881338241,0.0625063549036,0.0619339024601,0.0619884217404,0.0619339024601,0.0621519795814,0.0623973163429,0.0621792392216,0.0625336145438,0.0629152495061,0.063378663389,0.0637875579915,0.0647689050375,0.0652868382007,0.0652595785605,0.0649052032383,0.065668473163,0.0657775117237,0.0656957328032,0.0658865502844,0.0662681852467,0.0659410695647,0.0665407816484,0.0673858304936,0.0673858304936,0.0671950130124,0.0673858304936,0.0673585708534,0.0673858304936,0.0669496762509,0.0673858304936,0.0677674654559,0.0683671775396,0.0686942932216,0.0687760721421,0.0688033317823,0.0686670335814,0.0690486685438,0.0692394860249,0.069893717389,0.0697301595479,0.0698391981086,0.0696756402676,0.0698391981086,0.0699754963095,0.0696211209873,0.0701390541505,0.0698664577488,0.0698119384684,0.069893717389,0.0704934294726,0.0710931415563,0.0712839590375,0.0717201132802,0.0723743446442,0.0727832392467,0.0727559796065,0.0731376145689,0.0730285760082,0.0733011724099,0.0740644423345,0.0747459333387,0.0752093472216,0.0754819436232,0.0761089153471,0.0768176659914,0.0771447816735,0.0768449256316,0.0771993009538,0.0772810798743,0.0782896865605,0.0788348793638,0.079189254686,0.0795436300082,0.080497717414,0.080170601732,0.0809066120165,0.0812064680584,0.0822423343847,0.0822695940249,0.0822150747446,0.0827875271881,0.0830056043094,0.0839324320751,0.0844231055981,0.0845048845186,0.0848320002006,0.0856497894056,0.0855952701253,0.0862495014893,0.0866583960918,0.0869037328533,0.0871218099747,0.087667002778,0.0884030130625,0.0878850798994,0.0878033009789,0.0876397431379,0.0878578202592,0.0880213781002,0.0881031570207,0.0878578202592,0.0877487816985,0.0883484937822,0.0887028691044,0.0892480619077,0.0889209462257,0.0893025811881,0.0898477739914,0.0900658511128,0.0899295529119,0.0904747457153,0.0907746017571,0.0908018613973,0.0901748896734,0.0905837842759,0.0909381595981,0.0912107559998,0.0911562367194,0.0911017174391,0.0906655631964,0.0908563806776,0.0904747457153,0.0903657071546,0.0907746017571,0.0906110439161,0.0906110439161,0.0900385914726,0.0905292649956,0.0905565246358,0.0903111878743,0.0907473421169,0.0909926788784,0.0914833524015,0.0917559488031,0.0918649873638,0.0918377277236,0.0921648434056,0.0923284012466,0.0923284012466,0.0926827765688,0.0931189308115,0.092710036209,0.0923284012466,0.0919467662843,0.0918649873638,0.091728689163,0.0914015734809,0.0908018613973,0.0906655631964,0.0912652752801,0.0913197945604,0.0917832084433,0.0917559488031,0.0918104680835,0.0919467662843,0.0924919590876,0.092710036209,0.0930916711713,0.0926827765688,0.0924101801671,0.0923556608868,0.0923556608868,0.0930644115312,0.09287359405,0.0933370079328,0.0937731621755,0.0941547971378,0.094182056778,0.0942093164182,0.0942638356985,0.0941547971378,0.0939912392968,0.0942638356985,0.0943728742592,0.09450917246,0.0941547971378,0.0932824886525,0.0942093164182,0.0943728742592,0.0945909513805,0.095326961665,0.0957903755479,0.0960357123094,0.0967989822341,0.0976985503596,0.0972623961169,0.0973986943178,0.0971806171964,0.0975077328784,0.0977530696399,0.0982982624433,0.0984618202843,0.0981347046023,0.0981892238826,0.0983800413638,0.0989252341671,0.0988707148868,0.0992523498491,0.0993068691295,0.09938864805,0.0989252341671,0.0987616763261,0.0985708588449,0.0983255220834,0.0985981184851,0.0985708588449,0.0995794655311,0.100015619774,0.100615331857,0.100887928259,0.10099696682,0.101460380703,0.102305429548,0.102823362711,0.10271432415,0.103477594075,0.103204997673,0.103041439832,0.103777450117,0.10429538328,0.104077306159,0.104731537523,0.105576586368,0.106040000251,0.106394375573,0.106966828016,0.107293943698,0.107375722619,0.108057213623,0.10912033959,0.110047167355,0.110210725196,0.110401542678,0.11083769692,0.111873563247,0.112691352452,0.112963948853,0.113072987414,0.113781738058,0.115362797188,0.115308277908,0.116180586393,0.116425923155,0.117516308761,0.117843424443,0.118470396167,0.119479002853,0.120215013138,0.120678427021,0.12056938846,0.121605254786,0.122368524711,0.122750159673,0.123731506719,0.124058622401,0.124522036284,0.125885018293,0.126430211096,0.126866365339,0.127929491305,0.128992617272,0.129946704678,0.130737234242,0.13193665841,0.132945265096,0.133899352502,0.134826180267,0.135834786954,0.137334067163,0.137497625004,0.138070077447,0.138588010611,0.139950992619,0.14169560959,0.142513398795,0.142840514477,0.144312535046,0.144830468209,0.145484699573,0.146193450217,0.146929460502,0.148101625029,0.149028452795,