# R script for Peak Model
#  -- generated by MACS
p <- c(0.0269736783344,0.0284027473853,0.0296531828047,0.0316181527496,0.0335831226945,0.034833558114,0.0362626271648,0.0380489634784,0.0391207652665,0.0405498343173,0.0419789033681,0.0435866060503,0.043943873313,0.0451943087325,0.046444744152,0.0487669813596,0.0496601495163,0.0510892185672,0.0505533176731,0.0505533176731,0.0503746840418,0.0505533176731,0.0509105849358,0.0498387831477,0.0489456149909,0.0489456149909,0.0501960504104,0.0518037530926,0.0518037530926,0.0512678521985,0.0523396539867,0.0532328221434,0.0530541885121,0.0535900894061,0.0535900894061,0.0546618911943,0.0553764257197,0.0559123266137,0.0557336929824,0.055019158457,0.0539473566688,0.0539473566688,0.0535900894061,0.0528755548807,0.0539473566688,0.055555059351,0.055555059351,0.0544832575629,0.0559123266137,0.0566268611391,0.0568054947705,0.0551977920883,0.0553764257197,0.0569841284019,0.0568054947705,0.0564482275078,0.0578772965586,0.0578772965586,0.0571627620332,0.0571627620332,0.0571627620332,0.0564482275078,0.0562695938764,0.0546618911943,0.0546618911943,0.055019158457,0.0543046239315,0.0535900894061,0.0543046239315,0.0548405248256,0.0551977920883,0.0541259903002,0.0530541885121,0.0518037530926,0.052518287618,0.0528755548807,0.0541259903002,0.0539473566688,0.0541259903002,0.0544832575629,0.0541259903002,0.052518287618,0.052518287618,0.0537687230375,0.0532328221434,0.0528755548807,0.0523396539867,0.0528755548807,0.0534114557748,0.0512678521985,0.0509105849358,0.0507319513045,0.0493028822536,0.0498387831477,0.0503746840418,0.0509105849358,0.0510892185672,0.0505533176731,0.0503746840418,0.0505533176731,0.0507319513045,0.0500174167791,0.0500174167791,0.0505533176731,0.0510892185672,0.0498387831477,0.0493028822536,0.0498387831477,0.0507319513045,0.0514464858299,0.0507319513045,0.0505533176731,0.0500174167791,0.0507319513045,0.0512678521985,0.0516251194612,0.0514464858299,0.0518037530926,0.0535900894061,0.0521610203553,0.0521610203553,0.052518287618,0.0534114557748,0.0534114557748,0.0532328221434,0.0539473566688,0.0551977920883,0.0557336929824,0.0562695938764,0.0568054947705,0.0568054947705,0.0569841284019,0.05805593019,0.0593063656095,0.0589490983467,0.0589490983467,0.0582345638213,0.0578772965586,0.0584131974527,0.0582345638213,0.0564482275078,0.0571627620332,0.0557336929824,0.0562695938764,0.0544832575629,0.055555059351,0.0559123266137,0.0557336929824,0.055019158457,0.0546618911943,0.0548405248256,0.055019158457,0.0546618911943,0.0548405248256,0.0532328221434,0.0544832575629,0.0543046239315,0.0534114557748,0.0528755548807,0.052518287618,0.0532328221434,0.0539473566688,0.0535900894061,0.0539473566688,0.0539473566688,0.0530541885121,0.0535900894061,0.0530541885121,0.0526969212494,0.052518287618,0.0530541885121,0.0534114557748,0.0543046239315,0.0544832575629,0.0543046239315,0.055019158457,0.0560909602451,0.0562695938764,0.0571627620332,0.0573413956646,0.0582345638213,0.0571627620332,0.0573413956646,0.0575200292959,0.05805593019,0.05805593019,0.0582345638213,0.0576986629273,0.05805593019,0.0573413956646,0.0578772965586,0.0584131974527,0.0593063656095,0.0600209001349,0.0601995337662,0.0609140682916,0.0600209001349,0.0584131974527,0.0578772965586,0.0582345638213,0.0575200292959,0.0578772965586,0.0573413956646,0.0578772965586,0.0571627620332,0.0562695938764,0.0560909602451,0.0564482275078,0.0564482275078,0.0582345638213,0.058591831084,0.0584131974527,0.0591277319781,0.058591831084,0.0593063656095,0.0593063656095,0.0605568010289,0.0607354346603,0.0605568010289,0.0607354346603,0.0616286028171,0.061092701923,0.0598422665035,0.0598422665035,0.0609140682916,0.0609140682916,0.061092701923,0.0609140682916,0.0603781673976,0.0600209001349,0.0600209001349,0.0600209001349,0.061092701923,0.0621645037111,0.0621645037111,0.0623431373425,0.0634149391306,0.0635935727619,0.064129473656,0.0648440081814,0.0655585427068,0.0669876117577,0.0659158099695,0.0660944436009,0.0659158099695,0.0653799090755,0.0652012754441,0.0648440081814,0.064129473656,0.0644867409187,0.0637722063933,0.0637722063933,0.0632363054992,0.0625217709738,0.0625217709738,0.0612713355543,0.0601995337662,0.0618072364484,0.0623431373425,0.0619858700798,0.0609140682916,0.0623431373425,0.0614499691857,0.0605568010289,0.0594849992408,0.0605568010289,0.0612713355543,0.0618072364484,0.0619858700798,0.0628790382365,0.0643081072874,0.0637722063933,0.0644867409187,0.064129473656,0.0637722063933,0.0632363054992,0.0637722063933,0.0637722063933,0.0650226418128,0.0643081072874,0.0655585427068,0.0653799090755,0.0662730772323,0.066630344495,0.0675235126517,0.0684166808085,0.0687739480712,0.0703816507534,0.0705602843847,0.0714534525415,0.0721679870669,0.0753833924313,0.0773483623762,0.0775269960075,0.0773483623762,0.0778842632702,0.0793133323211,0.078777431427,0.0802065004778,0.0810996686346,0.0821714704227,0.0825287376854,0.0827073713168,0.0832432722109,0.0839578067363,0.0827073713168,0.0825287376854,0.0830646385795,0.0819928367914,0.0825287376854,0.0837791731049,0.0841364403676,0.0852082421558,0.0859227766812,0.0864586775752,0.0877091129947,0.0868159448379,0.0877091129947,0.0878877466261,0.0886022811515,0.0878877466261,0.0869945784693,0.090388617465,0.0894954493082,0.0894954493082,0.0905672510964,0.0914604192531,0.0919963201472,0.092889488304,0.0925322210413,0.0932467555667,0.0946758246175,0.0943185573548,0.0955689927743,0.0957476264056,0.0973553290878,0.0987843981386,0.0998561999268,0.100928001715,0.101463902609,0.100928001715,0.101821169872,0.101999803503,0.103250238922,0.103428872554,0.103607506185,0.103428872554,0.104679307973,0.103964773448,0.104143407079,0.104322040711,0.105036575236,0.106108377024,0.106465644287,0.105215208867,0.105215208867,0.106465644287,0.108787881494,0.105751109761,0.106644277918,0.106108377024,0.107001545181,0.107180178812,0.10557247613,0.106108377024,0.107716079706,0.1082519806,0.109145148757,0.108787881494,0.109859683283,0.109323782389,0.108430614232,0.108609247863,0.109145148757,0.108609247863,0.109859683283,0.110752851439,0.111467385965,0.112896455016,0.111824653227,0.11218192049,0.113253722278,0.11343235591,0.113075088647,0.112539187753,0.112539187753,0.114682791329,0.113789623172,0.114146890435,0.114504157698,0.115754593117,0.117005028537,0.117898196693,0.117719563062,0.118255463956,0.120220433901,0.120756334795,0.122185403846,0.12272130474,0.123078572003,0.122006770215,0.120577701164,0.120577701164,0.121470869321,0.121470869321,0.120399067532,0.121470869321,0.122185403846,0.123435839265,0.122364037477,0.123793106528,0.123614472897,0.123614472897,0.123078572003,0.122364037477,0.124150373791,0.125222175579,0.127365779155,0.128258947312,0.128616214575,0.13201025357,0.133796589884,0.132546154465,0.134868391672,0.13594019346,0.135404292566,0.136833361617,0.13594019346,0.136476094354,0.137011995248,0.138262430668,0.136476094354,0.138262430668,0.137726529774,0.138262430668,0.140941935138,0.141120568769,0.142013736926,0.143978706871,0.144335974134,0.145229142291,0.14647957771,0.147908646761,0.149516349443,0.148087280392,0.148444547655,0.148087280392,0.147194112236,0.149337715812,0.150588151231,0.152731754807,0.151302685757,0.152731754807,0.15308902207,0.154518091121,0.156125793803,0.155589892909,0.155411259278,0.157376229223,0.158448031011,0.160413000956,0.162913871795,0.163807039951,0.166129277159,0.165772009896,0.166843811684,0.170059217049,0.171309652468,0.173453256045,0.173989156939,0.175775493252,0.174703691464,0.175418225989,0.176490027778,0.17809773046,0.178276364091,0.18077723493,0.182920838506,0.183099472138,0.184885808451,0.187029412027,0.187565312921,0.188279847447,0.189708916498,0.188458481078,0.190780718286,0.19131661918,0.196139727226,0.197032895383,0.197390162646,0.198819231697,0.20060556801,0.202034637061,0.202570537955,0.204356874269,0.205071408794,0.206143210582,0.207572279633,0.208108180527,0.20846544779,0.210251784103,0.209537249578,0.209358615947,0.209537249578,0.209715883209,0.209894516841,0.211502219523,0.213288555836,0.21382445673,0.217397129358,