# R script for Peak Model
#  -- generated by MACS
p <- c(0.00807602228982,0.00853750927781,0.00880671002081,0.00930665425779,0.00965276949879,0.00996042749078,0.0104219144788,0.0108449442178,0.0111141449608,0.0116910036957,0.0122678624307,0.0127678066677,0.0133446654027,0.0136907806437,0.0139984386357,0.0144983828727,0.0150752416077,0.0156521003427,0.0157290148407,0.0159213010856,0.0160366728326,0.0162289590776,0.0162289590776,0.0162674163266,0.0163058735756,0.0163827880736,0.0170365613066,0.0169211895596,0.0171519330536,0.0174595910456,0.0176134200416,0.0172673048006,0.0174980482946,0.0174980482946,0.0175365055436,0.0175365055436,0.0174211337966,0.0173442192986,0.0175749627926,0.0174211337966,0.0176903345396,0.0175749627926,0.0175365055436,0.0176134200416,0.0177287917886,0.0175365055436,0.0171519330536,0.0170750185556,0.0169596468086,0.0170365613066,0.0171134758046,0.0170365613066,0.0168058178126,0.0164597025716,0.0164212453226,0.0165366170696,0.0163443308246,0.0160366728326,0.0161520445796,0.0159982155836,0.0159597583346,0.0158059293387,0.0155367285957,0.0155751858447,0.0151906133547,0.0148829553627,0.0147291263667,0.0149598698607,0.0149598698607,0.0148060408647,0.0148060408647,0.0146137546197,0.0146137546197,0.0144599256237,0.0143445538767,0.0143060966277,0.0141522676317,0.0143830111257,0.0141138103827,0.0137676951417,0.0137292378927,0.0138446096397,0.0141138103827,0.0139599813867,0.0141522676317,0.0141138103827,0.0140368958847,0.0138446096397,0.0138061523907,0.0139599813867,0.0138830668887,0.0137292378927,0.0138061523907,0.0137292378927,0.0136138661457,0.0135369516477,0.0136907806437,0.0136907806437,0.0134600371497,0.0134215799007,0.0134984943987,0.0135754088967,0.0134215799007,0.0133062081537,0.0133062081537,0.0132677509047,0.0134984943987,0.0135754088967,0.0136523233947,0.0136523233947,0.0136907806437,0.0138830668887,0.0139599813867,0.0139599813867,0.0143060966277,0.0145752973707,0.0148060408647,0.0148060408647,0.0149983271097,0.0150752416077,0.0148060408647,0.0146137546197,0.0145752973707,0.0148444981137,0.0150367843587,0.0153828995997,0.0152675278527,0.0152290706037,0.0151136988567,0.0152290706037,0.0151521561057,0.0153828995997,0.0152290706037,0.0153444423507,0.0154982713467,0.0153828995997,0.0156136430937,0.0155751858447,0.0159213010856,0.0160751300816,0.0161905018286,0.0164212453226,0.0164212453226,0.0165750743186,0.0163443308246,0.0164981598206,0.0166135315676,0.0166904460656,0.0167673605636,0.0168058178126,0.0169981040576,0.0170365613066,0.0168827323106,0.0169596468086,0.0168442750616,0.0171134758046,0.0172288475516,0.0176134200416,0.0179979925316,0.0178826207846,0.0181902787766,0.0179595352826,0.0182287360256,0.0183441077726,0.0187286802626,0.0188825092586,0.0189978810056,0.0189209665076,0.0191901672506,0.0196516542386,0.0198823977326,0.0201515984756,0.0199977694796,0.0199208549816,0.0199977694796,0.0201131412266,0.0201900557246,0.0202669702226,0.0204592564675,0.0203438847206,0.0206515427125,0.0206899999615,0.0209207434555,0.0210745724515,0.0210361152025,0.0209976579535,0.0209592007045,0.0211899441985,0.0216898884355,0.0216129739375,0.0216898884355,0.0218821746805,0.0223052044195,0.0221898326725,0.0221898326725,0.0221898326725,0.0218437174315,0.0220744609255,0.0221129181745,0.0221513754235,0.0220360036765,0.0222282899215,0.0222282899215,0.0223052044195,0.0222282899215,0.0222667471705,0.0223052044195,0.0220744609255,0.0223052044195,0.0226513196605,0.0227282341585,0.0228820631545,0.0231512638975,0.0234973791385,0.0237665798815,0.0237665798815,0.0239973233755,0.0242280668695,0.0240742378735,0.0238434943795,0.0239588661265,0.0241126951225,0.0241126951225,0.0239973233755,0.0236512081345,0.0239204088775,0.0242665241185,0.0240357806245,0.0236896653835,0.0238434943795,0.0237281226325,0.0239973233755,0.0242280668695,0.0241126951225,0.0240742378735,0.0241126951225,0.0244588103635,0.0243049813675,0.0243049813675,0.0243818958655,0.0245741821105,0.0243434386165,0.0241896096205,0.0244972676125,0.0244588103635,0.0240742378735,0.0241126951225,0.0239973233755,0.0239588661265,0.0236127508855,0.0231897211465,0.0233435501425,0.0230743493995,0.0231128066485,0.0233435501425,0.0234973791385,0.0233435501425,0.0233050928935,0.0231897211465,0.0231897211465,0.0232281783955,0.0229589776525,0.0227282341585,0.0230743493995,0.0231897211465,0.0232281783955,0.0231897211465,0.0230743493995,0.0229589776525,0.0229974349015,0.0229205204035,0.0229589776525,0.0226513196605,0.0228820631545,0.0231128066485,0.0231128066485,0.0229205204035,0.0228051486565,0.0226128624115,0.0226513196605,0.0225744051625,0.0226897769095,0.0226513196605,0.0226128624115,0.0224974906645,0.0224590334155,0.0226513196605,0.0226128624115,0.0223821189175,0.0222667471705,0.0220360036765,0.0218437174315,0.0216129739375,0.0215360594395,0.0216514311865,0.0218437174315,0.0220744609255,0.0220744609255,0.0219206319295,0.0216129739375,0.0215745166885,0.0212668586965,0.0213822304435,0.0214206876925,0.0213053159455,0.0214591449415,0.0217668029335,0.0221129181745,0.0221898326725,0.0221129181745,0.0221898326725,0.0224590334155,0.0226897769095,0.0228820631545,0.0228436059055,0.0226897769095,0.0227282341585,0.0231128066485,0.0231128066485,0.0230358921505,0.0228820631545,0.0230358921505,0.0232281783955,0.0233820073915,0.0237665798815,0.0237281226325,0.0238050371305,0.0240357806245,0.0242280668695,0.0245357248615,0.0246126393595,0.0246510966085,0.0248433828535,0.0249972118494,0.0247664683555,0.0247280111065,0.0248433828535,0.0251125835964,0.0251510408454,0.0253048698414,0.0256509850824,0.0254971560864,0.0251894980944,0.0250356690984,0.0253433270904,0.0251894980944,0.0250356690984,0.0250356690984,0.0249202973514,0.0246895538575,0.0249202973514,0.0250356690984,0.0250356690984,0.0249972118494,0.0249587546004,0.0253433270904,0.0256509850824,0.0261124720704,0.0264585873114,0.0268816170504,0.0273046467894,0.0278430482754,0.0278815055244,0.0280737917694,0.0286121932554,0.0290352229944,0.0293044237374,0.0295351672313,0.0296120817293,0.0298812824723,0.0307273419503,0.0311888289383,0.0315349441793,0.0316887731753,0.0319195166693,0.0324194609063,0.0325348326533,0.0331116913883,0.0335347211273,0.0337654646213,0.0336500928743,0.0343807806052,0.0350345538382,0.0355729553242,0.0361113568102,0.0368035872922,0.0371881597822,0.0374958177742,0.0378803902642,0.0387649069911,0.0397263382161,0.0401878252041,0.0405339404451,0.0409569701841,0.0411877136781,0.0416492006661,0.0422260594011,0.0426106318911,0.043264405124,0.04380280661,0.043995092855,0.044456579843,0.044918066831,0.045571840064,0.045956412554,0.046610185787,0.047071672775,0.0478023605059,0.0487253344819,0.0494175649639,0.0498405947029,0.0500713381969,0.0508020259279,0.0512250556669,0.0518403716509,0.0530710036188,0.0541478065908,0.0549169515708,0.0556091820528,0.0559552972938,0.0568782712697,0.0576858734987,0.0593395352057,0.0603394236797,0.0621853716316,0.0626853158686,0.0631852601056,0.0642620630776,0.0660310965315,0.0672232712505,0.0679924162305,0.0693384199455,0.0706844236604,0.0719535128774,0.0734533455884,0.0750300927973,0.0774528994843,0.0791450184403,0.0804910221552,0.0825292563522,0.0848751485411,0.0868364682401,0.089105445931,0.090797564887,0.092489683843,0.0952586057709,0.0980659849478,0.101565594607,0.103988401294,0.10683423772,0.110372304628,0.113102769307,0.115487118744,0.118640613162,0.122101765572,0.125601375231,0.12910098489,0.13217756481,0.134715743244,0.139522899369,0.143291709771,0.147291263667,0.152444535033,0.157367062905,0.161789646539,0.165635371439,0.169558010837,0.174249795215,0.178710836099,0.18405639371,0.189632694815,0.194555222687,0.199093178069,0.204554107426,0.211014925258,0.216283568371,0.221936783974,0.228397601806,0.235012248634,0.241396151968,0.249010687269,0.255625334097,0.262663010664,0.270046802472,0.277199850786,0.284660557092,0.291313661169,0.298005222494,0.306427360025,0.313964980829,0.321694887878,0.330578512397,0.339692880409,0.348461133181,0.357383214949,0.364882378504,0.373612174027,0.382611170293,0.390148791096,0.399070872864,