# R script for Peak Model
#  -- generated by MACS
p <- c(0.0255739381898,0.0275411642044,0.0275411642044,0.029508390219,0.029508390219,0.029508390219,0.029508390219,0.0314756162335,0.0314756162335,0.0314756162335,0.0314756162335,0.0334428422481,0.0334428422481,0.0275411642044,0.0275411642044,0.029508390219,0.0275411642044,0.029508390219,0.0314756162335,0.0314756162335,0.0275411642044,0.0275411642044,0.0275411642044,0.0275411642044,0.0255739381898,0.0236067121752,0.0255739381898,0.0275411642044,0.029508390219,0.029508390219,0.0314756162335,0.0314756162335,0.0314756162335,0.0314756162335,0.0334428422481,0.0314756162335,0.0334428422481,0.0334428422481,0.0354100682627,0.0354100682627,0.0393445202919,0.0393445202919,0.0373772942773,0.0354100682627,0.0354100682627,0.0354100682627,0.0354100682627,0.0354100682627,0.0334428422481,0.0334428422481,0.0334428422481,0.029508390219,0.0275411642044,0.0275411642044,0.0275411642044,0.0275411642044,0.0275411642044,0.0275411642044,0.0255739381898,0.0275411642044,0.0236067121752,0.0236067121752,0.0216394861606,0.0216394861606,0.0177050341314,0.0177050341314,0.019672260146,0.019672260146,0.019672260146,0.019672260146,0.019672260146,0.019672260146,0.0255739381898,0.0275411642044,0.0255739381898,0.0255739381898,0.0275411642044,0.0275411642044,0.0255739381898,0.0236067121752,0.0236067121752,0.0236067121752,0.0255739381898,0.0236067121752,0.0255739381898,0.0236067121752,0.0236067121752,0.0216394861606,0.0216394861606,0.019672260146,0.019672260146,0.0216394861606,0.0216394861606,0.0236067121752,0.0216394861606,0.0255739381898,0.019672260146,0.0177050341314,0.0177050341314,0.0216394861606,0.019672260146,0.019672260146,0.0216394861606,0.0255739381898,0.0275411642044,0.0334428422481,0.0314756162335,0.0314756162335,0.0314756162335,0.0314756162335,0.0334428422481,0.0334428422481,0.0334428422481,0.0334428422481,0.0314756162335,0.0334428422481,0.0334428422481,0.0334428422481,0.0334428422481,0.0334428422481,0.0393445202919,0.0413117463065,0.0413117463065,0.0393445202919,0.0393445202919,0.0393445202919,0.0373772942773,0.0334428422481,0.0393445202919,0.0334428422481,0.0354100682627,0.0354100682627,0.0354100682627,0.0393445202919,0.0373772942773,0.0373772942773,0.0373772942773,0.0354100682627,0.0373772942773,0.0373772942773,0.0393445202919,0.0373772942773,0.0373772942773,0.0334428422481,0.0275411642044,0.029508390219,0.0314756162335,0.0334428422481,0.0354100682627,0.0373772942773,0.0393445202919,0.0393445202919,0.0373772942773,0.0373772942773,0.0354100682627,0.0354100682627,0.0334428422481,0.029508390219,0.0314756162335,0.0314756162335,0.0314756162335,0.0334428422481,0.0314756162335,0.0275411642044,0.0275411642044,0.0275411642044,0.0275411642044,0.0314756162335,0.0314756162335,0.0275411642044,0.0255739381898,0.0255739381898,0.0236067121752,0.0236067121752,0.0236067121752,0.0255739381898,0.019672260146,0.0255739381898,0.0275411642044,0.0275411642044,0.0275411642044,0.0275411642044,0.0255739381898,0.0275411642044,0.0275411642044,0.0255739381898,0.0255739381898,0.0275411642044,0.0255739381898,0.0275411642044,0.0275411642044,0.0255739381898,0.029508390219,0.029508390219,0.0334428422481,0.0334428422481,0.0334428422481,0.0314756162335,0.0314756162335,0.0314756162335,0.0314756162335,0.029508390219,0.0275411642044,0.0334428422481,0.0354100682627,0.0354100682627,0.0354100682627,0.0373772942773,0.0393445202919,0.0452461983357,0.0491806503649,0.0531151023941,0.0531151023941,0.0550823284087,0.0550823284087,0.0590167804379,0.0590167804379,0.0609840064525,0.0609840064525,0.0590167804379,0.0668856844963,0.0688529105109,0.0747545885547,0.0767218145693,0.0767218145693,0.0727873625401,0.0786890405839,0.0767218145693,0.0806562665985,0.0826234926131,0.0845907186277,0.0806562665985,0.0806562665985,0.0767218145693,0.0747545885547,0.0727873625401,0.0747545885547,0.0727873625401,0.0747545885547,0.0708201365255,0.0708201365255,0.0727873625401,0.0767218145693,0.0767218145693,0.0727873625401,0.0727873625401,0.0708201365255,0.0747545885547,0.0786890405839,0.0786890405839,0.0727873625401,0.0688529105109,0.0708201365255,0.0688529105109,0.0727873625401,0.0727873625401,0.0708201365255,0.0708201365255,0.0708201365255,0.0747545885547,0.0747545885547,0.0727873625401,0.0727873625401,0.0727873625401,0.0786890405839,0.0786890405839,0.0747545885547,0.0747545885547,0.0708201365255,0.0708201365255,0.0708201365255,0.0629512324671,0.0609840064525,0.0668856844963,0.0727873625401,0.0747545885547,0.0668856844963,0.0767218145693,0.0786890405839,0.0826234926131,0.0826234926131,0.0826234926131,0.0826234926131,0.0747545885547,0.0767218145693,0.0806562665985,0.0826234926131,0.0806562665985,0.0708201365255,0.0688529105109,0.0688529105109,0.0727873625401,0.0806562665985,0.0786890405839,0.0747545885547,0.0826234926131,0.0885251706569,0.0845907186277,0.0845907186277,0.0885251706569,0.0885251706569,0.0826234926131,0.0845907186277,0.0826234926131,0.0924596226861,0.0924596226861,0.0904923966715,0.0963940747152,0.100328526744,0.104262978774,0.108197430803,0.110164656817,0.112131882832,0.121968012905,0.12393523892,0.137705821022,0.143607499066,0.157378081168,0.159345307182,0.167214211241,0.17114866327,0.19278814943,0.200657053489,0.216394861606,0.222296539649,0.224263765664,0.228198217693,0.247870477839,0.257706607912,0.271477190014,0.279346094073,0.277378868058,0.281313320087,0.289182224146,0.308854484292,0.320657840379,0.330493970452,0.326559518423,0.334428422481,0.346231778569,0.3639368127,0.385576298861,0.393445202919,0.391477976905,0.395412428934,0.397379654949,0.411150237051,0.424920819153,0.448527531328,0.458363661401,0.460330887416,0.466232565459,0.481970373576,0.503609859737,0.533118249956,0.539019928,0.531151023941,0.539019928,0.554757736116,0.58623335235,0.617708968583,0.635414002715,0.629512324671,0.664922392934,0.885251706569,1.24918851927,1.46361615486,1.59345307182,1.59148584581,1.58164971574,1.59542029784,1.61509255798,1.66230598233,1.68197824248,1.67607656444,1.66230598233,1.67410933842,1.70951940668,1.73312611886,1.74296224893,1.74296224893,1.72328998879,1.69378159857,1.6977160506,1.70361772864,1.69378159857,1.6977160506,1.64263372219,1.40066492239,1.0249247536,0.834103830189,0.716070269313,0.70623413924,0.698365235182,0.674758523007,0.655086262861,0.617708968583,0.615741742569,0.637381228729,0.625577872642,0.582298900321,0.509511537781,0.452461983357,0.438691401255,0.43672417524,0.43672417524,0.422953593138,0.377707394803,0.340330100525,0.34229732654,0.340330100525,0.334428422481,0.328526744438,0.304920032263,0.281313320087,0.275411642044,0.281313320087,0.281313320087,0.271477190014,0.240001573781,0.212460409576,0.180984793343,0.153443629139,0.163279759212,0.165246985226,0.165246985226,0.163279759212,0.161312533197,0.163279759212,0.159345307182,0.163279759212,0.161312533197,0.149509177109,0.141640273051,0.135738595007,0.133771368993,0.133771368993,0.133771368993,0.125902464934,0.110164656817,0.106230204788,0.100328526744,0.100328526744,0.102295752759,0.0944268487006,0.0924596226861,0.106230204788,0.102295752759,0.0983613007298,0.0983613007298,0.0983613007298,0.0944268487006,0.0904923966715,0.0924596226861,0.0904923966715,0.0885251706569,0.0885251706569,0.0806562665985,0.0826234926131,0.0786890405839,0.0747545885547,0.0747545885547,0.0708201365255,0.0668856844963,0.0649184584817,0.0629512324671,0.0570495544233,0.0531151023941,0.0511478763795,0.0531151023941,0.0373772942773,0.0314756162335,0.029508390219,0.029508390219,0.029508390219,0.029508390219,0.029508390219,0.0275411642044,0.0275411642044,0.029508390219,0.029508390219,0.0275411642044,0.0236067121752,0.0236067121752,0.0275411642044,0.029508390219,0.029508390219,0.029508390219,0.0275411642044,0.0314756162335,0.029508390219,0.0275411642044,0.0255739381898,0.0236067121752,0.0216394861606,0.0216394861606,0.0216394861606,0.0236067121752,0.0216394861606,0.0236067121752,0.0236067121752,0.0236067121752,0.0216394861606,0.019672260146,0.019672260146,0.0236067121752,0.0216394861606,0.0216394861606,0.0177050341314,0.0177050341314,