# R script for Peak Model
#  -- generated by MACS
p <- c(0.0266284991512,0.0266284991512,0.0266284991512,0.0299570615451,0.033285623939,0.033285623939,0.033285623939,0.033285623939,0.033285623939,0.033285623939,0.033285623939,0.033285623939,0.033285623939,0.0266284991512,0.0266284991512,0.0299570615451,0.0299570615451,0.0366141863329,0.0366141863329,0.0366141863329,0.0366141863329,0.0366141863329,0.0366141863329,0.033285623939,0.033285623939,0.033285623939,0.0366141863329,0.033285623939,0.033285623939,0.033285623939,0.033285623939,0.033285623939,0.033285623939,0.033285623939,0.033285623939,0.033285623939,0.033285623939,0.033285623939,0.0299570615451,0.0266284991512,0.0199713743634,0.0133142495756,0.0133142495756,0.0133142495756,0.0133142495756,0.0133142495756,0.0133142495756,0.0133142495756,0.0133142495756,0.0133142495756,0.00998568718171,0.0166428119695,0.0199713743634,0.0199713743634,0.0232999367573,0.0232999367573,0.0232999367573,0.0232999367573,0.0232999367573,0.0232999367573,0.0232999367573,0.0232999367573,0.0199713743634,0.0199713743634,0.0166428119695,0.0166428119695,0.0166428119695,0.0166428119695,0.0166428119695,0.0166428119695,0.0166428119695,0.0166428119695,0.0166428119695,0.0166428119695,0.0166428119695,0.00998568718171,0.0033285623939,0.0033285623939,0.0033285623939,0.0033285623939,0.0033285623939,0.0066571247878,0.0066571247878,0.0066571247878,0.0066571247878,0.0066571247878,0.0066571247878,0.0066571247878,0.0066571247878,0.0066571247878,0.0066571247878,0.0066571247878,0.0066571247878,0.0066571247878,0.0066571247878,0.0066571247878,0.0066571247878,0.0066571247878,0.0066571247878,0.0066571247878,0.0066571247878,0.0066571247878,0.0066571247878,0.00998568718171,0.0133142495756,0.00998568718171,0.00998568718171,0.00998568718171,0.00998568718171,0.00998568718171,0.00998568718171,0.00998568718171,0.00998568718171,0.00998568718171,0.00998568718171,0.00998568718171,0.00998568718171,0.00998568718171,0.00998568718171,0.00998568718171,0.00998568718171,0.00998568718171,0.00998568718171,0.00998568718171,0.00998568718171,0.00998568718171,0.0066571247878,0.0066571247878,0.0066571247878,0.0066571247878,0.0066571247878,0.0066571247878,0.0066571247878,0.0066571247878,0.0066571247878,0.0066571247878,0.0066571247878,0.0066571247878,0.0066571247878,0.0066571247878,0.0066571247878,0.0066571247878,0.0066571247878,0.0066571247878,0.0066571247878,0.0066571247878,0.0066571247878,0.0066571247878,0.0066571247878,0.0066571247878,0.00998568718171,0.0066571247878,0.0033285623939,0.0033285623939,0.0033285623939,0.0033285623939,0.0033285623939,0.0033285623939,0.0033285623939,0.0033285623939,0.0033285623939,0.0033285623939,0.0033285623939,0.0033285623939,0.0033285623939,0.0033285623939,0.0033285623939,0.0033285623939,0.0033285623939,0.0033285623939,0.0033285623939,0.0033285623939,0.0033285623939,0.0033285623939,0.0,0.0,0.0033285623939,0.0033285623939,0.0033285623939,0.0066571247878,0.0066571247878,0.0066571247878,0.0066571247878,0.0066571247878,0.0066571247878,0.0066571247878,0.0066571247878,0.0066571247878,0.0066571247878,0.0066571247878,0.0066571247878,0.0066571247878,0.0066571247878,0.0066571247878,0.0066571247878,0.0066571247878,0.0066571247878,0.0066571247878,0.0066571247878,0.0066571247878,0.0033285623939,0.0033285623939,0.0033285623939,0.0,0.0,0.0,0.0,0.0,0.0,0.0,0.0,0.0,0.0,0.0,0.0,0.0,0.0,0.0,0.0,0.0,0.0,0.0,0.0,0.0,0.0,0.0,0.0033285623939,0.0066571247878,0.00998568718171,0.00998568718171,0.00998568718171,0.00998568718171,0.00998568718171,0.00998568718171,0.00998568718171,0.00998568718171,0.00998568718171,0.00998568718171,0.00998568718171,0.00998568718171,0.0133142495756,0.0133142495756,0.0166428119695,0.0166428119695,0.0166428119695,0.0166428119695,0.0166428119695,0.0166428119695,0.0166428119695,0.0166428119695,0.0133142495756,0.00998568718171,0.0066571247878,0.0066571247878,0.0133142495756,0.0133142495756,0.0133142495756,0.0133142495756,0.0133142495756,0.0133142495756,0.0133142495756,0.0133142495756,0.0133142495756,0.0133142495756,0.00998568718171,0.00998568718171,0.0066571247878,0.0066571247878,0.0066571247878,0.0066571247878,0.0066571247878,0.0066571247878,0.0066571247878,0.0066571247878,0.00998568718171,0.00998568718171,0.00998568718171,0.0133142495756,0.0066571247878,0.0066571247878,0.0066571247878,0.0066571247878,0.0066571247878,0.0066571247878,0.0066571247878,0.0066571247878,0.0066571247878,0.0066571247878,0.00998568718171,0.00998568718171,0.0133142495756,0.0166428119695,0.0166428119695,0.0166428119695,0.0166428119695,0.0166428119695,0.0166428119695,0.0166428119695,0.0133142495756,0.0133142495756,0.0133142495756,0.0133142495756,0.0166428119695,0.0199713743634,0.0199713743634,0.0199713743634,0.0199713743634,0.0199713743634,0.0199713743634,0.0199713743634,0.0199713743634,0.0199713743634,0.0166428119695,0.0166428119695,0.0199713743634,0.0166428119695,0.0166428119695,0.0166428119695,0.0166428119695,0.0166428119695,0.0166428119695,0.0166428119695,0.0166428119695,0.0166428119695,0.0166428119695,0.0133142495756,0.0166428119695,0.0199713743634,0.0266284991512,0.0299570615451,0.0299570615451,0.0299570615451,0.0299570615451,0.0299570615451,0.0299570615451,0.0299570615451,0.0299570615451,0.0299570615451,0.0232999367573,0.0266284991512,0.0266284991512,0.0299570615451,0.0299570615451,0.0299570615451,0.0299570615451,0.0299570615451,0.0299570615451,0.0299570615451,0.0299570615451,0.0299570615451,0.0266284991512,0.0266284991512,0.0232999367573,0.0266284991512,0.0266284991512,0.0266284991512,0.0266284991512,0.0266284991512,0.0266284991512,0.0266284991512,0.0266284991512,0.0266284991512,0.0266284991512,0.0232999367573,0.0232999367573,0.0266284991512,0.0266284991512,0.033285623939,0.033285623939,0.033285623939,0.033285623939,0.033285623939,0.033285623939,0.033285623939,0.0299570615451,0.0232999367573,0.0232999367573,0.0266284991512,0.033285623939,0.0399427487268,0.0432713111207,0.0432713111207,0.0432713111207,0.0432713111207,0.0432713111207,0.0432713111207,0.0432713111207,0.0432713111207,0.0499284359085,0.0432713111207,0.0499284359085,0.0465998735146,0.0532569983024,0.0532569983024,0.0532569983024,0.0532569983024,0.0532569983024,0.0532569983024,0.0565855606963,0.0565855606963,0.0565855606963,0.0465998735146,0.0465998735146,0.0432713111207,0.0499284359085,0.0532569983024,0.0565855606963,0.0565855606963,0.0565855606963,0.0565855606963,0.0565855606963,0.0565855606963,0.0532569983024,0.0532569983024,0.0565855606963,0.0632426854841,0.066571247878,0.0765569350597,0.0798854974536,0.0798854974536,0.0798854974536,0.0798854974536,0.0765569350597,0.0765569350597,0.0832140598476,0.0998568718171,0.109842558999,0.133142495756,0.146456745332,0.149785307726,0.156442432513,0.156442432513,0.156442432513,0.156442432513,0.156442432513,0.156442432513,0.156442432513,0.169756682089,0.176413806877,0.186399494059,0.21302799321,0.21302799321,0.226342242785,0.229670805179,0.232999367573,0.232999367573,0.242985054755,0.246313617149,0.249642179543,0.25629930433,0.262956429118,0.266284991512,0.309556302633,0.382784675299,0.402756049662,0.432713111207,0.436041673601,0.436041673601,0.436041673601,0.436041673601,0.432713111207,0.419398861632,0.412741736844,0.482641547116,1.03185434211,1.94720900043,2.68282128949,2.96242053057,2.95909196818,2.96907765536,2.98239190494,2.99237759212,2.99237759212,2.97240621775,2.96242053057,2.96574909297,2.96907765536,3.02566321606,3.10554871351,3.10222015112,3.10554871351,3.10554871351,3.10554871351,3.10554871351,3.10554871351,3.10554871351,3.09556302633,3.00902040409,2.42652198515,1.52115301401,0.778883600173,0.505941483873,0.509270046267,0.499284359085,0.475984422328,0.462670172752,0.456013047965,0.479312984722,0.465998735146,0.432713111207,0.362813300935,0.226342242785,0.116499683787,0.0898711846354,0.0832140598476,0.0832140598476,0.0832140598476,0.0832140598476,0.0832140598476,0.0832140598476,0.0832140598476,0.0798854974536,0.0765569350597,0.0565855606963,0.0465998735146,0.0366141863329,0.033285623939,0.033285623939,0.033285623939,0.033285623939,0.0266284991512,0.0,