# R script for Peak Model
#  -- generated by MACS
p <- c(0.0342857878012,0.0364085476463,0.0382096772119,0.0391102419946,0.0415546321193,0.0430341314053,0.0446422828031,0.0465720644804,0.0481802158782,0.0496597151642,0.0512035405061,0.0529403440157,0.0546128214695,0.0562209728673,0.0575074939855,0.0595016017188,0.0613027312843,0.0631681869058,0.0640044256326,0.0643260559122,0.063747121409,0.0632325129617,0.0627179045144,0.0624606002908,0.0619459918435,0.0618816657875,0.0623962742348,0.0614957094521,0.0617530136757,0.0620746439553,0.0618173397316,0.0613027312843,0.061560035508,0.0620103178994,0.0614313833962,0.0613027312843,0.0612384052284,0.0613670573402,0.0618173397316,0.0628465566262,0.0625249263467,0.0626535784585,0.0627179045144,0.0632325129617,0.0631681869058,0.0636184692972,0.0642617298563,0.0641974038004,0.0646476861918,0.0645190340799,0.0649693164713,0.0649693164713,0.0643903819681,0.0641330777445,0.0641330777445,0.0636827953531,0.064454708024,0.0647763383036,0.0649693164713,0.0653552728068,0.0657412291423,0.0657412291423,0.0664488157573,0.0669634242046,0.0665774678691,0.0657412291423,0.0656125770305,0.066641793925,0.0659985333659,0.0656125770305,0.0657412291423,0.065226620695,0.0650979685832,0.0645190340799,0.0641330777445,0.0641974038004,0.063747121409,0.0638114474649,0.0642617298563,0.0634898171853,0.0643903819681,0.0645190340799,0.0643903819681,0.064454708024,0.0640687516886,0.0642617298563,0.0647763383036,0.0645833601359,0.0647763383036,0.0656125770305,0.0653552728068,0.0650979685832,0.0645833601359,0.0642617298563,0.0645833601359,0.0643903819681,0.0640687516886,0.0638114474649,0.0629752087381,0.0636184692972,0.0638757735208,0.0641330777445,0.0641974038004,0.0642617298563,0.0647763383036,0.064454708024,0.0641330777445,0.0649049904154,0.06593420731,0.0667704460369,0.066641793925,0.0661271854777,0.0668990981487,0.0670277502605,0.0669634242046,0.0667704460369,0.0656125770305,0.0654839249186,0.0647120122477,0.0646476861918,0.0645833601359,0.0647763383036,0.0645833601359,0.0649049904154,0.0649693164713,0.0646476861918,0.0650336425272,0.065226620695,0.0654839249186,0.0662558375896,0.06593420731,0.0655482509745,0.0658055551982,0.0656125770305,0.0653552728068,0.0647120122477,0.0650979685832,0.0653552728068,0.0654839249186,0.0651622946391,0.0650979685832,0.0657412291423,0.066706119981,0.0665774678691,0.066641793925,0.0660628594218,0.0659985333659,0.0662558375896,0.0650336425272,0.0653552728068,0.0648406643595,0.0649693164713,0.0654195988627,0.0658055551982,0.0659985333659,0.066641793925,0.0668347720928,0.0665774678691,0.0665774678691,0.0663844897014,0.0668990981487,0.0661915115337,0.0661915115337,0.0661271854777,0.0661271854777,0.0656769030864,0.0664488157573,0.0668347720928,0.0672850544842,0.0676066847637,0.0677353368756,0.068121293211,0.0684429234906,0.0685715756024,0.0686359016583,0.0685072495465,0.0680569671551,0.068121293211,0.0676710108196,0.0668347720928,0.0662558375896,0.0662558375896,0.0658698812541,0.0659985333659,0.0661271854777,0.0654839249186,0.0656125770305,0.0654839249186,0.0654195988627,0.0652909467509,0.06593420731,0.0653552728068,0.0658698812541,0.0660628594218,0.0661915115337,0.06593420731,0.0660628594218,0.0668990981487,0.0665131418132,0.0670277502605,0.0665131418132,0.0661271854777,0.0658055551982,0.0660628594218,0.0654839249186,0.0658055551982,0.0654839249186,0.0653552728068,0.0650979685832,0.0649049904154,0.0650979685832,0.0648406643595,0.0651622946391,0.065226620695,0.0658055551982,0.0663201636455,0.0665774678691,0.0670920763164,0.0675423587078,0.0675423587078,0.0679926410992,0.0681856192669,0.0687645537702,0.0693434882734,0.0688288798261,0.0683785974347,0.0686359016583,0.0689575319379,0.0680569671551,0.0682499453229,0.0677996629315,0.068121293211,0.0679283150433,0.066706119981,0.0663201636455,0.0663201636455,0.0663844897014,0.0670277502605,0.0664488157573,0.0658698812541,0.0663201636455,0.0655482509745,0.06593420731,0.0658698812541,0.0655482509745,0.0654195988627,0.0656125770305,0.0655482509745,0.0652909467509,0.0650979685832,0.0641330777445,0.0638114474649,0.063747121409,0.0635541432413,0.0629108826821,0.0625892524026,0.0620746439553,0.0622032960671,0.0614957094521,0.061560035508,0.0618816657875,0.0616886876198,0.0614313833962,0.0606594707252,0.0609167749489,0.0611097531166,0.0609167749489,0.0606594707252,0.0604664925575,0.0611097531166,0.061560035508,0.0618173397316,0.0618816657875,0.0618816657875,0.0625892524026,0.0629752087381,0.0625892524026,0.0629108826821,0.0632968390176,0.0625249263467,0.0625249263467,0.0633611650735,0.0623962742348,0.0634254911294,0.0648406643595,0.0649049904154,0.0665131418132,0.066641793925,0.0668347720928,0.066706119981,0.0677996629315,0.0683142713788,0.0693434882734,0.0700510748884,0.0707586615034,0.0708229875593,0.0715305741744,0.0726884431808,0.0723668129012,0.0735890079636,0.0744252466904,0.0741036164109,0.0749398551377,0.0753258114732,0.0751971593614,0.0757117678087,0.0772555931506,0.0778345276538,0.0786707663806,0.0785421142688,0.0787994184925,0.0787994184925,0.0794426790516,0.0796356572193,0.0795070051075,0.0802789177784,0.0809221783376,0.0811794825612,0.0824660036795,0.0823373515676,0.0822086994558,0.0831735902945,0.0829806121267,0.0837525247977,0.0839455029654,0.0846530895805,0.0845244374686,0.0847817416923,0.08497471986,0.0847174156364,0.0854893283073,0.0858109585869,0.0865185452019,0.0859396106987,0.0865828712578,0.0862612409783,0.0861325888664,0.087161805761,0.0872904578729,0.0875477620965,0.0876764142083,0.0874191099847,0.0865828712578,0.0854893283073,0.0854250022514,0.085746632531,0.0860039367546,0.0870974797051,0.0866471973137,0.0874834360406,0.0873547839288,0.0878693923761,0.0883840008234,0.0878050663202,0.0876120881524,0.0878693923761,0.0874834360406,0.0872904578729,0.0874191099847,0.087226131817,0.0873547839288,0.0863898930901,0.0873547839288,0.087226131817,0.0878050663202,0.0887699571588,0.087933718432,0.0876120881524,0.0876120881524,0.0881910226556,0.0881910226556,0.0881266965997,0.0880623705438,0.0876120881524,0.087161805761,0.0874834360406,0.0879980444879,0.0883196747675,0.0883840008234,0.0883840008234,0.088641305047,0.0888342832148,0.0884483268793,0.0880623705438,0.0895418698298,0.0896705219416,0.0900564782771,0.0907640648921,0.0904424346126,0.0914716515072,0.0921792381222,0.0924365423458,0.0928224986813,0.0924365423458,0.0916646296749,0.0924365423458,0.0916646296749,0.0925008684018,0.0913429993953,0.0914073254512,0.0910856951717,0.0902494564448,0.0905067606685,0.0906354127803,0.0903781085567,0.0909570430599,0.0905710867244,0.0912143472835,0.0919862599545,0.0921149120663,0.0924365423458,0.093079802905,0.0935944113523,0.0939160416318,0.0941733458555,0.0946236282469,0.094494976135,0.0946879543028,0.0948809324705,0.095266888806,0.0948809324705,0.0941733458555,0.0951382366942,0.0950739106382,0.0955241930296,0.0948166064146,0.0946236282469,0.0945593021909,0.0948166064146,0.0948809324705,0.0950095845823,0.0943019979673,0.095266888806,0.0955241930296,0.0964890838683,0.0968107141479,0.0975826268188,0.0977756049866,0.0977112789306,0.0984831916016,0.0988048218812,0.0979042570984,0.0984188655457,0.0977112789306,0.0962317796447,0.0964247578124,0.0964247578124,0.0961674535888,0.0960388014769,0.095974475421,0.0955885190855,0.0957171711974,0.0960388014769,0.0960388014769,0.0964247578124,0.0957171711974,0.095266888806,0.0961674535888,0.0955885190855,0.0955241930296,0.0950095845823,0.0947522803587,0.0945593021909,0.0938517155759,0.0940446937436,0.0941733458555,0.0941090197996,0.0943663240232,0.0943663240232,0.0943663240232,0.0938517155759,0.0933371071286,0.0926295205136,0.0925008684018,0.0921792381222,0.0920505860104,0.0914073254512,0.0917932817867,0.0915359775631,0.0925651944577,0.0942376719114,0.0944306500791,0.0946236282469,0.0949452585264,0.0948809324705,0.0952025627501,0.095974475421,0.0961674535888,0.0961031275328,0.0970036923156,0.0971323444274,0.0979685831543,0.0993837563844,0.0992551042725,0.100091342999,0.0993837563844,0.0993194303284,0.100155669055,0.101506516229,